4378.0 2.871e-06
4379.0 2.896e-06
4380.0 2.92e-06
4381.0 2.944e-06
4382.0 2.981e-06
4383.0 3.022e-06
4384.0 3.063e-06
4385.0 3.104e-06
4386.0 3.146e-06
4387.0 3.187e-06
4388.0 3.228e-06
4389.0 3.269e-06
4390.0 3.31e-06
4391.0 3.351e-06
4392.0 3.392e-06
4393.0 3.433e-06
4394.0 3.475e-06
4395.0 3.516e-06
4396.0 3.557e-06
4397.0 3.598e-06
4398.0 3.639e-06
4399.0 3.681e-06
4400.0 3.722e-06
4401.0 3.763e-06
4402.0 3.802e-06
4403.0 3.839e-06
4404.0 3.877e-06
4405.0 3.915e-06
4406.0 3.952e-06
4407.0 3.99e-06
4408.0 4.028e-06
4409.0 4.066e-06
4410.0 4.103e-06
4411.0 4.141e-06
4412.0 4.179e-06
4413.0 4.217e-06
4414.0 4.255e-06
4415.0 4.292e-06
4416.0 4.33e-06
4417.0 4.368e-06
4418.0 4.406e-06
4419.0 4.444e-06
4420.0 4.482e-06
4421.0 4.52e-06
4422.0 4.552e-06
4423.0 4.581e-06
4424.0 4.611e-06
4425.0 4.641e-06
4426.0 4.671e-06
4427.0 4.7e-06
4428.0 4.73e-06
4429.0 4.76e-06
4430.0 4.79e-06
4431.0 4.819e-06
4432.0 4.849e-06
4433.0 4.878e-06
4434.0 4.908e-06
4435.0 4.938e-06
4436.0 4.967e-06
4437.0 4.997e-06
4438.0 5.026e-06
4439.0 5.056e-06
4440.0 5.086e-06
4441.0 5.115e-06
4442.0 5.17e-06
4443.0 5.232e-06
4444.0 5.294e-06
4445.0 5.356e-06
4446.0 5.419e-06
4447.0 5.481e-06
4448.0 5.543e-06
4449.0 5.605e-06
4450.0 5.668e-06
4451.0 5.73e-06
4452.0 5.793e-06
4453.0 5.855e-06
4454.0 5.917e-06
4455.0 5.98e-06
4456.0 6.042e-06
4457.0 6.105e-06
4458.0 6.167e-06
4459.0 6.23e-06
4460.0 6.292e-06
4461.0 6.355e-06
4462.0 6.519e-06
4463.0 6.717e-06
4464.0 6.915e-06
4465.0 7.112e-06
4466.0 7.31e-06
4467.0 7.508e-06
4468.0 7.707e-06
4469.0 7.905e-06
4470.0 8.103e-06
4471.0 8.301e-06
4472.0 8.499e-06
4473.0 8.697e-06
4474.0 8.895e-06
4475.0 9.093e-06
4476.0 9.291e-06
4477.0 9.489e-06
4478.0 9.687e-06
4479.0 9.885e-06
4480.0 1.008e-05
4481.0 1.028e-05
4482.0 1.046e-05
4483.0 1.063e-05
4484.0 1.08e-05
4485.0 1.096e-05
4486.0 1.113e-05
4487.0 1.13e-05
4488.0 1.147e-05
4489.0 1.164e-05
4490.0 1.181e-05
4491.0 1.198e-05
4492.0 1.215e-05
4493.0 1.231e-05
4494.0 1.248e-05
4495.0 1.265e-05
4496.0 1.282e-05
4497.0 1.299e-05
4498.0 1.316e-05
4499.0 1.333e-05
4500.0 1.35e-05
4501.0 1.367e-05
4502.0 1.38e-05
4503.0 1.391e-05
4504.0 1.403e-05
4505.0 1.414e-05
4506.0 1.426e-05
4507.0 1.438e-05
4508.0 1.449e-05
4509.0 1.461e-05
4510.0 1.472e-05
4511.0 1.484e-05
4512.0 1.496e-05
4513.0 1.508e-05
4514.0 1.519e-05
4515.0 1.531e-05
4516.0 1.543e-05
4517.0 1.555e-05
4518.0 1.566e-05
4519.0 1.578e-05
4520.0 1.59e-05
4521.0 1.601e-05
4522.0 1.586e-05
4523.0 1.561e-05
4524.0 1.536e-05
4525.0 1.512e-05
4526.0 1.487e-05
4527.0 1.462e-05
4528.0 1.437e-05
4529.0 1.412e-05
4530.0 1.387e-05
4531.0 1.362e-05
4532.0 1.483e-05
4533.0 1.659e-05
4534.0 1.835e-05
4535.0 2.01e-05
4536.0 2.186e-05
4537.0 2.362e-05
4538.0 2.538e-05
4539.0 2.714e-05
4540.0 2.89e-05
4541.0 3.065e-05
4542.0 3.192e-05
4543.0 3.3e-05
4544.0 3.408e-05
4545.0 3.516e-05
4546.0 3.624e-05
4547.0 3.733e-05
4548.0 3.841e-05
4549.0 3.949e-05
4550.0 4.057e-05
4551.0 4.165e-05
4552.0 4.164e-05
4553.0 4.121e-05
4554.0 4.078e-05
4555.0 4.035e-05
4556.0 3.992e-05
4557.0 3.949e-05
4558.0 3.907e-05
4559.0 3.864e-05
4560.0 3.821e-05
4561.0 3.778e-05
4562.0 3.762e-05
4563.0 3.756e-05
4564.0 3.751e-05
4565.0 3.745e-05
4566.0 3.739e-05
4567.0 3.734e-05
4568.0 3.728e-05
4569.0 3.722e-05
4570.0 3.717e-05
4571.0 3.711e-05
4572.0 3.932e-05
4573.0 4.241e-05
4574.0 4.551e-05
4575.0 4.861e-05
4576.0 5.17e-05
4577.0 5.48e-05
4578.0 5.79e-05
4579.0 6.1e-05
4580.0 6.41e-05
4581.0 6.719e-05
4582.0 7.109e-05
4583.0 7.53e-05
4584.0 7.95e-05
4585.0 8.371e-05
4586.0 8.792e-05
4587.0 9.213e-05
4588.0 9.634e-05
4589.0 0.0001006
4590.0 0.0001048
4591.0 0.000109
4592.0 0.0001107
4593.0 0.0001115
4594.0 0.0001123
4595.0 0.0001131
4596.0 0.0001139
4597.0 0.0001147
4598.0 0.0001154
4599.0 0.0001162
4600.0 0.000117
4601.0 0.0001178
4602.0 0.0001182
4603.0 0.0001184
4604.0 0.0001186
4605.0 0.0001189
4606.0 0.0001191
4607.0 0.0001193
4608.0 0.0001195
4609.0 0.0001198
4610.0 0.00012
4611.0 0.0001202
4612.0 0.0001211
4613.0 0.0001223
4614.0 0.0001235
4615.0 0.0001247
4616.0 0.0001259
4617.0 0.0001271
4618.0 0.0001283
4619.0 0.0001295
4620.0 0.0001307
4621.0 0.0001319
4622.0 0.0001354
4623.0 0.00014
4624.0 0.0001445
4625.0 0.0001491
4626.0 0.0001536
4627.0 0.0001581
4628.0 0.0001627
4629.0 0.0001672
4630.0 0.0001718
4631.0 0.0001763
4632.0 0.0001879
4633.0 0.0002025
4634.0 0.000217
4635.0 0.0002316
4636.0 0.0002462
4637.0 0.0002607
4638.0 0.0002753
4639.0 0.0002899
4640.0 0.0003045
4641.0 0.000319
4642.0 0.000343
4643.0 0.0003709
4644.0 0.0003988
4645.0 0.0004268
4646.0 0.0004547
4647.0 0.0004827
4648.0 0.0005106
4649.0 0.0005386
4650.0 0.0005665
4651.0 0.0005945
4652.0 0.0006195
4653.0 0.0006433
4654.0 0.0006671
4655.0 0.0006909
4656.0 0.0007147
4657.0 0.0007384
4658.0 0.0007622
4659.0 0.000786
4660.0 0.0008098
4661.0 0.0008336
4662.0 0.000854
4663.0 0.000873
4664.0 0.000892
4665.0 0.0009109
4666.0 0.0009299
4667.0 0.0009489
4668.0 0.0009678
4669.0 0.0009868
4670.0 0.001006
4671.0 0.001025
4672.0 0.001057
4673.0 0.001094
4674.0 0.001132
4675.0 0.001169
4676.0 0.001207
4677.0 0.001244
4678.0 0.001282
4679.0 0.001319
4680.0 0.001357
4681.0 0.001394
4682.0 0.001456
4683.0 0.001529
4684.0 0.001602
4685.0 0.001675
4686.0 0.001749
4687.0 0.001822
4688.0 0.001895
4689.0 0.001968
4690.0 0.002041
4691.0 0.002114
4692.0 0.002198
4693.0 0.002286
4694.0 0.002374
4695.0 0.002462
4696.0 0.00255
4697.0 0.002638
4698.0 0.002727
4699.0 0.002815
4700.0 0.002903
4701.0 0.002991
4702.0 0.003068
4703.0 0.00314
4704.0 0.003211
4705.0 0.003283
4706.0 0.003355
4707.0 0.003426
4708.0 0.003498
4709.0 0.00357
4710.0 0.003641
4711.0 0.003713
4712.0 0.003813
4713.0 0.003928
4714.0 0.004042
4715.0 0.004156
4716.0 0.00427
4717.0 0.004384
4718.0 0.004499
4719.0 0.004613
4720.0 0.004727
4721.0 0.004841
4722.0 0.005096
4723.0 0.005417
4724.0 0.005737
4725.0 0.006058
4726.0 0.006379
4727.0 0.0067
4728.0 0.007021
4729.0 0.007341
4730.0 0.007662
4731.0 0.007983
4732.0 0.008687
4733.0 0.009573
4734.0 0.01046
4735.0 0.01135
4736.0 0.01223
4737.0 0.01312
4738.0 0.01401
4739.0 0.01489
4740.0 0.01578
4741.0 0.01667
4742.0 0.01815
4743.0 0.01991
4744.0 0.02167
4745.0 0.02343
4746.0 0.02519
4747.0 0.02695
4748.0 0.02872
4749.0 0.03048
4750.0 0.03224
4751.0 0.034
4752.0 0.03565
4753.0 0.03723
4754.0 0.03881
4755.0 0.0404
4756.0 0.04198
4757.0 0.04356
4758.0 0.04515
4759.0 0.04673
4760.0 0.04831
4761.0 0.0499
4762.0 0.0511
4763.0 0.05211
4764.0 0.05312
4765.0 0.05413
4766.0 0.05514
4767.0 0.05615
4768.0 0.05716
4769.0 0.05817
4770.0 0.05918
4771.0 0.06019
4772.0 0.06208
4773.0 0.06442
4774.0 0.06676
4775.0 0.06909
4776.0 0.07143
4777.0 0.07376
4778.0 0.0761
4779.0 0.07844
4780.0 0.08078
4781.0 0.08311
4782.0 0.0874
4783.0 0.09268
4784.0 0.09795
4785.0 0.1032
4786.0 0.1085
4787.0 0.1138
4788.0 0.1191
4789.0 0.1243
4790.0 0.1296
4791.0 0.1349
4792.0 0.1416
4793.0 0.1489
4794.0 0.1563
4795.0 0.1636
4796.0 0.171
4797.0 0.1783
4798.0 0.1857
4799.0 0.193
4800.0 0.2004
4801.0 0.2077
4802.0 0.2135
4803.0 0.2185
4804.0 0.2234
4805.0 0.2284
4806.0 0.2334
4807.0 0.2383
4808.0 0.2433
4809.0 0.2482
4810.0 0.2532
4811.0 0.2582
4812.0 0.2611
4813.0 0.2628
4814.0 0.2646
4815.0 0.2664
4816.0 0.2681
4817.0 0.2699
4818.0 0.2717
4819.0 0.2734
4820.0 0.2752
4821.0 0.277
4822.0 0.2779
4823.0 0.2783
4824.0 0.2787
4825.0 0.2792
4826.0 0.2796
4827.0 0.28
4828.0 0.2805
4829.0 0.2809
4830.0 0.2814
4831.0 0.2818
4832.0 0.2817
4833.0 0.2813
4834.0 0.2809
4835.0 0.2805
4836.0 0.2802
4837.0 0.2798
4838.0 0.2794
4839.0 0.279
4840.0 0.2786
4841.0 0.2782
4842.0 0.2778
4843.0 0.2774
4844.0 0.277
4845.0 0.2766
4846.0 0.2762
4847.0 0.2758
4848.0 0.2754
4849.0 0.275
4850.0 0.2746
4851.0 0.2742
4852.0 0.2743
4853.0 0.2746
4854.0 0.275
4855.0 0.2753
4856.0 0.2757
4857.0 0.276
4858.0 0.2764
4859.0 0.2768
4860.0 0.2771
4861.0 0.2775
4862.0 0.278
4863.0 0.2786
4864.0 0.2793
4865.0 0.2799
4866.0 0.2806
4867.0 0.2812
4868.0 0.2818
4869.0 0.2825
4870.0 0.2831
4871.0 0.2837
4872.0 0.2838
4873.0 0.2837
4874.0 0.2835
4875.0 0.2833
4876.0 0.2831
4877.0 0.2829
4878.0 0.2827
4879.0 0.2825
4880.0 0.2824
4881.0 0.2822
4882.0 0.2815
4883.0 0.2806
4884.0 0.2796
4885.0 0.2787
4886.0 0.2777
4887.0 0.2768
4888.0 0.2759
4889.0 0.2749
4890.0 0.274
4891.0 0.2731
4892.0 0.2723
4893.0 0.2715
4894.0 0.2708
4895.0 0.27
4896.0 0.2693
4897.0 0.2685
4898.0 0.2678
4899.0 0.267
4900.0 0.2663
4901.0 0.2655
4902.0 0.2652
4903.0 0.2651
4904.0 0.265
4905.0 0.2649
4906.0 0.2648
4907.0 0.2648
4908.0 0.2647
4909.0 0.2646
4910.0 0.2645
4911.0 0.2644
4912.0 0.2647
4913.0 0.2651
4914.0 0.2655
4915.0 0.266
4916.0 0.2664
4917.0 0.2668
4918.0 0.2673
4919.0 0.2677
4920.0 0.2681
4921.0 0.2686
4922.0 0.2691
4923.0 0.2697
4924.0 0.2703
4925.0 0.2708
4926.0 0.2714
4927.0 0.272
4928.0 0.2726
4929.0 0.2732
4930.0 0.2738
4931.0 0.2744
4932.0 0.275
4933.0 0.2756
4934.0 0.2762
4935.0 0.2768
4936.0 0.2774
4937.0 0.278
4938.0 0.2787
4939.0 0.2793
4940.0 0.2799
4941.0 0.2805
4942.0 0.281
4943.0 0.2815
4944.0 0.2819
4945.0 0.2824
4946.0 0.2828
4947.0 0.2833
4948.0 0.2837
4949.0 0.2842
4950.0 0.2846
4951.0 0.2851
4952.0 0.2853
4953.0 0.2854
4954.0 0.2854
4955.0 0.2855
4956.0 0.2856
4957.0 0.2857
4958.0 0.2857
4959.0 0.2858
4960.0 0.2859
4961.0 0.286
4962.0 0.2857
4963.0 0.2854
4964.0 0.285
4965.0 0.2846
4966.0 0.2842
4967.0 0.2838
4968.0 0.2834
4969.0 0.2831
4970.0 0.2827
4971.0 0.2823
4972.0 0.2819
4973.0 0.2814
4974.0 0.2809
4975.0 0.2804
4976.0 0.28
4977.0 0.2795
4978.0 0.279
4979.0 0.2786
4980.0 0.2781
4981.0 0.2776
4982.0 0.2774
4983.0 0.2773
4984.0 0.2772
4985.0 0.2771
4986.0 0.2771
4987.0 0.277
4988.0 0.2769
4989.0 0.2768
4990.0 0.2767
4991.0 0.2767
4992.0 0.2769
4993.0 0.2773
4994.0 0.2778
4995.0 0.2782
4996.0 0.2787
4997.0 0.2791
4998.0 0.2796
4999.0 0.28
5000.0 0.2805
5001.0 0.2809
5002.0 0.2813
5003.0 0.2818
5004.0 0.2823
5005.0 0.2828
5006.0 0.2833
5007.0 0.2838
5008.0 0.2843
5009.0 0.2848
5010.0 0.2853
5011.0 0.2858
5012.0 0.286
5013.0 0.286
5014.0 0.2861
5015.0 0.2861
5016.0 0.2861
5017.0 0.2862
5018.0 0.2862
5019.0 0.2862
5020.0 0.2863
5021.0 0.2863
5022.0 0.2859
5023.0 0.2853
5024.0 0.2847
5025.0 0.284
5026.0 0.2834
5027.0 0.2828
5028.0 0.2822
5029.0 0.2815
5030.0 0.2809
5031.0 0.2803
5032.0 0.2795
5033.0 0.2785
5034.0 0.2776
5035.0 0.2767
5036.0 0.2758
5037.0 0.2749
5038.0 0.274
5039.0 0.2731
5040.0 0.2722
5041.0 0.2713
5042.0 0.2705
5043.0 0.2698
5044.0 0.2691
5045.0 0.2684
5046.0 0.2677
5047.0 0.267
5048.0 0.2663
5049.0 0.2656
5050.0 0.2649
5051.0 0.2642
5052.0 0.2638
5053.0 0.2636
5054.0 0.2634
5055.0 0.2632
5056.0 0.2629
5057.0 0.2627
5058.0 0.2625
5059.0 0.2623
5060.0 0.2621
5061.0 0.2619
5062.0 0.2619
5063.0 0.2621
5064.0 0.2623
5065.0 0.2626
5066.0 0.2628
5067.0 0.263
5068.0 0.2632
5069.0 0.2635
5070.0 0.2637
5071.0 0.2639
5072.0 0.2643
5073.0 0.2647
5074.0 0.2651
5075.0 0.2655
5076.0 0.266
5077.0 0.2664
5078.0 0.2668
5079.0 0.2673
5080.0 0.2677
5081.0 0.2681
5082.0 0.2685
5083.0 0.2689
5084.0 0.2694
5085.0 0.2698
5086.0 0.2702
5087.0 0.2706
5088.0 0.271
5089.0 0.2714
5090.0 0.2718
5091.0 0.2722
5092.0 0.2725
5093.0 0.2727
5094.0 0.2729
5095.0 0.2731
5096.0 0.2733
5097.0 0.2735
5098.0 0.2737
5099.0 0.2739
5100.0 0.2741
5101.0 0.2743
5102.0 0.2745
5103.0 0.2746
5104.0 0.2747
5105.0 0.2748
5106.0 0.2748
5107.0 0.2749
5108.0 0.275
5109.0 0.2751
5110.0 0.2752
5111.0 0.2753
5112.0 0.2754
5113.0 0.2755
5114.0 0.2756
5115.0 0.2758
5116.0 0.2759
5117.0 0.276
5118.0 0.2761
5119.0 0.2762
5120.0 0.2763
5121.0 0.2765
5122.0 0.2767
5123.0 0.277
5124.0 0.2772
5125.0 0.2775
5126.0 0.2778
5127.0 0.2781
5128.0 0.2784
5129.0 0.2786
5130.0 0.2789
5131.0 0.2792
5132.0 0.2796
5133.0 0.2799
5134.0 0.2803
5135.0 0.2806
5136.0 0.2809
5137.0 0.2813
5138.0 0.2816
5139.0 0.282
5140.0 0.2823
5141.0 0.2827
5142.0 0.2829
5143.0 0.283
5144.0 0.2831
5145.0 0.2832
5146.0 0.2833
5147.0 0.2834
5148.0 0.2835
5149.0 0.2836
5150.0 0.2837
5151.0 0.2838
5152.0 0.2836
5153.0 0.2833
5154.0 0.2829
5155.0 0.2826
5156.0 0.2822
5157.0 0.2819
5158.0 0.2816
5159.0 0.2812
5160.0 0.2809
5161.0 0.2805
5162.0 0.28
5163.0 0.2793
5164.0 0.2787
5165.0 0.278
5166.0 0.2773
5167.0 0.2766
5168.0 0.276
5169.0 0.2753
5170.0 0.2746
5171.0 0.2739
5172.0 0.2733
5173.0 0.2727
5174.0 0.2721
5175.0 0.2715
5176.0 0.2709
5177.0 0.2702
5178.0 0.2696
5179.0 0.269
5180.0 0.2684
5181.0 0.2678
5182.0 0.2674
5183.0 0.2672
5184.0 0.267
5185.0 0.2667
5186.0 0.2665
5187.0 0.2663
5188.0 0.2661
5189.0 0.2659
5190.0 0.2657
5191.0 0.2654
5192.0 0.2655
5193.0 0.2659
5194.0 0.2662
5195.0 0.2666
5196.0 0.2669
5197.0 0.2673
5198.0 0.2676
5199.0 0.2679
5200.0 0.2683
5201.0 0.2686
5202.0 0.2692
5203.0 0.2699
5204.0 0.2707
5205.0 0.2714
5206.0 0.2721
5207.0 0.2729
5208.0 0.2736
5209.0 0.2743
5210.0 0.2751
5211.0 0.2758
5212.0 0.2765
5213.0 0.2773
5214.0 0.2781
5215.0 0.2788
5216.0 0.2796
5217.0 0.2803
5218.0 0.2811
5219.0 0.2819
5220.0 0.2826
5221.0 0.2834
5222.0 0.284
5223.0 0.2844
5224.0 0.2848
5225.0 0.2853
5226.0 0.2857
5227.0 0.2861
5228.0 0.2866
5229.0 0.287
5230.0 0.2874
5231.0 0.2879
5232.0 0.2881
5233.0 0.2881
5234.0 0.2881
5235.0 0.2881
5236.0 0.2882
5237.0 0.2882
5238.0 0.2882
5239.0 0.2882
5240.0 0.2882
5241.0 0.2883
5242.0 0.2882
5243.0 0.2879
5244.0 0.2877
5245.0 0.2875
5246.0 0.2872
5247.0 0.287
5248.0 0.2868
5249.0 0.2865
5250.0 0.2863
5251.0 0.2861
5252.0 0.2858
5253.0 0.2856
5254.0 0.2853
5255.0 0.285
5256.0 0.2848
5257.0 0.2845
5258.0 0.2842
5259.0 0.284
5260.0 0.2837
5261.0 0.2834
5262.0 0.2832
5263.0 0.283
5264.0 0.2829
5265.0 0.2827
5266.0 0.2825
5267.0 0.2823
5268.0 0.2821
5269.0 0.282
5270.0 0.2818
5271.0 0.2816
5272.0 0.2814
5273.0 0.2813
5274.0 0.2812
5275.0 0.2811
5276.0 0.281
5277.0 0.2809
5278.0 0.2808
5279.0 0.2807
5280.0 0.2806
5281.0 0.2804
5282.0 0.2803
5283.0 0.2802
5284.0 0.2801
5285.0 0.28
5286.0 0.2799
5287.0 0.2798
5288.0 0.2797
5289.0 0.2796
5290.0 0.2795
5291.0 0.2794
5292.0 0.2793
5293.0 0.2791
5294.0 0.279
5295.0 0.2789
5296.0 0.2788
5297.0 0.2786
5298.0 0.2785
5299.0 0.2784
5300.0 0.2782
5301.0 0.2781
5302.0 0.278
5303.0 0.2779
5304.0 0.2778
5305.0 0.2777
5306.0 0.2776
5307.0 0.2775
5308.0 0.2774
5309.0 0.2774
5310.0 0.2773
5311.0 0.2772
5312.0 0.2771
5313.0 0.2771
5314.0 0.2771
5315.0 0.2771
5316.0 0.2771
5317.0 0.2771
5318.0 0.2771
5319.0 0.2771
5320.0 0.2771
5321.0 0.2771
5322.0 0.2772
5323.0 0.2774
5324.0 0.2776
5325.0 0.2777
5326.0 0.2779
5327.0 0.278
5328.0 0.2782
5329.0 0.2784
5330.0 0.2785
5331.0 0.2787
5332.0 0.2789
5333.0 0.2792
5334.0 0.2795
5335.0 0.2797
5336.0 0.28
5337.0 0.2803
5338.0 0.2805
5339.0 0.2808
5340.0 0.2811
5341.0 0.2813
5342.0 0.2816
5343.0 0.282
5344.0 0.2823
5345.0 0.2826
5346.0 0.2829
5347.0 0.2832
5348.0 0.2836
5349.0 0.2839
5350.0 0.2842
5351.0 0.2845
5352.0 0.2848
5353.0 0.2851
5354.0 0.2854
5355.0 0.2856
5356.0 0.2859
5357.0 0.2862
5358.0 0.2865
5359.0 0.2867
5360.0 0.287
5361.0 0.2873
5362.0 0.2875
5363.0 0.2876
5364.0 0.2878
5365.0 0.288
5366.0 0.2881
5367.0 0.2883
5368.0 0.2884
5369.0 0.2886
5370.0 0.2887
5371.0 0.2889
5372.0 0.289
5373.0 0.289
5374.0 0.2891
5375.0 0.2891
5376.0 0.2891
5377.0 0.2892
5378.0 0.2892
5379.0 0.2892
5380.0 0.2893
5381.0 0.2893
5382.0 0.2893
5383.0 0.2892
5384.0 0.2891
5385.0 0.289
5386.0 0.2889
5387.0 0.2888
5388.0 0.2887
5389.0 0.2886
5390.0 0.2885
5391.0 0.2884
5392.0 0.2883
5393.0 0.2881
5394.0 0.2879
5395.0 0.2878
5396.0 0.2876
5397.0 0.2874
5398.0 0.2872
5399.0 0.2871
5400.0 0.2869
5401.0 0.2867
5402.0 0.2865
5403.0 0.2863
5404.0 0.2861
5405.0 0.2859
5406.0 0.2857
5407.0 0.2854
5408.0 0.2852
5409.0 0.285
5410.0 0.2848
5411.0 0.2846
5412.0 0.2843
5413.0 0.2841
5414.0 0.2838
5415.0 0.2836
5416.0 0.2833
5417.0 0.2831
5418.0 0.2828
5419.0 0.2826
5420.0 0.2823
5421.0 0.282
5422.0 0.2818
5423.0 0.2815
5424.0 0.2813
5425.0 0.281
5426.0 0.2808
5427.0 0.2805
5428.0 0.2803
5429.0 0.28
5430.0 0.2798
5431.0 0.2795
5432.0 0.2793
5433.0 0.2791
5434.0 0.2789
5435.0 0.2787
5436.0 0.2785
5437.0 0.2783
5438.0 0.2781
5439.0 0.2778
5440.0 0.2776
5441.0 0.2774
5442.0 0.2773
5443.0 0.2771
5444.0 0.277
5445.0 0.2769
5446.0 0.2767
5447.0 0.2766
5448.0 0.2765
5449.0 0.2763
5450.0 0.2762
5451.0 0.2761
5452.0 0.276
5453.0 0.276
5454.0 0.276
5455.0 0.276
5456.0 0.2759
5457.0 0.2759
5458.0 0.2759
5459.0 0.2759
5460.0 0.2759
5461.0 0.2759
5462.0 0.2759
5463.0 0.276
5464.0 0.2762
5465.0 0.2763
5466.0 0.2764
5467.0 0.2765
5468.0 0.2767
5469.0 0.2768
5470.0 0.2769
5471.0 0.277
5472.0 0.2772
5473.0 0.2774
5474.0 0.2777
5475.0 0.2779
5476.0 0.2782
5477.0 0.2784
5478.0 0.2787
5479.0 0.2789
5480.0 0.2792
5481.0 0.2794
5482.0 0.2797
5483.0 0.28
5484.0 0.2804
5485.0 0.2807
5486.0 0.281
5487.0 0.2813
5488.0 0.2816
5489.0 0.2819
5490.0 0.2823
5491.0 0.2826
5492.0 0.2829
5493.0 0.2832
5494.0 0.2835
5495.0 0.2838
5496.0 0.2841
5497.0 0.2844
5498.0 0.2848
5499.0 0.2851
5500.0 0.2854
5501.0 0.2857
5502.0 0.286
5503.0 0.2862
5504.0 0.2864
5505.0 0.2866
5506.0 0.2868
5507.0 0.2871
5508.0 0.2873
5509.0 0.2875
5510.0 0.2877
5511.0 0.2879
5512.0 0.2881
5513.0 0.2881
5514.0 0.2882
5515.0 0.2883
5516.0 0.2883
5517.0 0.2884
5518.0 0.2884
5519.0 0.2885
5520.0 0.2886
5521.0 0.2886
5522.0 0.2886
5523.0 0.2885
5524.0 0.2884
5525.0 0.2883
5526.0 0.2881
5527.0 0.288
5528.0 0.2879
5529.0 0.2878
5530.0 0.2877
5531.0 0.2876
5532.0 0.2874
5533.0 0.2871
5534.0 0.2869
5535.0 0.2866
5536.0 0.2864
5537.0 0.2861
5538.0 0.2859
5539.0 0.2856
5540.0 0.2854
5541.0 0.2851
5542.0 0.2848
5543.0 0.2845
5544.0 0.2842
5545.0 0.2839
5546.0 0.2835
5547.0 0.2832
5548.0 0.2829
5549.0 0.2826
5550.0 0.2823
5551.0 0.2819
5552.0 0.2816
5553.0 0.2813
5554.0 0.281
5555.0 0.2806
5556.0 0.2803
5557.0 0.2799
5558.0 0.2796
5559.0 0.2793
5560.0 0.2789
5561.0 0.2786
5562.0 0.2783
5563.0 0.278
5564.0 0.2777
5565.0 0.2774
5566.0 0.2771
5567.0 0.2768
5568.0 0.2765
5569.0 0.2763
5570.0 0.276
5571.0 0.2756
5572.0 0.2754
5573.0 0.2751
5574.0 0.2749
5575.0 0.2747
5576.0 0.2745
5577.0 0.2742
5578.0 0.274
5579.0 0.2738
5580.0 0.2736
5581.0 0.2734
5582.0 0.2732
5583.0 0.2731
5584.0 0.273
5585.0 0.2729
5586.0 0.2728
5587.0 0.2728
5588.0 0.2727
5589.0 0.2726
5590.0 0.2725
5591.0 0.2724
5592.0 0.2724
5593.0 0.2724
5594.0 0.2725
5595.0 0.2725
5596.0 0.2726
5597.0 0.2726
5598.0 0.2727
5599.0 0.2727
5600.0 0.2728
5601.0 0.2728
5602.0 0.273
5603.0 0.2731
5604.0 0.2733
5605.0 0.2735
5606.0 0.2737
5607.0 0.2739
5608.0 0.2741
5609.0 0.2743
5610.0 0.2745
5611.0 0.2747
5612.0 0.2749
5613.0 0.2752
5614.0 0.2755
5615.0 0.2758
5616.0 0.2761
5617.0 0.2764
5618.0 0.2767
5619.0 0.277
5620.0 0.2773
5621.0 0.2776
5622.0 0.2779
5623.0 0.2783
5624.0 0.2786
5625.0 0.279
5626.0 0.2793
5627.0 0.2797
5628.0 0.28
5629.0 0.2804
5630.0 0.2807
5631.0 0.2811
5632.0 0.2814
5633.0 0.2817
5634.0 0.282
5635.0 0.2823
5636.0 0.2826
5637.0 0.2829
5638.0 0.2832
5639.0 0.2835
5640.0 0.2839
5641.0 0.2842
5642.0 0.2844
5643.0 0.2846
5644.0 0.2848
5645.0 0.285
5646.0 0.2851
5647.0 0.2853
5648.0 0.2855
5649.0 0.2857
5650.0 0.2859
5651.0 0.2861
5652.0 0.2862
5653.0 0.2862
5654.0 0.2862
5655.0 0.2862
5656.0 0.2862
5657.0 0.2862
5658.0 0.2862
5659.0 0.2863
5660.0 0.2863
5661.0 0.2863
5662.0 0.2862
5663.0 0.2861
5664.0 0.2859
5665.0 0.2858
5666.0 0.2857
5667.0 0.2855
5668.0 0.2854
5669.0 0.2853
5670.0 0.2851
5671.0 0.285
5672.0 0.2848
5673.0 0.2845
5674.0 0.2843
5675.0 0.284
5676.0 0.2838
5677.0 0.2835
5678.0 0.2833
5679.0 0.283
5680.0 0.2828
5681.0 0.2825
5682.0 0.2823
5683.0 0.282
5684.0 0.2817
5685.0 0.2814
5686.0 0.2812
5687.0 0.2809
5688.0 0.2806
5689.0 0.2804
5690.0 0.2801
5691.0 0.2798
5692.0 0.2796
5693.0 0.2793
5694.0 0.2791
5695.0 0.2788
5696.0 0.2786
5697.0 0.2784
5698.0 0.2781
5699.0 0.2779
5700.0 0.2777
5701.0 0.2774
5702.0 0.2772
5703.0 0.2771
5704.0 0.2769
5705.0 0.2767
5706.0 0.2766
5707.0 0.2764
5708.0 0.2762
5709.0 0.276
5710.0 0.2759
5711.0 0.2757
5712.0 0.2756
5713.0 0.2755
5714.0 0.2754
5715.0 0.2753
5716.0 0.2752
5717.0 0.2751
5718.0 0.2749
5719.0 0.2748
5720.0 0.2747
5721.0 0.2746
5722.0 0.2745
5723.0 0.2744
5724.0 0.2743
5725.0 0.2742
5726.0 0.2741
5727.0 0.274
5728.0 0.274
5729.0 0.2739
5730.0 0.2738
5731.0 0.2737
5732.0 0.2736
5733.0 0.2736
5734.0 0.2736
5735.0 0.2735
5736.0 0.2735
5737.0 0.2735
5738.0 0.2734
5739.0 0.2734
5740.0 0.2734
5741.0 0.2733
5742.0 0.2733
5743.0 0.2733
5744.0 0.2733
5745.0 0.2733
5746.0 0.2733
5747.0 0.2733
5748.0 0.2733
5749.0 0.2733
5750.0 0.2732
5751.0 0.2732
5752.0 0.2732
5753.0 0.2733
5754.0 0.2733
5755.0 0.2734
5756.0 0.2734
5757.0 0.2734
5758.0 0.2735
5759.0 0.2735
5760.0 0.2735
5761.0 0.2736
5762.0 0.2736
5763.0 0.2737
5764.0 0.2738
5765.0 0.274
5766.0 0.2741
5767.0 0.2742
5768.0 0.2743
5769.0 0.2744
5770.0 0.2745
5771.0 0.2746
5772.0 0.2747
5773.0 0.2749
5774.0 0.2751
5775.0 0.2753
5776.0 0.2755
5777.0 0.2757
5778.0 0.2759
5779.0 0.2761
5780.0 0.2763
5781.0 0.2765
5782.0 0.2767
5783.0 0.277
5784.0 0.2772
5785.0 0.2775
5786.0 0.2778
5787.0 0.278
5788.0 0.2783
5789.0 0.2786
5790.0 0.2788
5791.0 0.2791
5792.0 0.2793
5793.0 0.2796
5794.0 0.2799
5795.0 0.2802
5796.0 0.2804
5797.0 0.2807
5798.0 0.281
5799.0 0.2813
5800.0 0.2815
5801.0 0.2818
5802.0 0.2821
5803.0 0.2823
5804.0 0.2825
5805.0 0.2827
5806.0 0.2829
5807.0 0.2831
5808.0 0.2833
5809.0 0.2835
5810.0 0.2837
5811.0 0.2839
5812.0 0.2841
5813.0 0.2841
5814.0 0.2842
5815.0 0.2842
5816.0 0.2843
5817.0 0.2843
5818.0 0.2844
5819.0 0.2845
5820.0 0.2845
5821.0 0.2846
5822.0 0.2845
5823.0 0.2844
5824.0 0.2842
5825.0 0.284
5826.0 0.2839
5827.0 0.2837
5828.0 0.2836
5829.0 0.2834
5830.0 0.2833
5831.0 0.2831
5832.0 0.2829
5833.0 0.2826
5834.0 0.2823
5835.0 0.282
5836.0 0.2817
5837.0 0.2814
5838.0 0.2811
5839.0 0.2808
5840.0 0.2805
5841.0 0.2802
5842.0 0.2799
5843.0 0.2795
5844.0 0.2791
5845.0 0.2787
5846.0 0.2784
5847.0 0.278
5848.0 0.2776
5849.0 0.2772
5850.0 0.2768
5851.0 0.2764
5852.0 0.276
5853.0 0.2757
5854.0 0.2753
5855.0 0.2749
5856.0 0.2746
5857.0 0.2742
5858.0 0.2738
5859.0 0.2734
5860.0 0.2731
5861.0 0.2727
5862.0 0.2724
5863.0 0.2721
5864.0 0.2718
5865.0 0.2715
5866.0 0.2712
5867.0 0.271
5868.0 0.2707
5869.0 0.2704
5870.0 0.2701
5871.0 0.2698
5872.0 0.2696
5873.0 0.2695
5874.0 0.2693
5875.0 0.2692
5876.0 0.2691
5877.0 0.2689
5878.0 0.2688
5879.0 0.2686
5880.0 0.2685
5881.0 0.2684
5882.0 0.2683
5883.0 0.2683
5884.0 0.2683
5885.0 0.2683
5886.0 0.2683
5887.0 0.2683
5888.0 0.2683
5889.0 0.2683
5890.0 0.2684
5891.0 0.2684
5892.0 0.2684
5893.0 0.2685
5894.0 0.2686
5895.0 0.2687
5896.0 0.2689
5897.0 0.269
5898.0 0.2691
5899.0 0.2692
5900.0 0.2693
5901.0 0.2694
5902.0 0.2695
5903.0 0.2696
5904.0 0.2698
5905.0 0.2699
5906.0 0.2701
5907.0 0.2703
5908.0 0.2704
5909.0 0.2706
5910.0 0.2707
5911.0 0.2709
5912.0 0.2711
5913.0 0.2713
5914.0 0.2715
5915.0 0.2717
5916.0 0.2719
5917.0 0.2721
5918.0 0.2723
5919.0 0.2725
5920.0 0.2727
5921.0 0.2729
5922.0 0.2731
5923.0 0.2732
5924.0 0.2734
5925.0 0.2736
5926.0 0.2738
5927.0 0.274
5928.0 0.2741
5929.0 0.2743
5930.0 0.2745
5931.0 0.2747
5932.0 0.2749
5933.0 0.275
5934.0 0.2752
5935.0 0.2753
5936.0 0.2755
5937.0 0.2757
5938.0 0.2758
5939.0 0.276
5940.0 0.2762
5941.0 0.2763
5942.0 0.2765
5943.0 0.2766
5944.0 0.2768
5945.0 0.2769
5946.0 0.2771
5947.0 0.2772
5948.0 0.2773
5949.0 0.2775
5950.0 0.2776
5951.0 0.2778
5952.0 0.2779
5953.0 0.2781
5954.0 0.2782
5955.0 0.2783
5956.0 0.2785
5957.0 0.2786
5958.0 0.2787
5959.0 0.2789
5960.0 0.279
5961.0 0.2791
5962.0 0.2793
5963.0 0.2794
5964.0 0.2795
5965.0 0.2797
5966.0 0.2798
5967.0 0.2799
5968.0 0.2801
5969.0 0.2802
5970.0 0.2803
5971.0 0.2805
5972.0 0.2806
5973.0 0.2806
5974.0 0.2807
5975.0 0.2808
5976.0 0.2809
5977.0 0.281
5978.0 0.2811
5979.0 0.2812
5980.0 0.2812
5981.0 0.2814
5982.0 0.2814
5983.0 0.2815
5984.0 0.2815
5985.0 0.2816
5986.0 0.2817
5987.0 0.2817
5988.0 0.2818
5989.0 0.2818
5990.0 0.2819
5991.0 0.2819
5992.0 0.2819
5993.0 0.2819
5994.0 0.2819
5995.0 0.2818
5996.0 0.2818
5997.0 0.2818
5998.0 0.2818
5999.0 0.2817
6000.0 0.2817
6001.0 0.2817
6002.0 0.2816
6003.0 0.2815
6004.0 0.2814
6005.0 0.2813
6006.0 0.2812
6007.0 0.2811
6008.0 0.281
6009.0 0.2808
6010.0 0.2807
6011.0 0.2806
6012.0 0.2805
6013.0 0.2803
6014.0 0.28
6015.0 0.2798
6016.0 0.2796
6017.0 0.2794
6018.0 0.2791
6019.0 0.2789
6020.0 0.2787
6021.0 0.2785
6022.0 0.2782
6023.0 0.278
6024.0 0.2777
6025.0 0.2774
6026.0 0.2771
6027.0 0.2768
6028.0 0.2765
6029.0 0.2762
6030.0 0.2759
6031.0 0.2756
6032.0 0.2753
6033.0 0.275
6034.0 0.2747
6035.0 0.2743
6036.0 0.274
6037.0 0.2737
6038.0 0.2734
6039.0 0.2731
6040.0 0.2728
6041.0 0.2725
6042.0 0.2722
6043.0 0.272
6044.0 0.2718
6045.0 0.2715
6046.0 0.2713
6047.0 0.2711
6048.0 0.2709
6049.0 0.2706
6050.0 0.2704
6051.0 0.2702
6052.0 0.27
6053.0 0.2699
6054.0 0.2698
6055.0 0.2696
6056.0 0.2695
6057.0 0.2694
6058.0 0.2693
6059.0 0.2692
6060.0 0.2691
6061.0 0.2689
6062.0 0.2689
6063.0 0.2689
6064.0 0.2689
6065.0 0.2689
6066.0 0.269
6067.0 0.269
6068.0 0.269
6069.0 0.2691
6070.0 0.2691
6071.0 0.2691
6072.0 0.2692
6073.0 0.2693
6074.0 0.2695
6075.0 0.2696
6076.0 0.2697
6077.0 0.2699
6078.0 0.27
6079.0 0.2702
6080.0 0.2703
6081.0 0.2705
6082.0 0.2706
6083.0 0.2709
6084.0 0.2711
6085.0 0.2713
6086.0 0.2715
6087.0 0.2717
6088.0 0.2719
6089.0 0.2721
6090.0 0.2724
6091.0 0.2726
6092.0 0.2727
6093.0 0.2729
6094.0 0.2731
6095.0 0.2733
6096.0 0.2735
6097.0 0.2737
6098.0 0.2739
6099.0 0.2741
6100.0 0.2743
6101.0 0.2745
6102.0 0.2747
6103.0 0.2748
6104.0 0.275
6105.0 0.2751
6106.0 0.2753
6107.0 0.2754
6108.0 0.2756
6109.0 0.2757
6110.0 0.2759
6111.0 0.276
6112.0 0.2762
6113.0 0.2762
6114.0 0.2763
6115.0 0.2764
6116.0 0.2764
6117.0 0.2765
6118.0 0.2766
6119.0 0.2766
6120.0 0.2767
6121.0 0.2768
6122.0 0.2768
6123.0 0.2768
6124.0 0.2768
6125.0 0.2769
6126.0 0.2769
6127.0 0.2769
6128.0 0.2769
6129.0 0.2769
6130.0 0.2769
6131.0 0.2769
6132.0 0.2769
6133.0 0.2769
6134.0 0.2769
6135.0 0.2769
6136.0 0.2769
6137.0 0.2769
6138.0 0.2769
6139.0 0.2769
6140.0 0.2769
6141.0 0.2769
6142.0 0.2769
6143.0 0.277
6144.0 0.277
6145.0 0.2771
6146.0 0.2771
6147.0 0.2772
6148.0 0.2772
6149.0 0.2772
6150.0 0.2773
6151.0 0.2773
6152.0 0.2774
6153.0 0.2775
6154.0 0.2776
6155.0 0.2776
6156.0 0.2777
6157.0 0.2778
6158.0 0.2779
6159.0 0.278
6160.0 0.2781
6161.0 0.2782
6162.0 0.2784
6163.0 0.2785
6164.0 0.2787
6165.0 0.2789
6166.0 0.2791
6167.0 0.2792
6168.0 0.2794
6169.0 0.2796
6170.0 0.2797
6171.0 0.2799
6172.0 0.2801
6173.0 0.2803
6174.0 0.2804
6175.0 0.2806
6176.0 0.2808
6177.0 0.281
6178.0 0.2811
6179.0 0.2813
6180.0 0.2815
6181.0 0.2817
6182.0 0.2818
6183.0 0.2819
6184.0 0.282
6185.0 0.282
6186.0 0.2821
6187.0 0.2822
6188.0 0.2822
6189.0 0.2823
6190.0 0.2824
6191.0 0.2825
6192.0 0.2825
6193.0 0.2824
6194.0 0.2823
6195.0 0.2822
6196.0 0.2821
6197.0 0.2821
6198.0 0.282
6199.0 0.2819
6200.0 0.2818
6201.0 0.2817
6202.0 0.2815
6203.0 0.2812
6204.0 0.2809
6205.0 0.2806
6206.0 0.2803
6207.0 0.28
6208.0 0.2797
6209.0 0.2794
6210.0 0.2791
6211.0 0.2788
6212.0 0.2785
6213.0 0.2781
6214.0 0.2777
6215.0 0.2772
6216.0 0.2768
6217.0 0.2764
6218.0 0.276
6219.0 0.2756
6220.0 0.2752
6221.0 0.2747
6222.0 0.2743
6223.0 0.2738
6224.0 0.2734
6225.0 0.2729
6226.0 0.2725
6227.0 0.272
6228.0 0.2716
6229.0 0.2711
6230.0 0.2706
6231.0 0.2702
6232.0 0.2698
6233.0 0.2694
6234.0 0.269
6235.0 0.2686
6236.0 0.2683
6237.0 0.2679
6238.0 0.2675
6239.0 0.2671
6240.0 0.2668
6241.0 0.2664
6242.0 0.266
6243.0 0.2658
6244.0 0.2655
6245.0 0.2653
6246.0 0.265
6247.0 0.2647
6248.0 0.2645
6249.0 0.2642
6250.0 0.264
6251.0 0.2637
6252.0 0.2636
6253.0 0.2635
6254.0 0.2635
6255.0 0.2635
6256.0 0.2635
6257.0 0.2634
6258.0 0.2634
6259.0 0.2634
6260.0 0.2634
6261.0 0.2633
6262.0 0.2634
6263.0 0.2635
6264.0 0.2637
6265.0 0.2639
6266.0 0.2641
6267.0 0.2643
6268.0 0.2644
6269.0 0.2646
6270.0 0.2648
6271.0 0.265
6272.0 0.2652
6273.0 0.2655
6274.0 0.2659
6275.0 0.2662
6276.0 0.2665
6277.0 0.2668
6278.0 0.2672
6279.0 0.2675
6280.0 0.2678
6281.0 0.2682
6282.0 0.2685
6283.0 0.2689
6284.0 0.2693
6285.0 0.2697
6286.0 0.2701
6287.0 0.2706
6288.0 0.271
6289.0 0.2714
6290.0 0.2718
6291.0 0.2722
6292.0 0.2726
6293.0 0.2729
6294.0 0.2733
6295.0 0.2737
6296.0 0.274
6297.0 0.2744
6298.0 0.2748
6299.0 0.2752
6300.0 0.2755
6301.0 0.2759
6302.0 0.2763
6303.0 0.2766
6304.0 0.2769
6305.0 0.2773
6306.0 0.2776
6307.0 0.2779
6308.0 0.2783
6309.0 0.2786
6310.0 0.2789
6311.0 0.2792
6312.0 0.2795
6313.0 0.2797
6314.0 0.2799
6315.0 0.2801
6316.0 0.2803
6317.0 0.2805
6318.0 0.2807
6319.0 0.2809
6320.0 0.2811
6321.0 0.2813
6322.0 0.2815
6323.0 0.2816
6324.0 0.2817
6325.0 0.2818
6326.0 0.2818
6327.0 0.2819
6328.0 0.282
6329.0 0.2821
6330.0 0.2822
6331.0 0.2823
6332.0 0.2823
6333.0 0.2823
6334.0 0.2823
6335.0 0.2823
6336.0 0.2822
6337.0 0.2822
6338.0 0.2822
6339.0 0.2822
6340.0 0.2822
6341.0 0.2822
6342.0 0.2822
6343.0 0.2822
6344.0 0.2822
6345.0 0.2821
6346.0 0.2821
6347.0 0.2821
6348.0 0.2821
6349.0 0.2821
6350.0 0.2821
6351.0 0.2821
6352.0 0.2821
6353.0 0.2821
6354.0 0.2821
6355.0 0.2821
6356.0 0.2822
6357.0 0.2822
6358.0 0.2822
6359.0 0.2822
6360.0 0.2822
6361.0 0.2822
6362.0 0.2823
6363.0 0.2823
6364.0 0.2823
6365.0 0.2824
6366.0 0.2824
6367.0 0.2825
6368.0 0.2825
6369.0 0.2825
6370.0 0.2826
6371.0 0.2826
6372.0 0.2826
6373.0 0.2826
6374.0 0.2827
6375.0 0.2827
6376.0 0.2827
6377.0 0.2828
6378.0 0.2828
6379.0 0.2828
6380.0 0.2828
6381.0 0.2829
6382.0 0.2829
6383.0 0.283
6384.0 0.283
6385.0 0.283
6386.0 0.2831
6387.0 0.2831
6388.0 0.2831
6389.0 0.2832
6390.0 0.2832
6391.0 0.2832
6392.0 0.2832
6393.0 0.2832
6394.0 0.2831
6395.0 0.283
6396.0 0.283
6397.0 0.2829
6398.0 0.2828
6399.0 0.2828
6400.0 0.2827
6401.0 0.2826
6402.0 0.2825
6403.0 0.2824
6404.0 0.2822
6405.0 0.282
6406.0 0.2818
6407.0 0.2816
6408.0 0.2814
6409.0 0.2813
6410.0 0.2811
6411.0 0.2809
6412.0 0.2806
6413.0 0.2803
6414.0 0.28
6415.0 0.2797
6416.0 0.2793
6417.0 0.279
6418.0 0.2787
6419.0 0.2784
6420.0 0.2781
6421.0 0.2778
6422.0 0.2774
6423.0 0.2771
6424.0 0.2767
6425.0 0.2763
6426.0 0.2759
6427.0 0.2756
6428.0 0.2752
6429.0 0.2748
6430.0 0.2744
6431.0 0.2741
6432.0 0.2737
6433.0 0.2733
6434.0 0.2729
6435.0 0.2725
6436.0 0.2722
6437.0 0.2718
6438.0 0.2714
6439.0 0.271
6440.0 0.2707
6441.0 0.2703
6442.0 0.2699
6443.0 0.2696
6444.0 0.2693
6445.0 0.269
6446.0 0.2687
6447.0 0.2684
6448.0 0.2681
6449.0 0.2678
6450.0 0.2675
6451.0 0.2672
6452.0 0.2669
6453.0 0.2667
6454.0 0.2665
6455.0 0.2664
6456.0 0.2662
6457.0 0.266
6458.0 0.2658
6459.0 0.2656
6460.0 0.2654
6461.0 0.2653
6462.0 0.2652
6463.0 0.2652
6464.0 0.2652
6465.0 0.2652
6466.0 0.2653
6467.0 0.2653
6468.0 0.2653
6469.0 0.2654
6470.0 0.2654
6471.0 0.2654
6472.0 0.2655
6473.0 0.2657
6474.0 0.2659
6475.0 0.2661
6476.0 0.2663
6477.0 0.2665
6478.0 0.2666
6479.0 0.2668
6480.0 0.267
6481.0 0.2672
6482.0 0.2674
6483.0 0.2677
6484.0 0.268
6485.0 0.2683
6486.0 0.2686
6487.0 0.2689
6488.0 0.2692
6489.0 0.2695
6490.0 0.2698
6491.0 0.2701
6492.0 0.2704
6493.0 0.2707
6494.0 0.271
6495.0 0.2714
6496.0 0.2717
6497.0 0.272
6498.0 0.2724
6499.0 0.2727
6500.0 0.273
6501.0 0.2733
6502.0 0.2736
6503.0 0.2739
6504.0 0.2742
6505.0 0.2745
6506.0 0.2748
6507.0 0.2751
6508.0 0.2754
6509.0 0.2757
6510.0 0.276
6511.0 0.2763
6512.0 0.2765
6513.0 0.2768
6514.0 0.277
6515.0 0.2772
6516.0 0.2774
6517.0 0.2776
6518.0 0.2778
6519.0 0.278
6520.0 0.2782
6521.0 0.2784
6522.0 0.2785
6523.0 0.2786
6524.0 0.2787
6525.0 0.2788
6526.0 0.2789
6527.0 0.279
6528.0 0.2791
6529.0 0.2792
6530.0 0.2793
6531.0 0.2794
6532.0 0.2795
6533.0 0.2796
6534.0 0.2796
6535.0 0.2796
6536.0 0.2797
6537.0 0.2797
6538.0 0.2798
6539.0 0.2798
6540.0 0.2798
6541.0 0.2799
6542.0 0.2799
6543.0 0.2799
6544.0 0.2799
6545.0 0.2798
6546.0 0.2798
6547.0 0.2798
6548.0 0.2798
6549.0 0.2798
6550.0 0.2797
6551.0 0.2797
6552.0 0.2797
6553.0 0.2796
6554.0 0.2796
6555.0 0.2795
6556.0 0.2795
6557.0 0.2794
6558.0 0.2794
6559.0 0.2793
6560.0 0.2793
6561.0 0.2792
6562.0 0.2791
6563.0 0.2791
6564.0 0.279
6565.0 0.2789
6566.0 0.2788
6567.0 0.2787
6568.0 0.2786
6569.0 0.2786
6570.0 0.2785
6571.0 0.2784
6572.0 0.2783
6573.0 0.2783
6574.0 0.2782
6575.0 0.2782
6576.0 0.2781
6577.0 0.278
6578.0 0.278
6579.0 0.2779
6580.0 0.2778
6581.0 0.2778
6582.0 0.2777
6583.0 0.2776
6584.0 0.2775
6585.0 0.2774
6586.0 0.2773
6587.0 0.2772
6588.0 0.2771
6589.0 0.2771
6590.0 0.277
6591.0 0.2768
6592.0 0.2767
6593.0 0.2766
6594.0 0.2764
6595.0 0.2763
6596.0 0.2762
6597.0 0.276
6598.0 0.2759
6599.0 0.2757
6600.0 0.2756
6601.0 0.2755
6602.0 0.2754
6603.0 0.2752
6604.0 0.2751
6605.0 0.2749
6606.0 0.2748
6607.0 0.2746
6608.0 0.2745
6609.0 0.2743
6610.0 0.2742
6611.0 0.2741
6612.0 0.2739
6613.0 0.2738
6614.0 0.2736
6615.0 0.2735
6616.0 0.2733
6617.0 0.2731
6618.0 0.273
6619.0 0.2728
6620.0 0.2727
6621.0 0.2725
6622.0 0.2724
6623.0 0.2723
6624.0 0.2721
6625.0 0.272
6626.0 0.2719
6627.0 0.2717
6628.0 0.2716
6629.0 0.2714
6630.0 0.2713
6631.0 0.2711
6632.0 0.271
6633.0 0.2708
6634.0 0.2707
6635.0 0.2706
6636.0 0.2704
6637.0 0.2703
6638.0 0.2702
6639.0 0.27
6640.0 0.2699
6641.0 0.2698
6642.0 0.2697
6643.0 0.2696
6644.0 0.2695
6645.0 0.2694
6646.0 0.2694
6647.0 0.2693
6648.0 0.2692
6649.0 0.2691
6650.0 0.2691
6651.0 0.269
6652.0 0.2689
6653.0 0.2689
6654.0 0.2688
6655.0 0.2687
6656.0 0.2687
6657.0 0.2686
6658.0 0.2685
6659.0 0.2685
6660.0 0.2684
6661.0 0.2683
6662.0 0.2683
6663.0 0.2681
6664.0 0.268
6665.0 0.2679
6666.0 0.2678
6667.0 0.2677
6668.0 0.2676
6669.0 0.2675
6670.0 0.2674
6671.0 0.2673
6672.0 0.2672
6673.0 0.267
6674.0 0.2669
6675.0 0.2667
6676.0 0.2666
6677.0 0.2664
6678.0 0.2663
6679.0 0.2661
6680.0 0.266
6681.0 0.2658
6682.0 0.2657
6683.0 0.2655
6684.0 0.2653
6685.0 0.2652
6686.0 0.265
6687.0 0.2648
6688.0 0.2646
6689.0 0.2645
6690.0 0.2643
6691.0 0.2641
6692.0 0.2639
6693.0 0.2637
6694.0 0.2634
6695.0 0.2632
6696.0 0.263
6697.0 0.2627
6698.0 0.2625
6699.0 0.2623
6700.0 0.262
6701.0 0.2618
6702.0 0.2616
6703.0 0.2614
6704.0 0.2612
6705.0 0.2611
6706.0 0.2609
6707.0 0.2607
6708.0 0.2605
6709.0 0.2603
6710.0 0.2601
6711.0 0.2599
6712.0 0.2598
6713.0 0.2596
6714.0 0.2595
6715.0 0.2593
6716.0 0.2592
6717.0 0.2591
6718.0 0.2589
6719.0 0.2588
6720.0 0.2587
6721.0 0.2585
6722.0 0.2584
6723.0 0.2583
6724.0 0.2582
6725.0 0.2582
6726.0 0.2581
6727.0 0.258
6728.0 0.2579
6729.0 0.2579
6730.0 0.2578
6731.0 0.2578
6732.0 0.2577
6733.0 0.2578
6734.0 0.2578
6735.0 0.2579
6736.0 0.2579
6737.0 0.258
6738.0 0.258
6739.0 0.2581
6740.0 0.2581
6741.0 0.2582
6742.0 0.2582
6743.0 0.2583
6744.0 0.2584
6745.0 0.2586
6746.0 0.2587
6747.0 0.2588
6748.0 0.2589
6749.0 0.259
6750.0 0.2592
6751.0 0.2593
6752.0 0.2594
6753.0 0.2595
6754.0 0.2596
6755.0 0.2598
6756.0 0.2599
6757.0 0.26
6758.0 0.2602
6759.0 0.2603
6760.0 0.2604
6761.0 0.2606
6762.0 0.2608
6763.0 0.2609
6764.0 0.261
6765.0 0.2612
6766.0 0.2613
6767.0 0.2614
6768.0 0.2616
6769.0 0.2617
6770.0 0.2619
6771.0 0.262
6772.0 0.2621
6773.0 0.2622
6774.0 0.2623
6775.0 0.2624
6776.0 0.2625
6777.0 0.2626
6778.0 0.2627
6779.0 0.2628
6780.0 0.2629
6781.0 0.263
6782.0 0.2631
6783.0 0.2631
6784.0 0.2631
6785.0 0.2631
6786.0 0.2631
6787.0 0.2631
6788.0 0.2632
6789.0 0.2632
6790.0 0.2632
6791.0 0.2632
6792.0 0.2633
6793.0 0.2632
6794.0 0.2632
6795.0 0.2632
6796.0 0.2632
6797.0 0.2632
6798.0 0.2632
6799.0 0.2632
6800.0 0.2632
6801.0 0.2632
6802.0 0.2632
6803.0 0.2631
6804.0 0.2631
6805.0 0.2631
6806.0 0.263
6807.0 0.263
6808.0 0.2629
6809.0 0.2629
6810.0 0.2629
6811.0 0.2628
6812.0 0.2627
6813.0 0.2627
6814.0 0.2626
6815.0 0.2625
6816.0 0.2624
6817.0 0.2623
6818.0 0.2623
6819.0 0.2622
6820.0 0.2621
6821.0 0.2621
6822.0 0.262
6823.0 0.2619
6824.0 0.2619
6825.0 0.2618
6826.0 0.2618
6827.0 0.2617
6828.0 0.2616
6829.0 0.2616
6830.0 0.2615
6831.0 0.2615
6832.0 0.2614
6833.0 0.2613
6834.0 0.2613
6835.0 0.2612
6836.0 0.2611
6837.0 0.261
6838.0 0.261
6839.0 0.2609
6840.0 0.2608
6841.0 0.2607
6842.0 0.2606
6843.0 0.2605
6844.0 0.2604
6845.0 0.2603
6846.0 0.2602
6847.0 0.2601
6848.0 0.26
6849.0 0.2599
6850.0 0.2598
6851.0 0.2598
6852.0 0.2597
6853.0 0.2596
6854.0 0.2595
6855.0 0.2595
6856.0 0.2594
6857.0 0.2593
6858.0 0.2592
6859.0 0.2592
6860.0 0.2591
6861.0 0.259
6862.0 0.2589
6863.0 0.2588
6864.0 0.2587
6865.0 0.2586
6866.0 0.2586
6867.0 0.2585
6868.0 0.2584
6869.0 0.2583
6870.0 0.2582
6871.0 0.2582
6872.0 0.2581
6873.0 0.2581
6874.0 0.258
6875.0 0.258
6876.0 0.2579
6877.0 0.2578
6878.0 0.2578
6879.0 0.2577
6880.0 0.2577
6881.0 0.2576
6882.0 0.2576
6883.0 0.2576
6884.0 0.2576
6885.0 0.2575
6886.0 0.2575
6887.0 0.2575
6888.0 0.2575
6889.0 0.2575
6890.0 0.2575
6891.0 0.2574
6892.0 0.2574
6893.0 0.2573
6894.0 0.2573
6895.0 0.2572
6896.0 0.2571
6897.0 0.2571
6898.0 0.257
6899.0 0.2569
6900.0 0.2569
6901.0 0.2568
6902.0 0.2568
6903.0 0.2567
6904.0 0.2566
6905.0 0.2565
6906.0 0.2564
6907.0 0.2563
6908.0 0.2562
6909.0 0.2561
6910.0 0.256
6911.0 0.2559
6912.0 0.2558
6913.0 0.2556
6914.0 0.2554
6915.0 0.2552
6916.0 0.255
6917.0 0.2548
6918.0 0.2546
6919.0 0.2544
6920.0 0.2542
6921.0 0.2539
6922.0 0.2537
6923.0 0.2533
6924.0 0.2529
6925.0 0.2526
6926.0 0.2522
6927.0 0.2518
6928.0 0.2514
6929.0 0.251
6930.0 0.2507
6931.0 0.2503
6932.0 0.2499
6933.0 0.2495
6934.0 0.2491
6935.0 0.2486
6936.0 0.2482
6937.0 0.2477
6938.0 0.2473
6939.0 0.2468
6940.0 0.2464
6941.0 0.2459
6942.0 0.2455
6943.0 0.245
6944.0 0.2445
6945.0 0.244
6946.0 0.2435
6947.0 0.243
6948.0 0.2425
6949.0 0.242
6950.0 0.2415
6951.0 0.241
6952.0 0.2406
6953.0 0.2402
6954.0 0.2398
6955.0 0.2394
6956.0 0.239
6957.0 0.2386
6958.0 0.2383
6959.0 0.2379
6960.0 0.2375
6961.0 0.2371
6962.0 0.2367
6963.0 0.2365
6964.0 0.2363
6965.0 0.2361
6966.0 0.2359
6967.0 0.2357
6968.0 0.2355
6969.0 0.2353
6970.0 0.235
6971.0 0.2348
6972.0 0.2346
6973.0 0.2346
6974.0 0.2346
6975.0 0.2346
6976.0 0.2346
6977.0 0.2346
6978.0 0.2346
6979.0 0.2346
6980.0 0.2346
6981.0 0.2346
6982.0 0.2347
6983.0 0.2349
6984.0 0.2351
6985.0 0.2353
6986.0 0.2355
6987.0 0.2357
6988.0 0.2359
6989.0 0.2361
6990.0 0.2363
6991.0 0.2365
6992.0 0.2367
6993.0 0.2371
6994.0 0.2374
6995.0 0.2378
6996.0 0.2381
6997.0 0.2385
6998.0 0.2388
6999.0 0.2391
7000.0 0.2395
7001.0 0.2398
7002.0 0.2401
7003.0 0.2404
7004.0 0.2407
7005.0 0.241
7006.0 0.2413
7007.0 0.2416
7008.0 0.2419
7009.0 0.2422
7010.0 0.2424
7011.0 0.2428
7012.0 0.2431
7013.0 0.2433
7014.0 0.2435
7015.0 0.2437
7016.0 0.2439
7017.0 0.2441
7018.0 0.2444
7019.0 0.2446
7020.0 0.2448
7021.0 0.245
7022.0 0.2452
7023.0 0.2452
7024.0 0.2453
7025.0 0.2453
7026.0 0.2454
7027.0 0.2454
7028.0 0.2455
7029.0 0.2455
7030.0 0.2456
7031.0 0.2456
7032.0 0.2457
7033.0 0.2456
7034.0 0.2456
7035.0 0.2456
7036.0 0.2455
7037.0 0.2455
7038.0 0.2455
7039.0 0.2455
7040.0 0.2454
7041.0 0.2454
7042.0 0.2453
7043.0 0.2452
7044.0 0.245
7045.0 0.2448
7046.0 0.2446
7047.0 0.2444
7048.0 0.2443
7049.0 0.2441
7050.0 0.2439
7051.0 0.2437
7052.0 0.2435
7053.0 0.2428
7054.0 0.2421
7055.0 0.2414
7056.0 0.2407
7057.0 0.24
7058.0 0.2393
7059.0 0.2386
7060.0 0.2379
7061.0 0.2372
7062.0 0.2364
7063.0 0.2346
7064.0 0.2327
7065.0 0.2308
7066.0 0.229
7067.0 0.2271
7068.0 0.2253
7069.0 0.2234
7070.0 0.2215
7071.0 0.2197
7072.0 0.2177
7073.0 0.2142
7074.0 0.2107
7075.0 0.2072
7076.0 0.2037
7077.0 0.2001
7078.0 0.1966
7079.0 0.1931
7080.0 0.1896
7081.0 0.1862
7082.0 0.1826
7083.0 0.1781
7084.0 0.1736
7085.0 0.1691
7086.0 0.1646
7087.0 0.1601
7088.0 0.1556
7089.0 0.1511
7090.0 0.1466
7091.0 0.1421
7092.0 0.1376
7093.0 0.1333
7094.0 0.129
7095.0 0.1248
7096.0 0.1205
7097.0 0.1162
7098.0 0.112
7099.0 0.1077
7100.0 0.1035
7101.0 0.09924
7102.0 0.09505
7103.0 0.09186
7104.0 0.08868
7105.0 0.0855
7106.0 0.08232
7107.0 0.07915
7108.0 0.07597
7109.0 0.0728
7110.0 0.06963
7111.0 0.06646
7112.0 0.06334
7113.0 0.06124
7114.0 0.05914
7115.0 0.05704
7116.0 0.05494
7117.0 0.05284
7118.0 0.05075
7119.0 0.04866
7120.0 0.04656
7121.0 0.04447
7122.0 0.0424
7123.0 0.04108
7124.0 0.03976
7125.0 0.03843
7126.0 0.03711
7127.0 0.03579
7128.0 0.03447
7129.0 0.03315
7130.0 0.03184
7131.0 0.03053
7132.0 0.02923
7133.0 0.02839
7134.0 0.02755
7135.0 0.02671
7136.0 0.02587
7137.0 0.02503
7138.0 0.0242
7139.0 0.02336
7140.0 0.02252
7141.0 0.02169
7142.0 0.02086
7143.0 0.0203
7144.0 0.01974
7145.0 0.01918
7146.0 0.01862
7147.0 0.01806
7148.0 0.0175
7149.0 0.01695
7150.0 0.01639
7151.0 0.01583
7152.0 0.01528
7153.0 0.01489
7154.0 0.0145
7155.0 0.0141
7156.0 0.01371
7157.0 0.01331
7158.0 0.01292
7159.0 0.01253
7160.0 0.01214
7161.0 0.01174
7162.0 0.01135
7163.0 0.01106
7164.0 0.01076
7165.0 0.01047
7166.0 0.01017
7167.0 0.009879
7168.0 0.009585
7169.0 0.009291
7170.0 0.008998
7171.0 0.008705
7172.0 0.008414
7173.0 0.008188
7174.0 0.007962
7175.0 0.007737
7176.0 0.007511
7177.0 0.007286
7178.0 0.00706
7179.0 0.006835
7180.0 0.00661
7181.0 0.006385
7182.0 0.006162
7183.0 0.005987
7184.0 0.005812
7185.0 0.005638
7186.0 0.005463
7187.0 0.005289
7188.0 0.005115
7189.0 0.004941
7190.0 0.004767
7191.0 0.004593
7192.0 0.004419
7193.0 0.004287
7194.0 0.004155
7195.0 0.004023
7196.0 0.003891
7197.0 0.003759
7198.0 0.003627
7199.0 0.003495
7200.0 0.003364
7201.0 0.003232
7202.0 0.003102
7203.0 0.003007
7204.0 0.002913
7205.0 0.002818
7206.0 0.002724
7207.0 0.002629
7208.0 0.002535
7209.0 0.00244
7210.0 0.002346
7211.0 0.002252
7212.0 0.002158
7213.0 0.002092
7214.0 0.002027
7215.0 0.001962
7216.0 0.001897
7217.0 0.001832
7218.0 0.001767
7219.0 0.001702
7220.0 0.001637
7221.0 0.001572
7222.0 0.001507
7223.0 0.001463
7224.0 0.001419
7225.0 0.001375
7226.0 0.001331
7227.0 0.001287
7228.0 0.001244
7229.0 0.0012
7230.0 0.001156
7231.0 0.001112
7232.0 0.001068
7233.0 0.001038
7234.0 0.001008
7235.0 0.0009785
7236.0 0.0009487
7237.0 0.0009189
7238.0 0.0008891
7239.0 0.0008593
7240.0 0.0008296
7241.0 0.0007999
7242.0 0.0007704
7243.0 0.0007501
7244.0 0.0007298
7245.0 0.0007095
7246.0 0.0006893
7247.0 0.0006691
7248.0 0.0006488
7249.0 0.0006286
7250.0 0.0006084
7251.0 0.0005882
7252.0 0.000568
7253.0 0.000555
7254.0 0.000542
7255.0 0.000529
7256.0 0.000516
7257.0 0.0005029
7258.0 0.00049
7259.0 0.000477
7260.0 0.000464
7261.0 0.0004511
7262.0 0.0004382
7263.0 0.0004283
7264.0 0.0004184
7265.0 0.0004084
7266.0 0.0003985
7267.0 0.0003886
7268.0 0.0003787
7269.0 0.0003688
7270.0 0.0003589
7271.0 0.0003491
7272.0 0.0003392
7273.0 0.0003329
7274.0 0.0003267
7275.0 0.0003204
7276.0 0.0003142
7277.0 0.000308
7278.0 0.0003017
7279.0 0.0002955
7280.0 0.0002893
7281.0 0.0002831
7282.0 0.0002768
7283.0 0.0002718
7284.0 0.0002668
7285.0 0.0002617
7286.0 0.0002567
7287.0 0.0002517
7288.0 0.0002467
7289.0 0.0002417
7290.0 0.0002367
7291.0 0.0002317
7292.0 0.0002267
7293.0 0.0002224
7294.0 0.000218
7295.0 0.0002136
7296.0 0.0002093
7297.0 0.0002049
7298.0 0.0002006
7299.0 0.0001962
7300.0 0.0001919
7301.0 0.0001875
7302.0 0.0001832
7303.0 0.0001801
7304.0 0.0001771
7305.0 0.000174
7306.0 0.000171
7307.0 0.000168
7308.0 0.0001649
7309.0 0.0001619
7310.0 0.0001589
7311.0 0.0001559
7312.0 0.0001529
7313.0 0.0001502
7314.0 0.0001476
7315.0 0.0001449
7316.0 0.0001423
7317.0 0.0001397
7318.0 0.000137
7319.0 0.0001344
7320.0 0.0001318
7321.0 0.0001291
7322.0 0.0001265
7323.0 0.0001247
7324.0 0.0001229
7325.0 0.0001212
7326.0 0.0001194
7327.0 0.0001177
7328.0 0.0001159
7329.0 0.0001142
7330.0 0.0001124
7331.0 0.0001107
7332.0 0.000109
7333.0 0.0001074
7334.0 0.0001059
7335.0 0.0001044
7336.0 0.0001029
7337.0 0.0001014
7338.0 9.989e-05
7339.0 9.839e-05
7340.0 9.688e-05
7341.0 9.537e-05
7342.0 9.386e-05
7343.0 9.303e-05
7344.0 9.221e-05
7345.0 9.14e-05
7346.0 9.058e-05
7347.0 8.977e-05
7348.0 8.896e-05
7349.0 8.815e-05
7350.0 8.733e-05
7351.0 8.653e-05
7352.0 8.573e-05
7353.0 8.399e-05
7354.0 8.222e-05
7355.0 8.046e-05
7356.0 7.87e-05
7357.0 7.694e-05
7358.0 7.517e-05
7359.0 7.342e-05
7360.0 7.166e-05
7361.0 6.99e-05
7362.0 6.814e-05
7363.0 6.71e-05
7364.0 6.609e-05
7365.0 6.508e-05
7366.0 6.407e-05
7367.0 6.306e-05
7368.0 6.205e-05
7369.0 6.104e-05
7370.0 6.003e-05
7371.0 5.903e-05
7372.0 5.803e-05
7373.0 5.648e-05
7374.0 5.492e-05
7375.0 5.336e-05
7376.0 5.181e-05
7377.0 5.025e-05
7378.0 4.869e-05
7379.0 4.714e-05
7380.0 4.558e-05
7381.0 4.403e-05
7382.0 4.247e-05
7383.0 4.222e-05
7384.0 4.202e-05
7385.0 4.182e-05
7386.0 4.162e-05
7387.0 4.142e-05
7388.0 4.122e-05
7389.0 4.102e-05
7390.0 4.081e-05
7391.0 4.062e-05
7392.0 4.042e-05
7393.0 3.959e-05
7394.0 3.873e-05
7395.0 3.787e-05
7396.0 3.702e-05
7397.0 3.616e-05
7398.0 3.531e-05
7399.0 3.445e-05
7400.0 3.36e-05
7401.0 3.274e-05
7402.0 3.189e-05
7403.0 3.162e-05
7404.0 3.137e-05
7405.0 3.112e-05
7406.0 3.087e-05
7407.0 3.063e-05
7408.0 3.038e-05
7409.0 3.013e-05
7410.0 2.988e-05
7411.0 2.964e-05
7412.0 2.94e-05
7413.0 2.955e-05
7414.0 2.973e-05
7415.0 2.99e-05
7416.0 3.008e-05
7417.0 3.025e-05
7418.0 3.043e-05
7419.0 3.06e-05
7420.0 3.078e-05
7421.0 3.095e-05
7422.0 3.112e-05
7423.0 3.024e-05
7424.0 2.931e-05
7425.0 2.838e-05
7426.0 2.746e-05
7427.0 2.653e-05
7428.0 2.561e-05
7429.0 2.469e-05
7430.0 2.377e-05
7431.0 2.285e-05
7432.0 2.193e-05
7433.0 2.146e-05
7434.0 2.101e-05
7435.0 2.056e-05
7436.0 2.011e-05
7437.0 1.967e-05
7438.0 1.922e-05
7439.0 1.877e-05
7440.0 1.832e-05
7441.0 1.787e-05
7442.0 1.743e-05
7443.0 1.735e-05
7444.0 1.729e-05
7445.0 1.723e-05
7446.0 1.717e-05
7447.0 1.712e-05
7448.0 1.706e-05
7449.0 1.7e-05
7450.0 1.694e-05
7451.0 1.689e-05
7452.0 1.683e-05
7453.0 1.636e-05
7454.0 1.586e-05
7455.0 1.537e-05
7456.0 1.487e-05
7457.0 1.438e-05
7458.0 1.388e-05
7459.0 1.339e-05
7460.0 1.289e-05
7461.0 1.24e-05
7462.0 1.19e-05
7463.0 1.075e-05
7464.0 9.558e-06
7465.0 8.368e-06
7466.0 7.179e-06
7467.0 5.992e-06
7468.0 4.805e-06
7469.0 3.619e-06
7470.0 2.434e-06
7471.0 1.25e-06
7472.0 6.755e-08
7473.0 0.0
7474.0 0.0
7475.0 0.0
7476.0 0.0
7477.0 0.0
7478.0 0.0
7479.0 0.0
7480.0 0.0
7481.0 0.0
7482.0 0.0
7483.0 2.767e-07
7484.0 5.709e-07
7485.0 8.648e-07
7486.0 1.158e-06
7487.0 1.452e-06
7488.0 1.745e-06
7489.0 2.038e-06
7490.0 2.33e-06
7491.0 2.623e-06
7492.0 2.916e-06
7493.0 3.208e-06
7494.0 3.5e-06
7495.0 3.792e-06
7496.0 4.083e-06
7497.0 4.375e-06
7498.0 4.666e-06
7499.0 4.957e-06
7500.0 5.248e-06
7501.0 5.538e-06
7502.0 5.828e-06
7503.0 5.77e-06
7504.0 5.688e-06
7505.0 5.606e-06
7506.0 5.524e-06
7507.0 5.442e-06
7508.0 5.36e-06
7509.0 5.279e-06
7510.0 5.197e-06
7511.0 5.116e-06
7512.0 5.035e-06
7513.0 4.954e-06
7514.0 4.873e-06
7515.0 4.792e-06
7516.0 4.712e-06
7517.0 4.631e-06
7518.0 4.55e-06
7519.0 4.47e-06
7520.0 4.389e-06
7521.0 4.308e-06
7522.0 4.227e-06
7523.0 4.176e-06
7524.0 4.128e-06
7525.0 4.079e-06
7526.0 4.031e-06
7527.0 3.982e-06
7528.0 3.934e-06
7529.0 3.886e-06
7530.0 3.837e-06
7531.0 3.79e-06
7532.0 3.742e-06
7533.0 3.694e-06
7534.0 3.646e-06
7535.0 3.598e-06
7536.0 3.55e-06
7537.0 3.503e-06
7538.0 3.455e-06
7539.0 3.407e-06
7540.0 3.36e-06
7541.0 3.312e-06
7542.0 3.264e-06
7543.0 3.24e-06
7544.0 3.217e-06
7545.0 3.194e-06
7546.0 3.172e-06
7547.0 3.149e-06
7548.0 3.127e-06
7549.0 3.104e-06
7550.0 3.082e-06
7551.0 3.06e-06
7552.0 3.038e-06
7553.0 3.015e-06
7554.0 2.993e-06
7555.0 2.971e-06
7556.0 2.949e-06
7557.0 2.927e-06
7558.0 2.905e-06
7559.0 2.883e-06
7560.0 2.861e-06
7561.0 2.839e-06
7562.0 2.817e-06
7563.0 2.802e-06
7564.0 2.789e-06
7565.0 2.776e-06
7566.0 2.763e-06
7567.0 2.749e-06
7568.0 2.736e-06
7569.0 2.723e-06
7570.0 2.71e-06
7571.0 2.697e-06
7572.0 2.684e-06
7573.0 2.671e-06
7574.0 2.658e-06
7575.0 2.645e-06
7576.0 2.632e-06
7577.0 2.619e-06
7578.0 2.606e-06
7579.0 2.593e-06
7580.0 2.581e-06
7581.0 2.568e-06
7582.0 2.554e-06
7583.0 2.546e-06
7584.0 2.538e-06
7585.0 2.529e-06
7586.0 2.521e-06
7587.0 2.513e-06
7588.0 2.505e-06
7589.0 2.497e-06
7590.0 2.489e-06
7591.0 2.481e-06
7592.0 2.473e-06
7593.0 2.465e-06
7594.0 2.457e-06
7595.0 2.449e-06
7596.0 2.441e-06
7597.0 2.433e-06
7598.0 2.425e-06
7599.0 2.418e-06
7600.0 2.41e-06
7601.0 2.402e-06
7602.0 2.393e-06
7603.0 2.389e-06
7604.0 2.386e-06
7605.0 2.382e-06
7606.0 2.378e-06
7607.0 2.374e-06
7608.0 2.37e-06
7609.0 2.367e-06
7610.0 2.363e-06
7611.0 2.359e-06
7612.0 2.355e-06
7613.0 2.352e-06
7614.0 2.348e-06
7615.0 2.344e-06
7616.0 2.34e-06
7617.0 2.337e-06
7618.0 2.333e-06
7619.0 2.329e-06
7620.0 2.325e-06
7621.0 2.322e-06
7622.0 2.318e-06
7623.0 2.307e-06
7624.0 2.296e-06
7625.0 2.284e-06
7626.0 2.272e-06
7627.0 2.26e-06
7628.0 2.248e-06
7629.0 2.236e-06
7630.0 2.224e-06
7631.0 2.212e-06
7632.0 2.2e-06
7633.0 2.188e-06
7634.0 2.175e-06
7635.0 2.163e-06
7636.0 2.151e-06
7637.0 2.139e-06
7638.0 2.127e-06
7639.0 2.115e-06
7640.0 2.102e-06
7641.0 2.09e-06
7642.0 2.079e-06
7643.0 2.06e-06
7644.0 2.04e-06
7645.0 2.021e-06
7646.0 2.001e-06
7647.0 1.982e-06
7648.0 1.963e-06
7649.0 1.943e-06
7650.0 1.924e-06
7651.0 1.904e-06
7652.0 1.885e-06
7653.0 1.865e-06
7654.0 1.846e-06
7655.0 1.826e-06
7656.0 1.807e-06
7657.0 1.788e-06
7658.0 1.768e-06
7659.0 1.749e-06
7660.0 1.73e-06
7661.0 1.71e-06
7662.0 1.691e-06
7663.0 1.67e-06
7664.0 1.649e-06
7665.0 1.628e-06
7666.0 1.607e-06
7667.0 1.586e-06
7668.0 1.566e-06
7669.0 1.545e-06
7670.0 1.524e-06
7671.0 1.503e-06
7672.0 1.482e-06
7673.0 1.461e-06
7674.0 1.44e-06
7675.0 1.419e-06
7676.0 1.398e-06
7677.0 1.377e-06
7678.0 1.356e-06
7679.0 1.336e-06
7680.0 1.315e-06
7681.0 1.294e-06
7682.0 1.274e-06
7683.0 1.26e-06
7684.0 1.247e-06
7685.0 1.235e-06
7686.0 1.222e-06
7687.0 1.209e-06
7688.0 1.197e-06
7689.0 1.184e-06
7690.0 1.172e-06
7691.0 1.159e-06
7692.0 1.146e-06
7693.0 1.134e-06
7694.0 1.121e-06
7695.0 1.109e-06
7696.0 1.096e-06
7697.0 1.083e-06
7698.0 1.071e-06
7699.0 1.058e-06
7700.0 1.046e-06
7701.0 1.033e-06
7702.0 1.021e-06
7703.0 1.011e-06
7704.0 1.001e-06
7705.0 9.912e-07
7706.0 9.815e-07
7707.0 9.718e-07
7708.0 9.62e-07
7709.0 9.523e-07
7710.0 9.426e-07
7711.0 9.33e-07
7712.0 9.234e-07
7713.0 9.138e-07
7714.0 9.042e-07
7715.0 8.947e-07
7716.0 8.851e-07
7717.0 8.756e-07
7718.0 8.66e-07
7719.0 8.565e-07
7720.0 8.47e-07
7721.0 8.374e-07
7722.0 8.278e-07
7723.0 8.215e-07
7724.0 8.156e-07
7725.0 8.097e-07
7726.0 8.039e-07
7727.0 7.981e-07
7728.0 7.922e-07
7729.0 7.864e-07
7730.0 7.806e-07
7731.0 7.749e-07
7732.0 7.691e-07
7733.0 7.634e-07
7734.0 7.577e-07
7735.0 7.519e-07
7736.0 7.462e-07
7737.0 7.405e-07
7738.0 7.348e-07
7739.0 7.291e-07
7740.0 7.234e-07
7741.0 7.177e-07
7742.0 7.119e-07
7743.0 7.045e-07
7744.0 6.968e-07
7745.0 6.891e-07
7746.0 6.814e-07
7747.0 6.737e-07
7748.0 6.661e-07
7749.0 6.584e-07
7750.0 6.508e-07
7751.0 6.432e-07
7752.0 6.356e-07
7753.0 6.28e-07
7754.0 6.205e-07
7755.0 6.129e-07
7756.0 6.054e-07
7757.0 5.978e-07
7758.0 5.903e-07
7759.0 5.828e-07
7760.0 5.753e-07
7761.0 5.677e-07
7762.0 5.602e-07
7763.0 5.578e-07
7764.0 5.563e-07
7765.0 5.548e-07
7766.0 5.533e-07
7767.0 5.518e-07
7768.0 5.503e-07
7769.0 5.488e-07
7770.0 5.473e-07
7771.0 5.458e-07
7772.0 5.443e-07
7773.0 5.428e-07
7774.0 5.414e-07
7775.0 5.399e-07
7776.0 5.384e-07
7777.0 5.369e-07
7778.0 5.354e-07
7779.0 5.339e-07
7780.0 5.324e-07
7781.0 5.31e-07
7782.0 5.296e-07
7783.0 5.291e-07
7784.0 5.289e-07
7785.0 5.286e-07
7786.0 5.283e-07
7787.0 5.28e-07
7788.0 5.278e-07
7789.0 5.275e-07
7790.0 5.272e-07
7791.0 5.269e-07
7792.0 5.266e-07
7793.0 5.263e-07
7794.0 5.26e-07
7795.0 5.256e-07
7796.0 5.253e-07
7797.0 5.25e-07
7798.0 5.247e-07
7799.0 5.244e-07
7800.0 5.24e-07
7801.0 5.238e-07
7802.0 5.235e-07
7803.0 5.249e-07
7804.0 5.265e-07
7805.0 5.281e-07
7806.0 5.298e-07
7807.0 5.314e-07
7808.0 5.33e-07
7809.0 5.346e-07
7810.0 5.363e-07
7811.0 5.378e-07
7812.0 5.394e-07
7813.0 5.41e-07
7814.0 5.426e-07
7815.0 5.441e-07
7816.0 5.457e-07
7817.0 5.472e-07
7818.0 5.488e-07
7819.0 5.504e-07
7820.0 5.519e-07
7821.0 5.535e-07
7822.0 5.551e-07
7823.0 5.499e-07
7824.0 5.434e-07
7825.0 5.37e-07
7826.0 5.306e-07
7827.0 5.241e-07
7828.0 5.177e-07
7829.0 5.113e-07
7830.0 5.049e-07
7831.0 4.985e-07
7832.0 4.921e-07
7833.0 4.857e-07
7834.0 4.793e-07
7835.0 4.729e-07
7836.0 4.666e-07
7837.0 4.602e-07
7838.0 4.538e-07
7839.0 4.475e-07
7840.0 4.411e-07
7841.0 4.348e-07
7842.0 4.285e-07
7843.0 4.302e-07
7844.0 4.335e-07
7845.0 4.368e-07
7846.0 4.4e-07
7847.0 4.433e-07
7848.0 4.465e-07
7849.0 4.498e-07
7850.0 4.53e-07
7851.0 4.563e-07
7852.0 4.596e-07
7853.0 4.629e-07
7854.0 4.661e-07
7855.0 4.694e-07
7856.0 4.727e-07
7857.0 4.759e-07
7858.0 4.792e-07
7859.0 4.825e-07
7860.0 4.857e-07
7861.0 4.889e-07
7862.0 4.921e-07
7863.0 4.922e-07
7864.0 4.917e-07
7865.0 4.912e-07
7866.0 4.907e-07
7867.0 4.902e-07
7868.0 4.897e-07
7869.0 4.892e-07
7870.0 4.886e-07
7871.0 4.882e-07
7872.0 4.877e-07
7873.0 4.872e-07
7874.0 4.868e-07
7875.0 4.863e-07
7876.0 4.858e-07
7877.0 4.854e-07
7878.0 4.849e-07
7879.0 4.844e-07
7880.0 4.84e-07
7881.0 4.835e-07
7882.0 4.83e-07
7883.0 4.84e-07
7884.0 4.853e-07
7885.0 4.866e-07
7886.0 4.879e-07
7887.0 4.892e-07
7888.0 4.905e-07
7889.0 4.918e-07
7890.0 4.931e-07
7891.0 4.944e-07
7892.0 4.957e-07
7893.0 4.969e-07
7894.0 4.982e-07
7895.0 4.995e-07
7896.0 5.008e-07
7897.0 5.021e-07
7898.0 5.034e-07
7899.0 5.047e-07
7900.0 5.059e-07
7901.0 5.073e-07
7902.0 5.086e-07
7903.0 5.099e-07
7904.0 5.112e-07
7905.0 5.125e-07
7906.0 5.138e-07
7907.0 5.152e-07
7908.0 5.165e-07
7909.0 5.178e-07
7910.0 5.191e-07
7911.0 5.203e-07
7912.0 5.216e-07
7913.0 5.228e-07
7914.0 5.241e-07
7915.0 5.253e-07
7916.0 5.266e-07
7917.0 5.278e-07
7918.0 5.291e-07
7919.0 5.303e-07
7920.0 5.316e-07
7921.0 5.329e-07
7922.0 5.342e-07
7923.0 5.311e-07
7924.0 5.27e-07
7925.0 5.23e-07
7926.0 5.19e-07
7927.0 5.149e-07
7928.0 5.109e-07
7929.0 5.069e-07
7930.0 5.028e-07
7931.0 4.988e-07
7932.0 4.947e-07
7933.0 4.907e-07
7934.0 4.866e-07
7935.0 4.826e-07
7936.0 4.785e-07
7937.0 4.745e-07
7938.0 4.704e-07
7939.0 4.664e-07
7940.0 4.624e-07
7941.0 4.584e-07
7942.0 4.543e-07
7943.0 4.507e-07
7944.0 4.472e-07
7945.0 4.437e-07
7946.0 4.403e-07
7947.0 4.368e-07
7948.0 4.333e-07
7949.0 4.298e-07
7950.0 4.263e-07
7951.0 4.229e-07
7952.0 4.194e-07
7953.0 4.16e-07
7954.0 4.126e-07
7955.0 4.092e-07
7956.0 4.057e-07
7957.0 4.023e-07
7958.0 3.989e-07
7959.0 3.955e-07
7960.0 3.921e-07
7961.0 3.886e-07
7962.0 3.852e-07
7963.0 3.839e-07
7964.0 3.831e-07
7965.0 3.824e-07
7966.0 3.816e-07
7967.0 3.809e-07
7968.0 3.801e-07
7969.0 3.793e-07
7970.0 3.786e-07
7971.0 3.778e-07
7972.0 3.771e-07
7973.0 3.763e-07
7974.0 3.756e-07
7975.0 3.748e-07
7976.0 3.74e-07
7977.0 3.733e-07
7978.0 3.725e-07
7979.0 3.718e-07
7980.0 3.71e-07
7981.0 3.703e-07
7982.0 3.696e-07
7983.0 3.704e-07
7984.0 3.716e-07
7985.0 3.728e-07
7986.0 3.74e-07
7987.0 3.752e-07
7988.0 3.764e-07
7989.0 3.776e-07
7990.0 3.788e-07
7991.0 3.799e-07
7992.0 3.811e-07
7993.0 3.822e-07
7994.0 3.834e-07
7995.0 3.845e-07
7996.0 3.857e-07
7997.0 3.868e-07
7998.0 3.88e-07
7999.0 3.891e-07
8000.0 3.903e-07
8001.0 3.914e-07
8002.0 3.926e-07
8003.0 3.895e-07
8004.0 3.855e-07
8005.0 3.814e-07
8006.0 3.774e-07
8007.0 3.733e-07
8008.0 3.693e-07
8009.0 3.652e-07
8010.0 3.612e-07
8011.0 3.571e-07
8012.0 3.531e-07
8013.0 3.49e-07
8014.0 3.45e-07
8015.0 3.409e-07
8016.0 3.369e-07
8017.0 3.328e-07
8018.0 3.288e-07
8019.0 3.248e-07
8020.0 3.208e-07
8021.0 3.167e-07
8022.0 3.127e-07
8023.0 3.958e-07
8024.0 5.012e-07
8025.0 6.066e-07
8026.0 7.118e-07
8027.0 8.169e-07
8028.0 9.219e-07
8029.0 1.027e-06
8030.0 1.132e-06
8031.0 1.236e-06
8032.0 1.341e-06
8033.0 1.446e-06
8034.0 1.55e-06
8035.0 1.654e-06
8036.0 1.759e-06
8037.0 1.863e-06
8038.0 1.967e-06
8039.0 2.071e-06
8040.0 2.175e-06
8041.0 2.278e-06
8042.0 2.382e-06
8043.0 2.462e-06
8044.0 2.536e-06
8045.0 2.609e-06
8046.0 2.683e-06
8047.0 2.757e-06
8048.0 2.83e-06
8049.0 2.904e-06
8050.0 2.977e-06
8051.0 3.05e-06
8052.0 3.123e-06
8053.0 3.196e-06
8054.0 3.269e-06
8055.0 3.342e-06
8056.0 3.415e-06
8057.0 3.488e-06
8058.0 3.56e-06
8059.0 3.633e-06
8060.0 3.705e-06
8061.0 3.778e-06
8062.0 3.851e-06
8063.0 3.923e-06
8064.0 3.996e-06
8065.0 4.068e-06
8066.0 4.14e-06
8067.0 4.213e-06
8068.0 4.285e-06
8069.0 4.357e-06
8070.0 4.429e-06
8071.0 4.501e-06
8072.0 4.573e-06
8073.0 4.644e-06
8074.0 4.715e-06
8075.0 4.787e-06
8076.0 4.858e-06
8077.0 4.929e-06
8078.0 5e-06
8079.0 5.071e-06
8080.0 5.142e-06
8081.0 5.213e-06
8082.0 5.283e-06
8083.0 5.354e-06
8084.0 5.425e-06
8085.0 5.495e-06
8086.0 5.566e-06
8087.0 5.636e-06
8088.0 5.706e-06
8089.0 5.776e-06
8090.0 5.846e-06
8091.0 5.917e-06
8092.0 5.987e-06
8093.0 6.058e-06
8094.0 6.128e-06
8095.0 6.198e-06
8096.0 6.269e-06
8097.0 6.339e-06
8098.0 6.409e-06
8099.0 6.479e-06
8100.0 6.549e-06
8101.0 6.618e-06
8102.0 6.687e-06
8103.0 6.714e-06
8104.0 6.729e-06
8105.0 6.743e-06
8106.0 6.758e-06
8107.0 6.772e-06
8108.0 6.787e-06
8109.0 6.802e-06
8110.0 6.816e-06
8111.0 6.831e-06
8112.0 6.845e-06
8113.0 6.859e-06
8114.0 6.874e-06
8115.0 6.888e-06
8116.0 6.903e-06
8117.0 6.917e-06
8118.0 6.931e-06
8119.0 6.946e-06
8120.0 6.96e-06
8121.0 6.975e-06
8122.0 6.99e-06
8123.0 6.867e-06
8124.0 6.702e-06
8125.0 6.538e-06
8126.0 6.373e-06
8127.0 6.209e-06
8128.0 6.045e-06
8129.0 5.881e-06
8130.0 5.718e-06
8131.0 5.554e-06
8132.0 5.39e-06
8133.0 5.226e-06
8134.0 5.062e-06
8135.0 4.899e-06
8136.0 4.736e-06
8137.0 4.573e-06
8138.0 4.41e-06
8139.0 4.247e-06
8140.0 4.085e-06
8141.0 3.923e-06
8142.0 3.761e-06
8143.0 3.711e-06
8144.0 3.697e-06
8145.0 3.682e-06
8146.0 3.668e-06
8147.0 3.654e-06
8148.0 3.64e-06
8149.0 3.625e-06
8150.0 3.611e-06
8151.0 3.597e-06
8152.0 3.583e-06
8153.0 3.569e-06
8154.0 3.555e-06
8155.0 3.542e-06
8156.0 3.528e-06
8157.0 3.514e-06
8158.0 3.5e-06
8159.0 3.486e-06
8160.0 3.473e-06
8161.0 3.458e-06
8162.0 3.444e-06
8163.0 3.488e-06
8164.0 3.551e-06
8165.0 3.614e-06
8166.0 3.676e-06
8167.0 3.739e-06
8168.0 3.801e-06
8169.0 3.864e-06
8170.0 3.926e-06
8171.0 3.988e-06
8172.0 4.05e-06
8173.0 4.112e-06
8174.0 4.174e-06
8175.0 4.236e-06
8176.0 4.298e-06
8177.0 4.36e-06
8178.0 4.421e-06
8179.0 4.483e-06
8180.0 4.545e-06
8181.0 4.607e-06
8182.0 4.668e-06
8183.0 4.642e-06
8184.0 4.585e-06
8185.0 4.529e-06
8186.0 4.473e-06
8187.0 4.418e-06
8188.0 4.362e-06
8189.0 4.306e-06
8190.0 4.25e-06
8191.0 4.194e-06
8192.0 4.138e-06
8193.0 4.082e-06
8194.0 4.026e-06
8195.0 3.97e-06
8196.0 3.914e-06
8197.0 3.859e-06
8198.0 3.803e-06
8199.0 3.747e-06
8200.0 3.692e-06
8201.0 3.636e-06
8202.0 3.581e-06
8203.0 3.615e-06
8204.0 3.679e-06
8205.0 3.742e-06
8206.0 3.806e-06
8207.0 3.869e-06
8208.0 3.933e-06
8209.0 3.996e-06
8210.0 4.06e-06
8211.0 4.123e-06
8212.0 4.187e-06
8213.0 4.25e-06
8214.0 4.314e-06
8215.0 4.377e-06
8216.0 4.441e-06
8217.0 4.504e-06
8218.0 4.567e-06
8219.0 4.63e-06
8220.0 4.693e-06
8221.0 4.756e-06
8222.0 4.818e-06
8223.0 4.927e-06
8224.0 5.052e-06
8225.0 5.176e-06
8226.0 5.301e-06
8227.0 5.425e-06
8228.0 5.549e-06
8229.0 5.673e-06
8230.0 5.797e-06
8231.0 5.921e-06
8232.0 6.045e-06
8233.0 6.169e-06
8234.0 6.293e-06
8235.0 6.416e-06
8236.0 6.54e-06
8237.0 6.663e-06
8238.0 6.786e-06
8239.0 6.909e-06
8240.0 7.032e-06
8241.0 7.155e-06
8242.0 7.279e-06
8243.0 7.268e-06
8244.0 7.208e-06
8245.0 7.149e-06
8246.0 7.09e-06
8247.0 7.03e-06
8248.0 6.971e-06
8249.0 6.912e-06
8250.0 6.853e-06
8251.0 6.793e-06
8252.0 6.733e-06
8253.0 6.674e-06
8254.0 6.614e-06
8255.0 6.555e-06
8256.0 6.495e-06
8257.0 6.436e-06
8258.0 6.377e-06
8259.0 6.317e-06
8260.0 6.258e-06
8261.0 6.199e-06
8262.0 6.14e-06
8263.0 6.098e-06
8264.0 6.063e-06
8265.0 6.028e-06
8266.0 5.993e-06
8267.0 5.957e-06
8268.0 5.922e-06
8269.0 5.887e-06
8270.0 5.852e-06
8271.0 5.817e-06
8272.0 5.783e-06
8273.0 5.748e-06
8274.0 5.714e-06
8275.0 5.679e-06
8276.0 5.645e-06
8277.0 5.611e-06
8278.0 5.576e-06
8279.0 5.542e-06
8280.0 5.508e-06
8281.0 5.473e-06
8282.0 5.438e-06
8283.0 5.444e-06
8284.0 5.465e-06
8285.0 5.486e-06
8286.0 5.507e-06
8287.0 5.528e-06
8288.0 5.549e-06
8289.0 5.569e-06
8290.0 5.59e-06
8291.0 5.611e-06
8292.0 5.632e-06
8293.0 5.653e-06
8294.0 5.673e-06
8295.0 5.694e-06
8296.0 5.715e-06
8297.0 5.736e-06
8298.0 5.756e-06
8299.0 5.777e-06
8300.0 5.797e-06
8301.0 5.818e-06
8302.0 5.839e-06
8303.0 5.777e-06
8304.0 5.684e-06
8305.0 5.591e-06
8306.0 5.498e-06
8307.0 5.405e-06
8308.0 5.312e-06
8309.0 5.22e-06
8310.0 5.127e-06
8311.0 5.035e-06
8312.0 4.943e-06
8313.0 4.851e-06
8314.0 4.759e-06
8315.0 4.668e-06
8316.0 4.576e-06
8317.0 4.485e-06
8318.0 4.393e-06
8319.0 4.302e-06
8320.0 4.21e-06
8321.0 4.119e-06
8322.0 4.027e-06
8323.0 3.972e-06
8324.0 3.931e-06
8325.0 3.891e-06
8326.0 3.85e-06
8327.0 3.81e-06
8328.0 3.769e-06
8329.0 3.729e-06
8330.0 3.689e-06
8331.0 3.648e-06
8332.0 3.608e-06
8333.0 3.568e-06
8334.0 3.528e-06
8335.0 3.488e-06
8336.0 3.447e-06
8337.0 3.407e-06
8338.0 3.367e-06
8339.0 3.327e-06
8340.0 3.287e-06
8341.0 3.248e-06
8342.0 3.208e-06
8343.0 3.201e-06
8344.0 3.208e-06
8345.0 3.214e-06
8346.0 3.22e-06
8347.0 3.227e-06
8348.0 3.233e-06
8349.0 3.24e-06
8350.0 3.246e-06
8351.0 3.252e-06
8352.0 3.258e-06
8353.0 3.264e-06
8354.0 3.27e-06
8355.0 3.276e-06
8356.0 3.282e-06
8357.0 3.288e-06
8358.0 3.294e-06
8359.0 3.3e-06
8360.0 3.306e-06
8361.0 3.312e-06
8362.0 3.318e-06
8363.0 3.334e-06
8364.0 3.354e-06
8365.0 3.373e-06
8366.0 3.393e-06
8367.0 3.413e-06
8368.0 3.433e-06
8369.0 3.453e-06
8370.0 3.473e-06
8371.0 3.493e-06
8372.0 3.512e-06
8373.0 3.532e-06
8374.0 3.552e-06
8375.0 3.571e-06
8376.0 3.591e-06
8377.0 3.611e-06
8378.0 3.63e-06
8379.0 3.65e-06
8380.0 3.67e-06
8381.0 3.69e-06
8382.0 3.709e-06
8383.0 3.698e-06
8384.0 3.672e-06
8385.0 3.647e-06
8386.0 3.622e-06
8387.0 3.597e-06
8388.0 3.571e-06
8389.0 3.546e-06
8390.0 3.521e-06
8391.0 3.495e-06
8392.0 3.47e-06
8393.0 3.444e-06
8394.0 3.419e-06
8395.0 3.394e-06
8396.0 3.368e-06
8397.0 3.343e-06
8398.0 3.318e-06
8399.0 3.292e-06
8400.0 3.267e-06
8401.0 3.242e-06
8402.0 3.217e-06
8403.0 3.248e-06
8404.0 3.303e-06
8405.0 3.358e-06
8406.0 3.413e-06
8407.0 3.469e-06
8408.0 3.524e-06
8409.0 3.579e-06
8410.0 3.634e-06
8411.0 3.689e-06
8412.0 3.744e-06
8413.0 3.799e-06
8414.0 3.854e-06
8415.0 3.909e-06
8416.0 3.965e-06
8417.0 4.02e-06
8418.0 4.074e-06
8419.0 4.129e-06
8420.0 4.184e-06
8421.0 4.239e-06
8422.0 4.293e-06
8423.0 4.272e-06
8424.0 4.218e-06
8425.0 4.163e-06
8426.0 4.109e-06
8427.0 4.054e-06
8428.0 4e-06
8429.0 3.945e-06
8430.0 3.891e-06
8431.0 3.837e-06
8432.0 3.783e-06
8433.0 3.729e-06
8434.0 3.675e-06
8435.0 3.621e-06
8436.0 3.568e-06
8437.0 3.514e-06
8438.0 3.46e-06
8439.0 3.407e-06
8440.0 3.353e-06
8441.0 3.299e-06
8442.0 3.246e-06
8443.0 3.195e-06
8444.0 3.146e-06
8445.0 3.096e-06
8446.0 3.047e-06
8447.0 2.997e-06
8448.0 2.948e-06
8449.0 2.899e-06
8450.0 2.85e-06
8451.0 2.801e-06
8452.0 2.752e-06
8453.0 2.703e-06
8454.0 2.654e-06
8455.0 2.605e-06
8456.0 2.556e-06
8457.0 2.508e-06
8458.0 2.459e-06
8459.0 2.41e-06
8460.0 2.362e-06
8461.0 2.313e-06
8462.0 2.264e-06
8463.0 2.316e-06
8464.0 2.415e-06
8465.0 2.515e-06
8466.0 2.615e-06
8467.0 2.714e-06
8468.0 2.814e-06
8469.0 2.913e-06
8470.0 3.013e-06
8471.0 3.112e-06
8472.0 3.211e-06
8473.0 3.31e-06
8474.0 3.409e-06
8475.0 3.508e-06
8476.0 3.607e-06
8477.0 3.705e-06
8478.0 3.804e-06
8479.0 3.902e-06
8480.0 4.001e-06
8481.0 4.099e-06
8482.0 4.198e-06
8483.0 4.215e-06
8484.0 4.194e-06
8485.0 4.172e-06
8486.0 4.15e-06
8487.0 4.128e-06
8488.0 4.106e-06
8489.0 4.084e-06
8490.0 4.063e-06
8491.0 4.041e-06
8492.0 4.02e-06
8493.0 3.999e-06
8494.0 3.977e-06
8495.0 3.956e-06
8496.0 3.935e-06
8497.0 3.913e-06
8498.0 3.892e-06
8499.0 3.871e-06
8500.0 3.85e-06
8501.0 3.827e-06
8502.0 3.805e-06
8503.0 3.751e-06
8504.0 3.68e-06
8505.0 3.608e-06
8506.0 3.538e-06
8507.0 3.467e-06
8508.0 3.396e-06
8509.0 3.325e-06
8510.0 3.254e-06
8511.0 3.184e-06
8512.0 3.113e-06
8513.0 3.043e-06
8514.0 2.972e-06
8515.0 2.902e-06
8516.0 2.832e-06
8517.0 2.762e-06
8518.0 2.692e-06
8519.0 2.622e-06
8520.0 2.552e-06
8521.0 2.482e-06
8522.0 2.412e-06
8523.0 2.389e-06
8524.0 2.391e-06
8525.0 2.393e-06
8526.0 2.394e-06
8527.0 2.396e-06
8528.0 2.398e-06
8529.0 2.399e-06
8530.0 2.401e-06
8531.0 2.403e-06
8532.0 2.405e-06
8533.0 2.407e-06
8534.0 2.409e-06
8535.0 2.41e-06
8536.0 2.412e-06
8537.0 2.414e-06
8538.0 2.416e-06
8539.0 2.418e-06
8540.0 2.42e-06
8541.0 2.421e-06
8542.0 2.423e-06
8543.0 2.427e-06
8544.0 2.432e-06
8545.0 2.437e-06
8546.0 2.442e-06
8547.0 2.447e-06
8548.0 2.452e-06
8549.0 2.456e-06
8550.0 2.461e-06
8551.0 2.466e-06
8552.0 2.471e-06
8553.0 2.476e-06
8554.0 2.481e-06
8555.0 2.486e-06
8556.0 2.491e-06
8557.0 2.496e-06
8558.0 2.501e-06
8559.0 2.505e-06
8560.0 2.51e-06
8561.0 2.515e-06
8562.0 2.52e-06
8563.0 2.548e-06
8564.0 2.59e-06
8565.0 2.631e-06
8566.0 2.672e-06
8567.0 2.713e-06
8568.0 2.754e-06
8569.0 2.795e-06
8570.0 2.836e-06
8571.0 2.877e-06
8572.0 2.918e-06
8573.0 2.959e-06
8574.0 3e-06
8575.0 3.041e-06
8576.0 3.082e-06
8577.0 3.123e-06
8578.0 3.164e-06
8579.0 3.205e-06
8580.0 3.246e-06
8581.0 3.286e-06
8582.0 3.327e-06
8583.0 3.324e-06
8584.0 3.297e-06
8585.0 3.27e-06
8586.0 3.244e-06
8587.0 3.217e-06
8588.0 3.191e-06
8589.0 3.164e-06
8590.0 3.137e-06
8591.0 3.111e-06
8592.0 3.084e-06
8593.0 3.058e-06
8594.0 3.031e-06
8595.0 3.005e-06
8596.0 2.979e-06
8597.0 2.952e-06
8598.0 2.926e-06
8599.0 2.9e-06
8600.0 2.873e-06
