2931.0 1.13e-06
2932.0 2.033e-06
2933.0 2.937e-06
2934.0 3.843e-06
2935.0 4.749e-06
2936.0 5.657e-06
2937.0 6.566e-06
2938.0 7.476e-06
2939.0 8.387e-06
2940.0 9.299e-06
2941.0 1.036e-05
2942.0 1.231e-05
2943.0 1.426e-05
2944.0 1.622e-05
2945.0 1.818e-05
2946.0 2.014e-05
2947.0 2.211e-05
2948.0 2.407e-05
2949.0 2.605e-05
2950.0 2.802e-05
2951.0 3.032e-05
2952.0 3.467e-05
2953.0 3.902e-05
2954.0 4.337e-05
2955.0 4.774e-05
2956.0 5.211e-05
2957.0 5.648e-05
2958.0 6.087e-05
2959.0 6.526e-05
2960.0 6.965e-05
2961.0 7.462e-05
2962.0 8.322e-05
2963.0 9.183e-05
2964.0 0.0001005
2965.0 0.0001091
2966.0 0.0001177
2967.0 0.0001264
2968.0 0.0001351
2969.0 0.0001437
2970.0 0.0001524
2971.0 0.000162
2972.0 0.000177
2973.0 0.000192
2974.0 0.000207
2975.0 0.0002221
2976.0 0.0002372
2977.0 0.0002523
2978.0 0.0002674
2979.0 0.0002826
2980.0 0.0002977
2981.0 0.0003133
2982.0 0.0003316
2983.0 0.0003498
2984.0 0.0003681
2985.0 0.0003864
2986.0 0.0004048
2987.0 0.0004232
2988.0 0.0004415
2989.0 0.00046
2990.0 0.0004784
2991.0 0.0004997
2992.0 0.0005399
2993.0 0.0005802
2994.0 0.0006206
2995.0 0.000661
2996.0 0.0007015
2997.0 0.0007421
2998.0 0.0007827
2999.0 0.0008234
3000.0 0.0008641
3001.0 0.000908
3002.0 0.0009782
3003.0 0.001049
3004.0 0.001119
3005.0 0.001189
3006.0 0.001259
3007.0 0.00133
3008.0 0.0014
3009.0 0.00147
3010.0 0.00154
3011.0 0.001616
3012.0 0.001725
3013.0 0.001835
3014.0 0.001945
3015.0 0.002054
3016.0 0.002164
3017.0 0.002274
3018.0 0.002384
3019.0 0.002494
3020.0 0.002603
3021.0 0.002726
3022.0 0.002938
3023.0 0.003151
3024.0 0.003364
3025.0 0.003576
3026.0 0.003789
3027.0 0.004002
3028.0 0.004214
3029.0 0.004427
3030.0 0.00464
3031.0 0.004869
3032.0 0.00522
3033.0 0.005572
3034.0 0.005923
3035.0 0.006274
3036.0 0.006625
3037.0 0.006977
3038.0 0.007328
3039.0 0.007679
3040.0 0.00803
3041.0 0.00841
3042.0 0.008999
3043.0 0.009589
3044.0 0.01018
3045.0 0.01077
3046.0 0.01136
3047.0 0.01195
3048.0 0.01254
3049.0 0.01313
3050.0 0.01372
3051.0 0.01435
3052.0 0.01529
3053.0 0.01623
3054.0 0.01717
3055.0 0.01811
3056.0 0.01905
3057.0 0.02
3058.0 0.02094
3059.0 0.02188
3060.0 0.02282
3061.0 0.02382
3062.0 0.02535
3063.0 0.02687
3064.0 0.02839
3065.0 0.02991
3066.0 0.03143
3067.0 0.03296
3068.0 0.03448
3069.0 0.036
3070.0 0.03752
3071.0 0.03912
3072.0 0.0413
3073.0 0.04348
3074.0 0.04567
3075.0 0.04785
3076.0 0.05003
3077.0 0.05221
3078.0 0.0544
3079.0 0.05658
3080.0 0.05876
3081.0 0.06103
3082.0 0.06399
3083.0 0.06694
3084.0 0.0699
3085.0 0.07286
3086.0 0.07582
3087.0 0.07878
3088.0 0.08174
3089.0 0.0847
3090.0 0.08766
3091.0 0.09061
3092.0 0.0936
3093.0 0.09659
3094.0 0.09957
3095.0 0.1026
3096.0 0.1055
3097.0 0.1085
3098.0 0.1115
3099.0 0.1145
3100.0 0.1175
3101.0 0.1204
3102.0 0.123
3103.0 0.1255
3104.0 0.1281
3105.0 0.1306
3106.0 0.1331
3107.0 0.1357
3108.0 0.1382
3109.0 0.1408
3110.0 0.1433
3111.0 0.1458
3112.0 0.1475
3113.0 0.1493
3114.0 0.1511
3115.0 0.1528
3116.0 0.1546
3117.0 0.1564
3118.0 0.1581
3119.0 0.1599
3120.0 0.1617
3121.0 0.1633
3122.0 0.1639
3123.0 0.1644
3124.0 0.165
3125.0 0.1655
3126.0 0.1661
3127.0 0.1666
3128.0 0.1672
3129.0 0.1677
3130.0 0.1683
3131.0 0.1689
3132.0 0.1695
3133.0 0.1701
3134.0 0.1708
3135.0 0.1714
3136.0 0.1721
3137.0 0.1727
3138.0 0.1733
3139.0 0.174
3140.0 0.1746
3141.0 0.1752
3142.0 0.1753
3143.0 0.1754
3144.0 0.1755
3145.0 0.1757
3146.0 0.1758
3147.0 0.1759
3148.0 0.176
3149.0 0.1762
3150.0 0.1763
3151.0 0.1764
3152.0 0.1766
3153.0 0.1767
3154.0 0.1768
3155.0 0.177
3156.0 0.1771
3157.0 0.1772
3158.0 0.1774
3159.0 0.1775
3160.0 0.1776
3161.0 0.1778
3162.0 0.1782
3163.0 0.1786
3164.0 0.1791
3165.0 0.1795
3166.0 0.1799
3167.0 0.1804
3168.0 0.1808
3169.0 0.1813
3170.0 0.1817
3171.0 0.1821
3172.0 0.1825
3173.0 0.1828
3174.0 0.1831
3175.0 0.1835
3176.0 0.1838
3177.0 0.1841
3178.0 0.1845
3179.0 0.1848
3180.0 0.1851
3181.0 0.1854
3182.0 0.1856
3183.0 0.1858
3184.0 0.186
3185.0 0.1862
3186.0 0.1864
3187.0 0.1866
3188.0 0.1869
3189.0 0.1871
3190.0 0.1873
3191.0 0.1875
3192.0 0.1879
3193.0 0.1883
3194.0 0.1887
3195.0 0.189
3196.0 0.1894
3197.0 0.1898
3198.0 0.1902
3199.0 0.1906
3200.0 0.191
3201.0 0.1913
3202.0 0.1911
3203.0 0.1909
3204.0 0.1908
3205.0 0.1906
3206.0 0.1904
3207.0 0.1902
3208.0 0.19
3209.0 0.1899
3210.0 0.1897
3211.0 0.1895
3212.0 0.1898
3213.0 0.19
3214.0 0.1903
3215.0 0.1905
3216.0 0.1907
3217.0 0.191
3218.0 0.1912
3219.0 0.1915
3220.0 0.1917
3221.0 0.1919
3222.0 0.1918
3223.0 0.1917
3224.0 0.1915
3225.0 0.1914
3226.0 0.1913
3227.0 0.1912
3228.0 0.1911
3229.0 0.191
3230.0 0.1908
3231.0 0.1907
3232.0 0.1908
3233.0 0.1908
3234.0 0.1908
3235.0 0.1908
3236.0 0.1908
3237.0 0.1908
3238.0 0.1908
3239.0 0.1908
3240.0 0.1908
3241.0 0.1908
3242.0 0.1909
3243.0 0.191
3244.0 0.191
3245.0 0.1911
3246.0 0.1912
3247.0 0.1913
3248.0 0.1913
3249.0 0.1914
3250.0 0.1915
3251.0 0.1916
3252.0 0.1917
3253.0 0.1917
3254.0 0.1918
3255.0 0.1919
3256.0 0.192
3257.0 0.192
3258.0 0.1921
3259.0 0.1922
3260.0 0.1923
3261.0 0.1923
3262.0 0.1924
3263.0 0.1924
3264.0 0.1924
3265.0 0.1925
3266.0 0.1925
3267.0 0.1926
3268.0 0.1926
3269.0 0.1926
3270.0 0.1927
3271.0 0.1927
3272.0 0.1927
3273.0 0.1927
3274.0 0.1927
3275.0 0.1927
3276.0 0.1927
3277.0 0.1927
3278.0 0.1927
3279.0 0.1927
3280.0 0.1927
3281.0 0.1927
3282.0 0.1926
3283.0 0.1926
3284.0 0.1926
3285.0 0.1925
3286.0 0.1925
3287.0 0.1924
3288.0 0.1924
3289.0 0.1924
3290.0 0.1923
3291.0 0.1923
3292.0 0.1923
3293.0 0.1922
3294.0 0.1922
3295.0 0.1922
3296.0 0.1921
3297.0 0.1921
3298.0 0.1921
3299.0 0.1921
3300.0 0.192
3301.0 0.192
3302.0 0.1919
3303.0 0.1918
3304.0 0.1917
3305.0 0.1916
3306.0 0.1915
3307.0 0.1915
3308.0 0.1914
3309.0 0.1913
3310.0 0.1912
3311.0 0.1911
3312.0 0.1912
3313.0 0.1912
3314.0 0.1913
3315.0 0.1913
3316.0 0.1914
3317.0 0.1914
3318.0 0.1914
3319.0 0.1915
3320.0 0.1915
3321.0 0.1916
3322.0 0.1917
3323.0 0.1918
3324.0 0.1919
3325.0 0.192
3326.0 0.1921
3327.0 0.1923
3328.0 0.1924
3329.0 0.1925
3330.0 0.1926
3331.0 0.1928
3332.0 0.1929
3333.0 0.193
3334.0 0.1931
3335.0 0.1932
3336.0 0.1934
3337.0 0.1935
3338.0 0.1936
3339.0 0.1937
3340.0 0.1938
3341.0 0.1939
3342.0 0.194
3343.0 0.1941
3344.0 0.1941
3345.0 0.1942
3346.0 0.1943
3347.0 0.1943
3348.0 0.1944
3349.0 0.1945
3350.0 0.1945
3351.0 0.1946
3352.0 0.1946
3353.0 0.1945
3354.0 0.1945
3355.0 0.1945
3356.0 0.1944
3357.0 0.1944
3358.0 0.1944
3359.0 0.1943
3360.0 0.1943
3361.0 0.1942
3362.0 0.1941
3363.0 0.194
3364.0 0.1938
3365.0 0.1937
3366.0 0.1936
3367.0 0.1934
3368.0 0.1933
3369.0 0.1932
3370.0 0.193
3371.0 0.1929
3372.0 0.1927
3373.0 0.1926
3374.0 0.1924
3375.0 0.1922
3376.0 0.1921
3377.0 0.1919
3378.0 0.1917
3379.0 0.1916
3380.0 0.1914
3381.0 0.1912
3382.0 0.191
3383.0 0.1907
3384.0 0.1905
3385.0 0.1902
3386.0 0.1899
3387.0 0.1897
3388.0 0.1894
3389.0 0.1892
3390.0 0.1889
3391.0 0.1887
3392.0 0.1886
3393.0 0.1885
3394.0 0.1884
3395.0 0.1883
3396.0 0.1882
3397.0 0.1881
3398.0 0.188
3399.0 0.1879
3400.0 0.1878
3401.0 0.1876
3402.0 0.1875
3403.0 0.1875
3404.0 0.1874
3405.0 0.1873
3406.0 0.1873
3407.0 0.1872
3408.0 0.1871
3409.0 0.187
3410.0 0.187
3411.0 0.1869
3412.0 0.1869
3413.0 0.1869
3414.0 0.1868
3415.0 0.1868
3416.0 0.1868
3417.0 0.1868
3418.0 0.1867
3419.0 0.1867
3420.0 0.1867
3421.0 0.1866
3422.0 0.1866
3423.0 0.1865
3424.0 0.1865
3425.0 0.1864
3426.0 0.1863
3427.0 0.1863
3428.0 0.1862
3429.0 0.1861
3430.0 0.1861
3431.0 0.186
3432.0 0.186
3433.0 0.186
3434.0 0.186
3435.0 0.186
3436.0 0.186
3437.0 0.1859
3438.0 0.1859
3439.0 0.1859
3440.0 0.1859
3441.0 0.1859
3442.0 0.1857
3443.0 0.1856
3444.0 0.1854
3445.0 0.1853
3446.0 0.1851
3447.0 0.185
3448.0 0.1848
3449.0 0.1847
3450.0 0.1846
3451.0 0.1844
3452.0 0.1842
3453.0 0.184
3454.0 0.1838
3455.0 0.1836
3456.0 0.1835
3457.0 0.1833
3458.0 0.1831
3459.0 0.1829
3460.0 0.1827
3461.0 0.1825
3462.0 0.1822
3463.0 0.1819
3464.0 0.1817
3465.0 0.1814
3466.0 0.1812
3467.0 0.1809
3468.0 0.1806
3469.0 0.1804
3470.0 0.1801
3471.0 0.1798
3472.0 0.1796
3473.0 0.1794
3474.0 0.1791
3475.0 0.1789
3476.0 0.1787
3477.0 0.1784
3478.0 0.1782
3479.0 0.178
3480.0 0.1777
3481.0 0.1775
3482.0 0.1773
3483.0 0.177
3484.0 0.1768
3485.0 0.1765
3486.0 0.1763
3487.0 0.176
3488.0 0.1758
3489.0 0.1756
3490.0 0.1753
3491.0 0.1751
3492.0 0.1748
3493.0 0.1745
3494.0 0.1742
3495.0 0.174
3496.0 0.1737
3497.0 0.1734
3498.0 0.1732
3499.0 0.1729
3500.0 0.1726
3501.0 0.1724
3502.0 0.1721
3503.0 0.1718
3504.0 0.1715
3505.0 0.1712
3506.0 0.1709
3507.0 0.1706
3508.0 0.1703
3509.0 0.1701
3510.0 0.1698
3511.0 0.1695
3512.0 0.1692
3513.0 0.1689
3514.0 0.1686
3515.0 0.1683
3516.0 0.168
3517.0 0.1677
3518.0 0.1674
3519.0 0.1671
3520.0 0.1668
3521.0 0.1666
3522.0 0.1663
3523.0 0.166
3524.0 0.1657
3525.0 0.1654
3526.0 0.1651
3527.0 0.1648
3528.0 0.1645
3529.0 0.1642
3530.0 0.164
3531.0 0.1637
3532.0 0.1633
3533.0 0.163
3534.0 0.1627
3535.0 0.1624
3536.0 0.1621
3537.0 0.1618
3538.0 0.1615
3539.0 0.1612
3540.0 0.1609
3541.0 0.1606
3542.0 0.1603
3543.0 0.16
3544.0 0.1597
3545.0 0.1594
3546.0 0.1592
3547.0 0.1589
3548.0 0.1586
3549.0 0.1583
3550.0 0.158
3551.0 0.1577
3552.0 0.1574
3553.0 0.157
3554.0 0.1567
3555.0 0.1563
3556.0 0.156
3557.0 0.1556
3558.0 0.1553
3559.0 0.1549
3560.0 0.1546
3561.0 0.1542
3562.0 0.1538
3563.0 0.1534
3564.0 0.153
3565.0 0.1526
3566.0 0.1521
3567.0 0.1517
3568.0 0.1513
3569.0 0.1509
3570.0 0.1505
3571.0 0.1501
3572.0 0.1495
3573.0 0.149
3574.0 0.1485
3575.0 0.1479
3576.0 0.1474
3577.0 0.1468
3578.0 0.1463
3579.0 0.1458
3580.0 0.1452
3581.0 0.1447
3582.0 0.144
3583.0 0.1434
3584.0 0.1428
3585.0 0.1421
3586.0 0.1415
3587.0 0.1408
3588.0 0.1402
3589.0 0.1396
3590.0 0.1389
3591.0 0.1383
3592.0 0.1377
3593.0 0.137
3594.0 0.1364
3595.0 0.1357
3596.0 0.1351
3597.0 0.1344
3598.0 0.1338
3599.0 0.1331
3600.0 0.1325
3601.0 0.1319
3602.0 0.1315
3603.0 0.1312
3604.0 0.1308
3605.0 0.1304
3606.0 0.13
3607.0 0.1296
3608.0 0.1292
3609.0 0.1289
3610.0 0.1285
3611.0 0.1281
3612.0 0.1278
3613.0 0.1276
3614.0 0.1273
3615.0 0.127
3616.0 0.1268
3617.0 0.1265
3618.0 0.1262
3619.0 0.126
3620.0 0.1257
3621.0 0.1254
3622.0 0.1249
3623.0 0.1243
3624.0 0.1238
3625.0 0.1232
3626.0 0.1227
3627.0 0.1221
3628.0 0.1216
3629.0 0.121
3630.0 0.1205
3631.0 0.1199
3632.0 0.1184
3633.0 0.1169
3634.0 0.1153
3635.0 0.1137
3636.0 0.1122
3637.0 0.1106
3638.0 0.1091
3639.0 0.1075
3640.0 0.1059
3641.0 0.1044
3642.0 0.1016
3643.0 0.09886
3644.0 0.09607
3645.0 0.09328
3646.0 0.09049
3647.0 0.0877
3648.0 0.0849
3649.0 0.08211
3650.0 0.07931
3651.0 0.07651
3652.0 0.07345
3653.0 0.07039
3654.0 0.06733
3655.0 0.06426
3656.0 0.0612
3657.0 0.05813
3658.0 0.05506
3659.0 0.05199
3660.0 0.04892
3661.0 0.04585
3662.0 0.04357
3663.0 0.04133
3664.0 0.03909
3665.0 0.03684
3666.0 0.0346
3667.0 0.03235
3668.0 0.0301
3669.0 0.02785
3670.0 0.0256
3671.0 0.02335
3672.0 0.02208
3673.0 0.02085
3674.0 0.01962
3675.0 0.0184
3676.0 0.01717
3677.0 0.01594
3678.0 0.01471
3679.0 0.01349
3680.0 0.01226
3681.0 0.01103
3682.0 0.01043
3683.0 0.009863
3684.0 0.009298
3685.0 0.008731
3686.0 0.008165
3687.0 0.007599
3688.0 0.007032
3689.0 0.006465
3690.0 0.005897
3691.0 0.00533
3692.0 0.005052
3693.0 0.004789
3694.0 0.004525
3695.0 0.004261
3696.0 0.003998
3697.0 0.003734
3698.0 0.00347
3699.0 0.003205
3700.0 0.002941
3701.0 0.002676
3702.0 0.002544
3703.0 0.00242
3704.0 0.002295
3705.0 0.00217
3706.0 0.002046
3707.0 0.001921
3708.0 0.001796
3709.0 0.001671
3710.0 0.001546
3711.0 0.001422
3712.0 0.001356
3713.0 0.001294
3714.0 0.001231
3715.0 0.001169
3716.0 0.001107
3717.0 0.001044
3718.0 0.000982
3719.0 0.0009196
3720.0 0.0008571
3721.0 0.0007945
3722.0 0.00076
3723.0 0.0007271
3724.0 0.0006943
3725.0 0.0006614
3726.0 0.0006285
3727.0 0.0005956
3728.0 0.0005627
3729.0 0.0005298
3730.0 0.0004969
3731.0 0.000464
3732.0 0.0004445
3733.0 0.000426
3734.0 0.0004074
3735.0 0.0003888
3736.0 0.0003702
3737.0 0.0003517
3738.0 0.0003331
3739.0 0.0003144
3740.0 0.0002958
3741.0 0.0002772
3742.0 0.0002662
3743.0 0.0002557
3744.0 0.0002452
3745.0 0.0002347
3746.0 0.0002241
3747.0 0.0002136
3748.0 0.000203
3749.0 0.0001925
3750.0 0.0001819
3751.0 0.0001714
3752.0 0.0001647
3753.0 0.0001584
3754.0 0.000152
3755.0 0.0001457
3756.0 0.0001393
3757.0 0.000133
3758.0 0.0001266
3759.0 0.0001203
3760.0 0.0001139
3761.0 0.0001075
3762.0 0.0001036
3763.0 9.982e-05
3764.0 9.605e-05
3765.0 9.228e-05
3766.0 8.85e-05
3767.0 8.472e-05
3768.0 8.094e-05
3769.0 7.716e-05
3770.0 7.337e-05
3771.0 6.958e-05
3772.0 6.669e-05
3773.0 6.386e-05
3774.0 6.103e-05
3775.0 5.821e-05
3776.0 5.538e-05
3777.0 5.255e-05
3778.0 4.972e-05
3779.0 4.688e-05
3780.0 4.405e-05
3781.0 4.122e-05
3782.0 3.965e-05
3783.0 3.819e-05
3784.0 3.673e-05
3785.0 3.527e-05
3786.0 3.38e-05
3787.0 3.234e-05
3788.0 3.087e-05
3789.0 2.941e-05
3790.0 2.794e-05
3791.0 2.648e-05
3792.0 2.541e-05
3793.0 2.437e-05
3794.0 2.333e-05
3795.0 2.229e-05
3796.0 2.125e-05
3797.0 2.021e-05
3798.0 1.917e-05
3799.0 1.813e-05
3800.0 1.708e-05
3801.0 1.605e-05
3802.0 1.542e-05
3803.0 1.484e-05
3804.0 1.425e-05
3805.0 1.366e-05
3806.0 1.307e-05
3807.0 1.248e-05
3808.0 1.189e-05
3809.0 1.13e-05
3810.0 1.071e-05
3811.0 1.012e-05
3812.0 9.654e-06
3813.0 9.204e-06
3814.0 8.753e-06
3815.0 8.302e-06
3816.0 7.85e-06
3817.0 7.398e-06
3818.0 6.945e-06
3819.0 6.492e-06
3820.0 6.038e-06
3821.0 5.584e-06
3822.0 5.461e-06
3823.0 5.367e-06
3824.0 5.274e-06
3825.0 5.181e-06
3826.0 5.087e-06
3827.0 4.994e-06
3828.0 4.9e-06
3829.0 4.806e-06
3830.0 4.712e-06
3831.0 4.618e-06
3832.0 4.523e-06
3833.0 4.428e-06
3834.0 4.333e-06
3835.0 4.239e-06
3836.0 4.143e-06
3837.0 4.048e-06
3838.0 3.953e-06
3839.0 3.858e-06
3840.0 3.762e-06
3841.0 3.667e-06
3842.0 3.571e-06
3843.0 3.476e-06
3844.0 3.38e-06
3845.0 3.284e-06
3846.0 3.188e-06
3847.0 3.092e-06
3848.0 2.996e-06
3849.0 2.899e-06
3850.0 2.803e-06
3851.0 2.706e-06
3852.0 2.609e-06
3853.0 2.512e-06
3854.0 2.415e-06
3855.0 2.318e-06
3856.0 2.22e-06
3857.0 2.123e-06
3858.0 2.025e-06
3859.0 1.927e-06
3860.0 1.829e-06
3861.0 1.731e-06
3862.0 1.633e-06
3863.0 1.535e-06
3864.0 1.437e-06
3865.0 1.338e-06
3866.0 1.24e-06
3867.0 1.141e-06
3868.0 1.042e-06
3869.0 9.435e-07
3870.0 8.445e-07
3871.0 7.455e-07
3872.0 7.099e-07
3873.0 6.811e-07
3874.0 6.523e-07
3875.0 6.234e-07
3876.0 5.945e-07
3877.0 5.655e-07
3878.0 5.366e-07
3879.0 5.075e-07
3880.0 4.785e-07
3881.0 4.494e-07
3882.0 4.27e-07
3883.0 4.054e-07
3884.0 3.838e-07
3885.0 3.621e-07
3886.0 3.404e-07
3887.0 3.187e-07
3888.0 2.97e-07
3889.0 2.752e-07
3890.0 2.535e-07
3891.0 2.317e-07
3892.0 2.212e-07
3893.0 2.121e-07
3894.0 2.029e-07
3895.0 1.937e-07
3896.0 1.845e-07
3897.0 1.753e-07
3898.0 1.661e-07
3899.0 1.569e-07
3900.0 1.477e-07
3901.0 1.385e-07
3902.0 1.337e-07
3903.0 1.294e-07
3904.0 1.251e-07
3905.0 1.208e-07
3906.0 1.165e-07
3907.0 1.122e-07
3908.0 1.078e-07
3909.0 1.035e-07
3910.0 9.92e-08
3911.0 9.486e-08
3912.0 9.14e-08
3913.0 8.805e-08
3914.0 8.469e-08
3915.0 8.133e-08
3916.0 7.796e-08
3917.0 7.459e-08
3918.0 7.121e-08
3919.0 6.784e-08
3920.0 6.446e-08
3921.0 6.107e-08
3922.0 5.904e-08
3923.0 5.718e-08
3924.0 5.532e-08
3925.0 5.346e-08
3926.0 5.159e-08
3927.0 4.973e-08
3928.0 4.786e-08
3929.0 4.598e-08
3930.0 4.411e-08
3931.0 4.224e-08
3932.0 4.185e-08
3933.0 4.165e-08
3934.0 4.145e-08
3935.0 4.126e-08
3936.0 4.106e-08
3937.0 4.086e-08
3938.0 4.066e-08
3939.0 4.046e-08
3940.0 4.026e-08
3941.0 4.006e-08
3942.0 3.832e-08
3943.0 3.639e-08
3944.0 3.445e-08
3945.0 3.251e-08
3946.0 3.057e-08
3947.0 2.862e-08
3948.0 2.668e-08
3949.0 2.473e-08
3950.0 2.278e-08
3951.0 2.083e-08
3952.0 2.162e-08
3953.0 2.278e-08
3954.0 2.394e-08
3955.0 2.51e-08
3956.0 2.626e-08
3957.0 2.742e-08
3958.0 2.859e-08
3959.0 2.975e-08
3960.0 3.092e-08
3961.0 3.209e-08
3962.0 3.131e-08
3963.0 3.026e-08
3964.0 2.921e-08
3965.0 2.816e-08
3966.0 2.711e-08
3967.0 2.606e-08
3968.0 2.5e-08
3969.0 2.395e-08
3970.0 2.289e-08
3971.0 2.183e-08
3972.0 2.454e-08
3973.0 2.779e-08
3974.0 3.104e-08
3975.0 3.43e-08
3976.0 3.755e-08
3977.0 4.082e-08
3978.0 4.408e-08
3979.0 4.735e-08
3980.0 5.062e-08
3981.0 5.39e-08
3982.0 5.223e-08
3983.0 4.986e-08
3984.0 4.748e-08
3985.0 4.51e-08
3986.0 4.272e-08
3987.0 4.034e-08
3988.0 3.795e-08
3989.0 3.556e-08
3990.0 3.317e-08
3991.0 3.078e-08
3992.0 2.883e-08
3993.0 2.696e-08
3994.0 2.508e-08
3995.0 2.319e-08
3996.0 2.131e-08
3997.0 1.942e-08
3998.0 1.753e-08
3999.0 1.564e-08
4000.0 1.374e-08
4001.0 1.184e-08
4002.0 1.15e-08
4003.0 1.141e-08
4004.0 1.131e-08
4005.0 1.121e-08
4006.0 1.111e-08
4007.0 1.101e-08
4008.0 1.092e-08
4009.0 1.082e-08
4010.0 1.072e-08
4011.0 1.062e-08
4012.0 1.076e-08
4013.0 1.094e-08
4014.0 1.112e-08
4015.0 1.13e-08
4016.0 1.148e-08
4017.0 1.166e-08
4018.0 1.184e-08
4019.0 1.202e-08
4020.0 1.22e-08
4021.0 1.238e-08
4022.0 1.272e-08
4023.0 1.308e-08
4024.0 1.345e-08
4025.0 1.381e-08
4026.0 1.417e-08
4027.0 1.454e-08
4028.0 1.49e-08
4029.0 1.527e-08
4030.0 1.563e-08
4031.0 1.599e-08
4032.0 1.467e-08
4033.0 1.307e-08
4034.0 1.147e-08
4035.0 9.87e-09
4036.0 8.269e-09
4037.0 6.667e-09
4038.0 5.065e-09
4039.0 3.462e-09
4040.0 1.858e-09
4041.0 2.542e-10
4042.0 1.181e-09
4043.0 2.525e-09
4044.0 3.87e-09
4045.0 5.215e-09
4046.0 6.561e-09
4047.0 7.908e-09
4048.0 9.255e-09
4049.0 1.06e-08
4050.0 1.195e-08
4051.0 1.33e-08
4052.0 1.405e-08
4053.0 1.47e-08
4054.0 1.535e-08
4055.0 1.6e-08
4056.0 1.665e-08
4057.0 1.73e-08
4058.0 1.795e-08
4059.0 1.86e-08
4060.0 1.925e-08
4061.0 1.99e-08
4062.0 1.939e-08
4063.0 1.867e-08
4064.0 1.796e-08
4065.0 1.725e-08
4066.0 1.654e-08
4067.0 1.582e-08
4068.0 1.511e-08
4069.0 1.44e-08
4070.0 1.369e-08
4071.0 1.297e-08
4072.0 1.29e-08
4073.0 1.294e-08
4074.0 1.298e-08
4075.0 1.301e-08
4076.0 1.305e-08
4077.0 1.309e-08
4078.0 1.313e-08
4079.0 1.317e-08
4080.0 1.321e-08
4081.0 1.325e-08
4082.0 1.38e-08
4083.0 1.445e-08
4084.0 1.509e-08
4085.0 1.574e-08
4086.0 1.638e-08
4087.0 1.703e-08
4088.0 1.767e-08
4089.0 1.832e-08
4090.0 1.897e-08
4091.0 1.961e-08
4092.0 1.904e-08
4093.0 1.824e-08
4094.0 1.745e-08
4095.0 1.665e-08
4096.0 1.585e-08
4097.0 1.506e-08
4098.0 1.426e-08
4099.0 1.346e-08
4100.0 1.266e-08
4101.0 1.187e-08
4102.0 1.076e-08
4103.0 9.586e-09
4104.0 8.416e-09
4105.0 7.246e-09
4106.0 6.075e-09
4107.0 4.904e-09
4108.0 3.732e-09
4109.0 2.56e-09
4110.0 1.388e-09
4111.0 2.147e-10
4112.0 1.181e-09
4113.0 2.554e-09
4114.0 3.929e-09
4115.0 5.304e-09
4116.0 6.68e-09
4117.0 8.056e-09
4118.0 9.433e-09
4119.0 1.081e-08
4120.0 1.219e-08
4121.0 1.357e-08
4122.0 1.318e-08
4123.0 1.245e-08
4124.0 1.172e-08
4125.0 1.099e-08
4126.0 1.026e-08
4127.0 9.523e-09
4128.0 8.791e-09
4129.0 8.058e-09
4130.0 7.325e-09
4131.0 6.592e-09
4132.0 6.715e-09
4133.0 7.008e-09
4134.0 7.301e-09
4135.0 7.594e-09
4136.0 7.887e-09
4137.0 8.181e-09
4138.0 8.474e-09
4139.0 8.768e-09
4140.0 9.062e-09
4141.0 9.355e-09
4142.0 9.504e-09
4143.0 9.624e-09
4144.0 9.744e-09
4145.0 9.864e-09
4146.0 9.984e-09
4147.0 1.01e-08
4148.0 1.022e-08
4149.0 1.034e-08
4150.0 1.046e-08
4151.0 1.059e-08
4152.0 1.144e-08
4153.0 1.245e-08
4154.0 1.346e-08
4155.0 1.447e-08
4156.0 1.549e-08
4157.0 1.65e-08
4158.0 1.751e-08
4159.0 1.852e-08
4160.0 1.954e-08
4161.0 2.055e-08
4162.0 2.012e-08
4163.0 1.938e-08
4164.0 1.864e-08
4165.0 1.791e-08
4166.0 1.717e-08
4167.0 1.643e-08
4168.0 1.569e-08
4169.0 1.495e-08
4170.0 1.422e-08
4171.0 1.348e-08
4172.0 1.353e-08
4173.0 1.374e-08
4174.0 1.396e-08
4175.0 1.418e-08
4176.0 1.44e-08
4177.0 1.462e-08
4178.0 1.483e-08
4179.0 1.505e-08
4180.0 1.527e-08
4181.0 1.549e-08
4182.0 1.543e-08
4183.0 1.532e-08
4184.0 1.52e-08
4185.0 1.509e-08
4186.0 1.497e-08
4187.0 1.486e-08
4188.0 1.474e-08
4189.0 1.463e-08
4190.0 1.451e-08
4191.0 1.439e-08
4192.0 1.518e-08
4193.0 1.616e-08
4194.0 1.714e-08
4195.0 1.812e-08
4196.0 1.911e-08
4197.0 2.009e-08
4198.0 2.107e-08
4199.0 2.206e-08
4200.0 2.304e-08
4201.0 2.402e-08
4202.0 2.399e-08
4203.0 2.372e-08
4204.0 2.345e-08
4205.0 2.319e-08
4206.0 2.292e-08
4207.0 2.265e-08
4208.0 2.239e-08
4209.0 2.212e-08
4210.0 2.185e-08
4211.0 2.158e-08
4212.0 2.171e-08
4213.0 2.192e-08
4214.0 2.213e-08
4215.0 2.234e-08
4216.0 2.255e-08
4217.0 2.276e-08
4218.0 2.297e-08
4219.0 2.318e-08
4220.0 2.339e-08
4221.0 2.361e-08
4222.0 2.275e-08
4223.0 2.164e-08
4224.0 2.053e-08
4225.0 1.942e-08
4226.0 1.831e-08
4227.0 1.72e-08
4228.0 1.609e-08
4229.0 1.498e-08
4230.0 1.387e-08
4231.0 1.275e-08
4232.0 1.441e-08
4233.0 1.672e-08
4234.0 1.903e-08
4235.0 2.134e-08
4236.0 2.366e-08
4237.0 2.597e-08
4238.0 2.829e-08
4239.0 3.06e-08
4240.0 3.292e-08
4241.0 3.523e-08
4242.0 3.404e-08
4243.0 3.2e-08
4244.0 2.996e-08
4245.0 2.792e-08
4246.0 2.588e-08
4247.0 2.384e-08
4248.0 2.18e-08
4249.0 1.976e-08
4250.0 1.772e-08
4251.0 1.568e-08
4252.0 1.548e-08
4253.0 1.573e-08
4254.0 1.597e-08
4255.0 1.622e-08
4256.0 1.647e-08
4257.0 1.672e-08
4258.0 1.697e-08
4259.0 1.722e-08
4260.0 1.747e-08
4261.0 1.771e-08
4262.0 1.833e-08
4263.0 1.903e-08
4264.0 1.974e-08
4265.0 2.044e-08
4266.0 2.115e-08
4267.0 2.185e-08
4268.0 2.256e-08
4269.0 2.326e-08
4270.0 2.397e-08
4271.0 2.468e-08
4272.0 2.422e-08
4273.0 2.347e-08
4274.0 2.273e-08
4275.0 2.198e-08
4276.0 2.123e-08
4277.0 2.048e-08
4278.0 1.973e-08
4279.0 1.898e-08
4280.0 1.823e-08
4281.0 1.748e-08
4282.0 1.834e-08
4283.0 1.961e-08
4284.0 2.088e-08
4285.0 2.215e-08
4286.0 2.343e-08
4287.0 2.47e-08
4288.0 2.597e-08
4289.0 2.724e-08
4290.0 2.852e-08
4291.0 2.98e-08
4292.0 3.068e-08
4293.0 3.146e-08
4294.0 3.224e-08
4295.0 3.302e-08
4296.0 3.38e-08
4297.0 3.458e-08
4298.0 3.536e-08
4299.0 3.614e-08
4300.0 3.692e-08
4301.0 3.77e-08
4302.0 3.692e-08
4303.0 3.572e-08
4304.0 3.452e-08
4305.0 3.332e-08
4306.0 3.212e-08
4307.0 3.092e-08
4308.0 2.973e-08
4309.0 2.853e-08
4310.0 2.733e-08
4311.0 2.613e-08
4312.0 2.543e-08
4313.0 2.486e-08
4314.0 2.429e-08
4315.0 2.373e-08
4316.0 2.316e-08
4317.0 2.26e-08
4318.0 2.203e-08
4319.0 2.146e-08
4320.0 2.09e-08
4321.0 2.033e-08
4322.0 2.014e-08
4323.0 2.005e-08
4324.0 1.996e-08
4325.0 1.987e-08
4326.0 1.978e-08
4327.0 1.969e-08
4328.0 1.96e-08
4329.0 1.951e-08
4330.0 1.942e-08
4331.0 1.933e-08
4332.0 1.906e-08
4333.0 1.873e-08
4334.0 1.84e-08
4335.0 1.807e-08
4336.0 1.775e-08
4337.0 1.742e-08
4338.0 1.709e-08
4339.0 1.676e-08
4340.0 1.643e-08
4341.0 1.61e-08
4342.0 1.74e-08
4343.0 1.917e-08
4344.0 2.093e-08
4345.0 2.27e-08
4346.0 2.447e-08
4347.0 2.623e-08
4348.0 2.8e-08
4349.0 2.977e-08
4350.0 3.154e-08
4351.0 3.331e-08
4352.0 3.253e-08
4353.0 3.102e-08
4354.0 2.951e-08
4355.0 2.8e-08
4356.0 2.649e-08
4357.0 2.497e-08
4358.0 2.346e-08
4359.0 2.195e-08
4360.0 2.044e-08
4361.0 1.892e-08
4362.0 1.805e-08
4363.0 1.735e-08
4364.0 1.666e-08
4365.0 1.596e-08
4366.0 1.527e-08
4367.0 1.458e-08
4368.0 1.388e-08
4369.0 1.319e-08
4370.0 1.249e-08
4371.0 1.18e-08
4372.0 1.296e-08
4373.0 1.468e-08
4374.0 1.639e-08
4375.0 1.811e-08
4376.0 1.983e-08
4377.0 2.154e-08
4378.0 2.326e-08
4379.0 2.498e-08
4380.0 2.67e-08
4381.0 2.842e-08
4382.0 2.77e-08
4383.0 2.626e-08
4384.0 2.481e-08
4385.0 2.336e-08
4386.0 2.191e-08
4387.0 2.046e-08
4388.0 1.902e-08
4389.0 1.757e-08
4390.0 1.612e-08
4391.0 1.467e-08
4392.0 1.546e-08
4393.0 1.693e-08
4394.0 1.84e-08
4395.0 1.987e-08
4396.0 2.135e-08
4397.0 2.282e-08
4398.0 2.429e-08
4399.0 2.577e-08
4400.0 2.724e-08
4401.0 2.872e-08
4402.0 2.806e-08
4403.0 2.675e-08
4404.0 2.545e-08
4405.0 2.414e-08
4406.0 2.283e-08
4407.0 2.151e-08
4408.0 2.02e-08
4409.0 1.889e-08
4410.0 1.758e-08
4411.0 1.627e-08
4412.0 1.635e-08
4413.0 1.687e-08
4414.0 1.74e-08
4415.0 1.792e-08
4416.0 1.844e-08
4417.0 1.896e-08
4418.0 1.948e-08
4419.0 2.001e-08
4420.0 2.053e-08
4421.0 2.105e-08
4422.0 2.11e-08
4423.0 2.1e-08
4424.0 2.09e-08
4425.0 2.08e-08
4426.0 2.07e-08
4427.0 2.06e-08
4428.0 2.05e-08
4429.0 2.039e-08
4430.0 2.029e-08
4431.0 2.019e-08
4432.0 2.039e-08
4433.0 2.069e-08
4434.0 2.099e-08
4435.0 2.129e-08
4436.0 2.159e-08
4437.0 2.188e-08
4438.0 2.218e-08
4439.0 2.248e-08
4440.0 2.278e-08
4441.0 2.308e-08
4442.0 2.284e-08
4443.0 2.242e-08
4444.0 2.2e-08
4445.0 2.158e-08
4446.0 2.116e-08
4447.0 2.074e-08
4448.0 2.032e-08
4449.0 1.99e-08
4450.0 1.948e-08
4451.0 1.906e-08
4452.0 1.912e-08
4453.0 1.933e-08
4454.0 1.955e-08
4455.0 1.976e-08
4456.0 1.998e-08
4457.0 2.019e-08
4458.0 2.041e-08
4459.0 2.062e-08
4460.0 2.084e-08
4461.0 2.105e-08
4462.0 2.043e-08
4463.0 1.953e-08
4464.0 1.863e-08
4465.0 1.773e-08
4466.0 1.682e-08
4467.0 1.592e-08
4468.0 1.501e-08
4469.0 1.411e-08
4470.0 1.32e-08
4471.0 1.229e-08
4472.0 1.281e-08
4473.0 1.38e-08
4474.0 1.48e-08
4475.0 1.58e-08
4476.0 1.68e-08
4477.0 1.78e-08
4478.0 1.88e-08
4479.0 1.98e-08
4480.0 2.08e-08
4481.0 2.18e-08
4482.0 2.188e-08
4483.0 2.164e-08
4484.0 2.14e-08
4485.0 2.116e-08
4486.0 2.092e-08
4487.0 2.068e-08
4488.0 2.044e-08
4489.0 2.02e-08
4490.0 1.996e-08
4491.0 1.972e-08
4492.0 1.998e-08
4493.0 2.042e-08
4494.0 2.086e-08
4495.0 2.13e-08
4496.0 2.174e-08
4497.0 2.218e-08
4498.0 2.262e-08
4499.0 2.306e-08
4500.0 2.35e-08
4501.0 2.394e-08
4502.0 2.376e-08
4503.0 2.337e-08
4504.0 2.298e-08
4505.0 2.259e-08
4506.0 2.219e-08
4507.0 2.18e-08
4508.0 2.141e-08
4509.0 2.102e-08
4510.0 2.063e-08
4511.0 2.024e-08
4512.0 2.077e-08
4513.0 2.164e-08
4514.0 2.251e-08
4515.0 2.338e-08
4516.0 2.424e-08
4517.0 2.511e-08
4518.0 2.598e-08
4519.0 2.685e-08
4520.0 2.772e-08
4521.0 2.859e-08
4522.0 2.797e-08
4523.0 2.68e-08
4524.0 2.564e-08
4525.0 2.447e-08
4526.0 2.331e-08
4527.0 2.214e-08
4528.0 2.097e-08
4529.0 1.981e-08
4530.0 1.864e-08
4531.0 1.748e-08
4532.0 1.73e-08
4533.0 1.749e-08
4534.0 1.768e-08
4535.0 1.787e-08
4536.0 1.806e-08
4537.0 1.825e-08
4538.0 1.844e-08
4539.0 1.863e-08
4540.0 1.882e-08
4541.0 1.9e-08
4542.0 1.955e-08
4543.0 2.023e-08
4544.0 2.092e-08
4545.0 2.16e-08
4546.0 2.228e-08
4547.0 2.296e-08
4548.0 2.365e-08
4549.0 2.433e-08
4550.0 2.501e-08
4551.0 2.57e-08
4552.0 2.565e-08
4553.0 2.532e-08
4554.0 2.499e-08
4555.0 2.467e-08
4556.0 2.434e-08
4557.0 2.401e-08
4558.0 2.368e-08
4559.0 2.336e-08
4560.0 2.303e-08
4561.0 2.27e-08
4562.0 2.254e-08
4563.0 2.243e-08
4564.0 2.233e-08
4565.0 2.223e-08
4566.0 2.212e-08
4567.0 2.202e-08
4568.0 2.192e-08
4569.0 2.181e-08
4570.0 2.171e-08
4571.0 2.16e-08
4572.0 2.103e-08
4573.0 2.028e-08
4574.0 1.953e-08
4575.0 1.878e-08
4576.0 1.803e-08
4577.0 1.728e-08
4578.0 1.653e-08
4579.0 1.578e-08
4580.0 1.503e-08
4581.0 1.428e-08
4582.0 1.381e-08
4583.0 1.346e-08
4584.0 1.31e-08
4585.0 1.275e-08
4586.0 1.239e-08
4587.0 1.204e-08
4588.0 1.168e-08
4589.0 1.133e-08
4590.0 1.097e-08
4591.0 1.062e-08
4592.0 1.163e-08
4593.0 1.32e-08
4594.0 1.476e-08
4595.0 1.632e-08
4596.0 1.789e-08
4597.0 1.945e-08
4598.0 2.101e-08
4599.0 2.258e-08
4600.0 2.414e-08
4601.0 2.571e-08
4602.0 2.614e-08
4603.0 2.612e-08
4604.0 2.61e-08
4605.0 2.607e-08
4606.0 2.605e-08
4607.0 2.603e-08
4608.0 2.601e-08
4609.0 2.598e-08
4610.0 2.596e-08
4611.0 2.594e-08
4612.0 2.539e-08
4613.0 2.463e-08
4614.0 2.387e-08
4615.0 2.31e-08
4616.0 2.234e-08
4617.0 2.157e-08
4618.0 2.081e-08
4619.0 2.004e-08
4620.0 1.928e-08
4621.0 1.851e-08
4622.0 1.896e-08
4623.0 1.991e-08
4624.0 2.086e-08
4625.0 2.181e-08
4626.0 2.277e-08
4627.0 2.372e-08
4628.0 2.467e-08
4629.0 2.562e-08
4630.0 2.657e-08
4631.0 2.753e-08
4632.0 2.774e-08
4633.0 2.765e-08
4634.0 2.756e-08
4635.0 2.747e-08
4636.0 2.738e-08
4637.0 2.729e-08
4638.0 2.719e-08
4639.0 2.71e-08
4640.0 2.701e-08
4641.0 2.692e-08
4642.0 2.666e-08
4643.0 2.632e-08
4644.0 2.598e-08
4645.0 2.565e-08
4646.0 2.531e-08
4647.0 2.498e-08
4648.0 2.464e-08
4649.0 2.431e-08
4650.0 2.397e-08
4651.0 2.363e-08
4652.0 2.347e-08
4653.0 2.338e-08
4654.0 2.33e-08
4655.0 2.321e-08
4656.0 2.312e-08
4657.0 2.303e-08
4658.0 2.295e-08
4659.0 2.286e-08
4660.0 2.277e-08
4661.0 2.268e-08
4662.0 2.247e-08
4663.0 2.22e-08
4664.0 2.193e-08
4665.0 2.166e-08
4666.0 2.139e-08
4667.0 2.113e-08
4668.0 2.086e-08
4669.0 2.059e-08
4670.0 2.032e-08
4671.0 2.005e-08
4672.0 1.98e-08
4673.0 1.955e-08
4674.0 1.93e-08
4675.0 1.906e-08
4676.0 1.881e-08
4677.0 1.856e-08
4678.0 1.832e-08
4679.0 1.807e-08
4680.0 1.782e-08
4681.0 1.757e-08
4682.0 1.854e-08
4683.0 2.004e-08
4684.0 2.155e-08
4685.0 2.306e-08
4686.0 2.457e-08
4687.0 2.608e-08
4688.0 2.758e-08
4689.0 2.909e-08
4690.0 3.06e-08
4691.0 3.211e-08
4692.0 3.163e-08
4693.0 3.025e-08
4694.0 2.887e-08
4695.0 2.749e-08
4696.0 2.611e-08
4697.0 2.473e-08
4698.0 2.334e-08
4699.0 2.196e-08
4700.0 2.058e-08
4701.0 1.92e-08
4702.0 1.907e-08
4703.0 1.951e-08
4704.0 1.996e-08
4705.0 2.04e-08
4706.0 2.085e-08
4707.0 2.129e-08
4708.0 2.174e-08
4709.0 2.218e-08
4710.0 2.263e-08
4711.0 2.307e-08
4712.0 2.363e-08
4713.0 2.424e-08
4714.0 2.485e-08
4715.0 2.546e-08
4716.0 2.607e-08
4717.0 2.668e-08
4718.0 2.73e-08
4719.0 2.791e-08
4720.0 2.852e-08
4721.0 2.913e-08
4722.0 2.965e-08
4723.0 3.013e-08
4724.0 3.062e-08
4725.0 3.11e-08
4726.0 3.158e-08
4727.0 3.207e-08
4728.0 3.255e-08
4729.0 3.303e-08
4730.0 3.352e-08
4731.0 3.4e-08
4732.0 3.304e-08
4733.0 3.14e-08
4734.0 2.976e-08
4735.0 2.811e-08
4736.0 2.647e-08
4737.0 2.482e-08
4738.0 2.318e-08
4739.0 2.153e-08
4740.0 1.989e-08
4741.0 1.825e-08
4742.0 1.783e-08
4743.0 1.801e-08
4744.0 1.819e-08
4745.0 1.836e-08
4746.0 1.854e-08
4747.0 1.872e-08
4748.0 1.89e-08
4749.0 1.907e-08
4750.0 1.925e-08
4751.0 1.943e-08
4752.0 1.913e-08
4753.0 1.86e-08
4754.0 1.807e-08
4755.0 1.755e-08
4756.0 1.702e-08
4757.0 1.649e-08
4758.0 1.596e-08
4759.0 1.544e-08
4760.0 1.491e-08
4761.0 1.438e-08
4762.0 1.501e-08
4763.0 1.622e-08
4764.0 1.744e-08
4765.0 1.865e-08
4766.0 1.986e-08
4767.0 2.107e-08
4768.0 2.228e-08
4769.0 2.349e-08
4770.0 2.47e-08
4771.0 2.591e-08
4772.0 2.579e-08
4773.0 2.5e-08
4774.0 2.422e-08
4775.0 2.343e-08
4776.0 2.264e-08
4777.0 2.185e-08
4778.0 2.107e-08
4779.0 2.028e-08
4780.0 1.949e-08
4781.0 1.87e-08
4782.0 1.847e-08
4783.0 1.852e-08
4784.0 1.857e-08
4785.0 1.862e-08
4786.0 1.867e-08
4787.0 1.872e-08
4788.0 1.877e-08
4789.0 1.882e-08
4790.0 1.887e-08
4791.0 1.892e-08
4792.0 1.95e-08
4793.0 2.033e-08
4794.0 2.117e-08
4795.0 2.201e-08
4796.0 2.285e-08
4797.0 2.369e-08
4798.0 2.453e-08
4799.0 2.536e-08
4800.0 2.62e-08
4801.0 2.704e-08
4802.0 2.704e-08
4803.0 2.659e-08
4804.0 2.615e-08
4805.0 2.57e-08
4806.0 2.526e-08
4807.0 2.481e-08
4808.0 2.437e-08
4809.0 2.393e-08
4810.0 2.348e-08
4811.0 2.304e-08
4812.0 2.274e-08
4813.0 2.251e-08
4814.0 2.229e-08
4815.0 2.206e-08
4816.0 2.184e-08
4817.0 2.161e-08
4818.0 2.139e-08
4819.0 2.116e-08
4820.0 2.093e-08
4821.0 2.071e-08
4822.0 2.161e-08
4823.0 2.312e-08
4824.0 2.463e-08
4825.0 2.614e-08
4826.0 2.765e-08
4827.0 2.916e-08
4828.0 3.067e-08
4829.0 3.218e-08
4830.0 3.369e-08
4831.0 3.521e-08
4832.0 3.508e-08
4833.0 3.409e-08
4834.0 3.309e-08
4835.0 3.209e-08
4836.0 3.11e-08
4837.0 3.01e-08
4838.0 2.91e-08
4839.0 2.81e-08
4840.0 2.71e-08
4841.0 2.611e-08
4842.0 2.543e-08
4843.0 2.493e-08
4844.0 2.443e-08
4845.0 2.393e-08
4846.0 2.343e-08
4847.0 2.293e-08
4848.0 2.243e-08
4849.0 2.193e-08
4850.0 2.143e-08
4851.0 2.093e-08
4852.0 2.135e-08
4853.0 2.228e-08
4854.0 2.32e-08
4855.0 2.412e-08
4856.0 2.504e-08
4857.0 2.597e-08
4858.0 2.689e-08
4859.0 2.781e-08
4860.0 2.874e-08
4861.0 2.966e-08
4862.0 2.95e-08
4863.0 2.873e-08
4864.0 2.797e-08
4865.0 2.72e-08
4866.0 2.644e-08
4867.0 2.567e-08
4868.0 2.49e-08
4869.0 2.414e-08
4870.0 2.337e-08
4871.0 2.26e-08
4872.0 2.235e-08
4873.0 2.239e-08
4874.0 2.243e-08
4875.0 2.247e-08
4876.0 2.251e-08
4877.0 2.255e-08
4878.0 2.259e-08
4879.0 2.263e-08
4880.0 2.267e-08
4881.0 2.271e-08
4882.0 2.342e-08
4883.0 2.452e-08
4884.0 2.562e-08
4885.0 2.672e-08
4886.0 2.782e-08
4887.0 2.891e-08
4888.0 3.001e-08
4889.0 3.111e-08
4890.0 3.221e-08
4891.0 3.331e-08
4892.0 3.257e-08
4893.0 3.075e-08
4894.0 2.893e-08
4895.0 2.712e-08
4896.0 2.53e-08
4897.0 2.348e-08
4898.0 2.167e-08
4899.0 1.985e-08
4900.0 1.803e-08
4901.0 1.621e-08
4902.0 1.562e-08
4903.0 1.574e-08
4904.0 1.586e-08
4905.0 1.599e-08
4906.0 1.611e-08
4907.0 1.623e-08
4908.0 1.635e-08
4909.0 1.648e-08
4910.0 1.66e-08
4911.0 1.672e-08
4912.0 1.652e-08
4913.0 1.612e-08
4914.0 1.572e-08
4915.0 1.532e-08
4916.0 1.492e-08
4917.0 1.453e-08
4918.0 1.413e-08
4919.0 1.373e-08
4920.0 1.333e-08
4921.0 1.293e-08
4922.0 1.359e-08
4923.0 1.487e-08
4924.0 1.615e-08
4925.0 1.744e-08
4926.0 1.872e-08
4927.0 2.001e-08
4928.0 2.129e-08
4929.0 2.257e-08
4930.0 2.386e-08
4931.0 2.514e-08
4932.0 2.447e-08
4933.0 2.261e-08
4934.0 2.076e-08
4935.0 1.89e-08
4936.0 1.705e-08
4937.0 1.519e-08
4938.0 1.334e-08
4939.0 1.148e-08
4940.0 9.628e-09
4941.0 7.773e-09
4942.0 7.625e-09
4943.0 8.52e-09
4944.0 9.415e-09
4945.0 1.031e-08
4946.0 1.12e-08
4947.0 1.21e-08
4948.0 1.299e-08
4949.0 1.389e-08
4950.0 1.478e-08
4951.0 1.568e-08
4952.0 1.586e-08
4953.0 1.561e-08
4954.0 1.535e-08
4955.0 1.51e-08
4956.0 1.484e-08
4957.0 1.458e-08
4958.0 1.433e-08
4959.0 1.407e-08
4960.0 1.382e-08
4961.0 1.356e-08
4962.0 1.338e-08
4963.0 1.323e-08
4964.0 1.309e-08
4965.0 1.295e-08
4966.0 1.28e-08
4967.0 1.266e-08
4968.0 1.251e-08
4969.0 1.237e-08
4970.0 1.223e-08
4971.0 1.208e-08
4972.0 1.196e-08
4973.0 1.185e-08
4974.0 1.173e-08
4975.0 1.162e-08
4976.0 1.151e-08
4977.0 1.14e-08
4978.0 1.129e-08
4979.0 1.117e-08
4980.0 1.106e-08
4981.0 1.095e-08
4982.0 1.112e-08
4983.0 1.148e-08
4984.0 1.184e-08
4985.0 1.22e-08
4986.0 1.256e-08
4987.0 1.292e-08
4988.0 1.328e-08
4989.0 1.363e-08
4990.0 1.399e-08
4991.0 1.435e-08
4992.0 1.451e-08
4993.0 1.454e-08
4994.0 1.457e-08
4995.0 1.46e-08
4996.0 1.462e-08
4997.0 1.465e-08
4998.0 1.468e-08
4999.0 1.471e-08
5000.0 1.474e-08
5001.0 1.477e-08
5002.0 1.531e-08
5003.0 1.618e-08
5004.0 1.705e-08
5005.0 1.793e-08
5006.0 1.88e-08
5007.0 1.968e-08
5008.0 2.055e-08
5009.0 2.143e-08
5010.0 2.23e-08
5011.0 2.318e-08
5012.0 2.335e-08
5013.0 2.307e-08
5014.0 2.278e-08
5015.0 2.25e-08
5016.0 2.221e-08
5017.0 2.193e-08
5018.0 2.164e-08
5019.0 2.136e-08
5020.0 2.108e-08
5021.0 2.079e-08
5022.0 2.066e-08
5023.0 2.064e-08
5024.0 2.061e-08
5025.0 2.058e-08
5026.0 2.056e-08
5027.0 2.053e-08
5028.0 2.05e-08
5029.0 2.048e-08
5030.0 2.045e-08
5031.0 2.043e-08
5032.0 2.021e-08
5033.0 1.987e-08
5034.0 1.953e-08
5035.0 1.919e-08
5036.0 1.885e-08
5037.0 1.851e-08
5038.0 1.817e-08
5039.0 1.783e-08
5040.0 1.749e-08
5041.0 1.715e-08
5042.0 1.71e-08
5043.0 1.725e-08
5044.0 1.74e-08
5045.0 1.755e-08
5046.0 1.77e-08
5047.0 1.785e-08
5048.0 1.8e-08
5049.0 1.815e-08
5050.0 1.83e-08
5051.0 1.845e-08
5052.0 1.78e-08
5053.0 1.66e-08
5054.0 1.54e-08
5055.0 1.42e-08
5056.0 1.299e-08
5057.0 1.179e-08
5058.0 1.059e-08
5059.0 9.388e-09
5060.0 8.186e-09
5061.0 6.985e-09
5062.0 7.364e-09
5063.0 8.845e-09
5064.0 1.033e-08
5065.0 1.181e-08
5066.0 1.329e-08
5067.0 1.477e-08
5068.0 1.625e-08
5069.0 1.773e-08
5070.0 1.921e-08
5071.0 2.069e-08
5072.0 2.171e-08
5073.0 2.241e-08
5074.0 2.311e-08
5075.0 2.38e-08
5076.0 2.45e-08
5077.0 2.52e-08
5078.0 2.59e-08
5079.0 2.659e-08
5080.0 2.729e-08
5081.0 2.799e-08
5082.0 2.714e-08
5083.0 2.519e-08
5084.0 2.324e-08
5085.0 2.129e-08
5086.0 1.934e-08
5087.0 1.739e-08
5088.0 1.544e-08
5089.0 1.349e-08
5090.0 1.154e-08
5091.0 9.591e-09
5092.0 9.106e-09
5093.0 9.676e-09
5094.0 1.025e-08
5095.0 1.082e-08
5096.0 1.139e-08
5097.0 1.196e-08
5098.0 1.253e-08
5099.0 1.31e-08
5100.0 1.367e-08
5101.0 1.424e-08
5102.0 1.436e-08
5103.0 1.415e-08
5104.0 1.394e-08
5105.0 1.374e-08
5106.0 1.353e-08
5107.0 1.332e-08
5108.0 1.311e-08
5109.0 1.291e-08
5110.0 1.27e-08
5111.0 1.249e-08
5112.0 1.279e-08
5113.0 1.346e-08
5114.0 1.413e-08
5115.0 1.48e-08
5116.0 1.547e-08
5117.0 1.614e-08
5118.0 1.681e-08
5119.0 1.748e-08
5120.0 1.814e-08
5121.0 1.881e-08
5122.0 1.9e-08
5123.0 1.882e-08
5124.0 1.864e-08
5125.0 1.846e-08
5126.0 1.828e-08
5127.0 1.811e-08
5128.0 1.793e-08
5129.0 1.775e-08
5130.0 1.757e-08
5131.0 1.739e-08
5132.0 1.733e-08
5133.0 1.734e-08
5134.0 1.735e-08
5135.0 1.736e-08
5136.0 1.738e-08
5137.0 1.739e-08
5138.0 1.74e-08
5139.0 1.742e-08
5140.0 1.743e-08
5141.0 1.744e-08
5142.0 1.739e-08
5143.0 1.729e-08
5144.0 1.72e-08
5145.0 1.71e-08
5146.0 1.701e-08
5147.0 1.691e-08
5148.0 1.682e-08
5149.0 1.672e-08
5150.0 1.663e-08
5151.0 1.653e-08
5152.0 1.669e-08
5153.0 1.706e-08
5154.0 1.742e-08
5155.0 1.779e-08
5156.0 1.815e-08
5157.0 1.851e-08
5158.0 1.888e-08
5159.0 1.924e-08
5160.0 1.96e-08
5161.0 1.997e-08
5162.0 2.018e-08
5163.0 2.028e-08
5164.0 2.038e-08
5165.0 2.048e-08
5166.0 2.058e-08
5167.0 2.068e-08
5168.0 2.078e-08
5169.0 2.088e-08
5170.0 2.098e-08
5171.0 2.107e-08
5172.0 2.061e-08
5173.0 1.97e-08
5174.0 1.879e-08
5175.0 1.788e-08
5176.0 1.697e-08
5177.0 1.606e-08
5178.0 1.515e-08
5179.0 1.424e-08
5180.0 1.333e-08
5181.0 1.243e-08
5182.0 1.253e-08
5183.0 1.344e-08
5184.0 1.436e-08
5185.0 1.527e-08
5186.0 1.618e-08
5187.0 1.71e-08
5188.0 1.801e-08
5189.0 1.892e-08
5190.0 1.983e-08
5191.0 2.075e-08
5192.0 2.115e-08
5193.0 2.114e-08
5194.0 2.113e-08
5195.0 2.112e-08
5196.0 2.111e-08
5197.0 2.11e-08
5198.0 2.11e-08
5199.0 2.109e-08
5200.0 2.108e-08
5201.0 2.107e-08
5202.0 2.141e-08
5203.0 2.202e-08
5204.0 2.264e-08
5205.0 2.326e-08
5206.0 2.388e-08
5207.0 2.45e-08
5208.0 2.512e-08
5209.0 2.574e-08
5210.0 2.635e-08
5211.0 2.697e-08
5212.0 2.706e-08
5213.0 2.671e-08
5214.0 2.635e-08
5215.0 2.6e-08
5216.0 2.565e-08
5217.0 2.53e-08
5218.0 2.495e-08
5219.0 2.46e-08
5220.0 2.425e-08
5221.0 2.389e-08
5222.0 2.323e-08
5223.0 2.232e-08
5224.0 2.141e-08
5225.0 2.049e-08
5226.0 1.958e-08
5227.0 1.866e-08
5228.0 1.775e-08
5229.0 1.683e-08
5230.0 1.592e-08
5231.0 1.501e-08
5232.0 1.483e-08
5233.0 1.527e-08
5234.0 1.571e-08
5235.0 1.616e-08
5236.0 1.66e-08
5237.0 1.704e-08
5238.0 1.748e-08
5239.0 1.793e-08
5240.0 1.837e-08
5241.0 1.881e-08
5242.0 1.934e-08
5243.0 1.995e-08
5244.0 2.056e-08
5245.0 2.117e-08
5246.0 2.178e-08
5247.0 2.239e-08
5248.0 2.3e-08
5249.0 2.361e-08
5250.0 2.422e-08
5251.0 2.483e-08
5252.0 2.469e-08
5253.0 2.391e-08
5254.0 2.313e-08
5255.0 2.235e-08
5256.0 2.158e-08
5257.0 2.08e-08
5258.0 2.002e-08
5259.0 1.924e-08
5260.0 1.846e-08
5261.0 1.769e-08
5262.0 1.713e-08
5263.0 1.676e-08
5264.0 1.639e-08
5265.0 1.602e-08
5266.0 1.566e-08
5267.0 1.529e-08
5268.0 1.492e-08
5269.0 1.455e-08
5270.0 1.418e-08
5271.0 1.381e-08
5272.0 1.36e-08
5273.0 1.351e-08
5274.0 1.343e-08
5275.0 1.334e-08
5276.0 1.326e-08
5277.0 1.317e-08
5278.0 1.309e-08
5279.0 1.3e-08
5280.0 1.292e-08
5281.0 1.283e-08
5282.0 1.333e-08
5283.0 1.436e-08
5284.0 1.538e-08
5285.0 1.64e-08
5286.0 1.742e-08
5287.0 1.844e-08
5288.0 1.946e-08
5289.0 2.048e-08
5290.0 2.15e-08
5291.0 2.252e-08
5292.0 2.239e-08
5293.0 2.123e-08
5294.0 2.007e-08
5295.0 1.891e-08
5296.0 1.775e-08
5297.0 1.659e-08
5298.0 1.543e-08
5299.0 1.427e-08
5300.0 1.311e-08
5301.0 1.195e-08
5302.0 1.199e-08
5303.0 1.312e-08
5304.0 1.424e-08
5305.0 1.536e-08
5306.0 1.648e-08
5307.0 1.761e-08
5308.0 1.873e-08
5309.0 1.985e-08
5310.0 2.097e-08
5311.0 2.21e-08
5312.0 2.249e-08
5313.0 2.222e-08
5314.0 2.195e-08
5315.0 2.168e-08
5316.0 2.141e-08
5317.0 2.114e-08
5318.0 2.087e-08
5319.0 2.06e-08
5320.0 2.033e-08
5321.0 2.006e-08
5322.0 2.004e-08
5323.0 2.027e-08
5324.0 2.049e-08
5325.0 2.072e-08
5326.0 2.094e-08
5327.0 2.117e-08
5328.0 2.139e-08
5329.0 2.162e-08
5330.0 2.184e-08
5331.0 2.207e-08
5332.0 2.205e-08
5333.0 2.181e-08
5334.0 2.157e-08
5335.0 2.133e-08
5336.0 2.109e-08
5337.0 2.085e-08
5338.0 2.061e-08
5339.0 2.036e-08
5340.0 2.012e-08
5341.0 1.988e-08
5342.0 1.97e-08
5343.0 1.956e-08
5344.0 1.943e-08
5345.0 1.93e-08
5346.0 1.916e-08
5347.0 1.903e-08
5348.0 1.89e-08
5349.0 1.876e-08
5350.0 1.863e-08
5351.0 1.85e-08
5352.0 1.8e-08
5353.0 1.716e-08
5354.0 1.632e-08
5355.0 1.549e-08
5356.0 1.465e-08
5357.0 1.381e-08
5358.0 1.297e-08
5359.0 1.213e-08
5360.0 1.129e-08
5361.0 1.045e-08
5362.0 1.087e-08
5363.0 1.249e-08
5364.0 1.411e-08
5365.0 1.574e-08
5366.0 1.736e-08
5367.0 1.898e-08
5368.0 2.061e-08
5369.0 2.223e-08
5370.0 2.385e-08
5371.0 2.548e-08
5372.0 2.623e-08
5373.0 2.615e-08
5374.0 2.606e-08
5375.0 2.597e-08
5376.0 2.589e-08
5377.0 2.58e-08
5378.0 2.571e-08
5379.0 2.563e-08
5380.0 2.554e-08
5381.0 2.545e-08
5382.0 2.6e-08
5383.0 2.718e-08
5384.0 2.835e-08
5385.0 2.953e-08
5386.0 3.07e-08
5387.0 3.188e-08
5388.0 3.306e-08
5389.0 3.423e-08
5390.0 3.541e-08
5391.0 3.658e-08
5392.0 3.64e-08
5393.0 3.486e-08
5394.0 3.333e-08
5395.0 3.179e-08
5396.0 3.026e-08
5397.0 2.872e-08
5398.0 2.719e-08
5399.0 2.565e-08
5400.0 2.412e-08
5401.0 2.258e-08
5402.0 2.167e-08
5403.0 2.138e-08
5404.0 2.11e-08
5405.0 2.081e-08
5406.0 2.052e-08
5407.0 2.024e-08
5408.0 1.995e-08
5409.0 1.966e-08
5410.0 1.937e-08
5411.0 1.909e-08
5412.0 1.86e-08
5413.0 1.791e-08
5414.0 1.722e-08
5415.0 1.654e-08
5416.0 1.585e-08
5417.0 1.516e-08
5418.0 1.447e-08
5419.0 1.378e-08
5420.0 1.309e-08
5421.0 1.24e-08
5422.0 1.298e-08
5423.0 1.485e-08
5424.0 1.671e-08
5425.0 1.858e-08
5426.0 2.045e-08
5427.0 2.231e-08
5428.0 2.418e-08
5429.0 2.605e-08
5430.0 2.791e-08
5431.0 2.978e-08
5432.0 3.062e-08
5433.0 3.038e-08
5434.0 3.015e-08
5435.0 2.992e-08
5436.0 2.968e-08
5437.0 2.945e-08
5438.0 2.922e-08
5439.0 2.899e-08
5440.0 2.875e-08
5441.0 2.852e-08
5442.0 2.769e-08
5443.0 2.623e-08
5444.0 2.478e-08
5445.0 2.332e-08
5446.0 2.186e-08
5447.0 2.041e-08
5448.0 1.895e-08
5449.0 1.749e-08
5450.0 1.604e-08
5451.0 1.458e-08
5452.0 1.361e-08
5453.0 1.317e-08
5454.0 1.272e-08
5455.0 1.228e-08
5456.0 1.183e-08
5457.0 1.139e-08
5458.0 1.094e-08
5459.0 1.05e-08
5460.0 1.006e-08
5461.0 9.61e-09
5462.0 9.945e-09
5463.0 1.112e-08
5464.0 1.229e-08
5465.0 1.346e-08
5466.0 1.463e-08
5467.0 1.58e-08
5468.0 1.697e-08
5469.0 1.814e-08
5470.0 1.931e-08
5471.0 2.048e-08
5472.0 2.089e-08
5473.0 2.046e-08
5474.0 2.003e-08
5475.0 1.961e-08
5476.0 1.918e-08
5477.0 1.876e-08
5478.0 1.833e-08
5479.0 1.791e-08
5480.0 1.748e-08
5481.0 1.706e-08
5482.0 1.716e-08
5483.0 1.786e-08
5484.0 1.855e-08
5485.0 1.924e-08
5486.0 1.993e-08
5487.0 2.063e-08
5488.0 2.132e-08
5489.0 2.201e-08
5490.0 2.27e-08
5491.0 2.339e-08
5492.0 2.331e-08
5493.0 2.236e-08
5494.0 2.141e-08
5495.0 2.045e-08
5496.0 1.95e-08
5497.0 1.855e-08
5498.0 1.76e-08
5499.0 1.665e-08
5500.0 1.57e-08
5501.0 1.475e-08
5502.0 1.447e-08
5503.0 1.493e-08
5504.0 1.539e-08
5505.0 1.585e-08
5506.0 1.631e-08
5507.0 1.677e-08
5508.0 1.723e-08
5509.0 1.769e-08
5510.0 1.815e-08
5511.0 1.861e-08
5512.0 1.946e-08
5513.0 2.075e-08
5514.0 2.205e-08
5515.0 2.335e-08
5516.0 2.464e-08
5517.0 2.594e-08
5518.0 2.723e-08
5519.0 2.853e-08
5520.0 2.983e-08
5521.0 3.112e-08
5522.0 3.162e-08
5523.0 3.121e-08
5524.0 3.079e-08
5525.0 3.038e-08
5526.0 2.997e-08
5527.0 2.955e-08
5528.0 2.914e-08
5529.0 2.873e-08
5530.0 2.831e-08
5531.0 2.79e-08
5532.0 2.705e-08
5533.0 2.569e-08
5534.0 2.433e-08
5535.0 2.298e-08
5536.0 2.162e-08
5537.0 2.026e-08
5538.0 1.891e-08
5539.0 1.755e-08
5540.0 1.619e-08
5541.0 1.484e-08
5542.0 1.464e-08
5543.0 1.582e-08
5544.0 1.699e-08
5545.0 1.816e-08
5546.0 1.933e-08
5547.0 2.05e-08
5548.0 2.167e-08
5549.0 2.284e-08
5550.0 2.401e-08
5551.0 2.518e-08
5552.0 2.549e-08
5553.0 2.476e-08
5554.0 2.404e-08
5555.0 2.332e-08
5556.0 2.26e-08
5557.0 2.188e-08
5558.0 2.116e-08
5559.0 2.043e-08
5560.0 1.971e-08
5561.0 1.899e-08
5562.0 1.935e-08
5563.0 2.101e-08
5564.0 2.267e-08
5565.0 2.433e-08
5566.0 2.598e-08
5567.0 2.764e-08
5568.0 2.93e-08
5569.0 3.095e-08
5570.0 3.261e-08
5571.0 3.426e-08
5572.0 3.423e-08
5573.0 3.216e-08
5574.0 3.01e-08
5575.0 2.803e-08
5576.0 2.597e-08
5577.0 2.39e-08
5578.0 2.184e-08
5579.0 1.978e-08
5580.0 1.771e-08
5581.0 1.565e-08
5582.0 1.536e-08
5583.0 1.724e-08
5584.0 1.911e-08
5585.0 2.098e-08
5586.0 2.285e-08
5587.0 2.473e-08
5588.0 2.66e-08
5589.0 2.847e-08
5590.0 3.035e-08
5591.0 3.222e-08
5592.0 3.29e-08
5593.0 3.211e-08
5594.0 3.132e-08
5595.0 3.054e-08
5596.0 2.975e-08
5597.0 2.896e-08
5598.0 2.817e-08
5599.0 2.739e-08
5600.0 2.66e-08
5601.0 2.581e-08
5602.0 2.544e-08
5603.0 2.559e-08
5604.0 2.574e-08
5605.0 2.589e-08
5606.0 2.605e-08
5607.0 2.62e-08
5608.0 2.635e-08
5609.0 2.65e-08
5610.0 2.665e-08
5611.0 2.68e-08
5612.0 2.646e-08
5613.0 2.549e-08
5614.0 2.453e-08
5615.0 2.357e-08
5616.0 2.261e-08
5617.0 2.164e-08
5618.0 2.068e-08
5619.0 1.972e-08
5620.0 1.876e-08
5621.0 1.78e-08
5622.0 1.761e-08
5623.0 1.84e-08
5624.0 1.92e-08
5625.0 2e-08
5626.0 2.079e-08
5627.0 2.159e-08
5628.0 2.239e-08
5629.0 2.318e-08
5630.0 2.398e-08
5631.0 2.478e-08
5632.0 2.551e-08
5633.0 2.616e-08
5634.0 2.681e-08
5635.0 2.746e-08
5636.0 2.811e-08
5637.0 2.875e-08
5638.0 2.94e-08
5639.0 3.005e-08
5640.0 3.07e-08
5641.0 3.135e-08
5642.0 3.099e-08
5643.0 2.932e-08
5644.0 2.766e-08
5645.0 2.599e-08
5646.0 2.432e-08
5647.0 2.265e-08
5648.0 2.098e-08
5649.0 1.932e-08
5650.0 1.765e-08
5651.0 1.598e-08
5652.0 1.603e-08
5653.0 1.831e-08
5654.0 2.06e-08
5655.0 2.289e-08
5656.0 2.518e-08
5657.0 2.746e-08
5658.0 2.975e-08
5659.0 3.204e-08
5660.0 3.433e-08
5661.0 3.661e-08
5662.0 3.763e-08
5663.0 3.698e-08
5664.0 3.632e-08
5665.0 3.566e-08
5666.0 3.5e-08
5667.0 3.435e-08
5668.0 3.369e-08
5669.0 3.303e-08
5670.0 3.238e-08
5671.0 3.172e-08
5672.0 3.08e-08
5673.0 2.954e-08
5674.0 2.828e-08
5675.0 2.702e-08
5676.0 2.575e-08
5677.0 2.449e-08
5678.0 2.323e-08
5679.0 2.197e-08
5680.0 2.071e-08
5681.0 1.945e-08
5682.0 1.879e-08
5683.0 1.897e-08
5684.0 1.914e-08
5685.0 1.932e-08
5686.0 1.95e-08
5687.0 1.967e-08
5688.0 1.985e-08
5689.0 2.002e-08
5690.0 2.02e-08
5691.0 2.037e-08
5692.0 2.034e-08
5693.0 2.002e-08
5694.0 1.971e-08
5695.0 1.939e-08
5696.0 1.907e-08
5697.0 1.875e-08
5698.0 1.844e-08
5699.0 1.812e-08
5700.0 1.78e-08
5701.0 1.749e-08
5702.0 1.747e-08
5703.0 1.787e-08
5704.0 1.827e-08
5705.0 1.867e-08
5706.0 1.907e-08
5707.0 1.947e-08
5708.0 1.987e-08
5709.0 2.028e-08
5710.0 2.068e-08
5711.0 2.108e-08
5712.0 2.09e-08
5713.0 1.99e-08
5714.0 1.89e-08
5715.0 1.79e-08
5716.0 1.69e-08
5717.0 1.591e-08
5718.0 1.491e-08
5719.0 1.391e-08
5720.0 1.291e-08
5721.0 1.192e-08
5722.0 1.2e-08
5723.0 1.362e-08
5724.0 1.523e-08
5725.0 1.685e-08
5726.0 1.847e-08
5727.0 2.009e-08
5728.0 2.17e-08
5729.0 2.332e-08
5730.0 2.493e-08
5731.0 2.655e-08
5732.0 2.739e-08
5733.0 2.711e-08
5734.0 2.683e-08
5735.0 2.655e-08
5736.0 2.627e-08
5737.0 2.599e-08
5738.0 2.572e-08
5739.0 2.544e-08
5740.0 2.516e-08
5741.0 2.488e-08
5742.0 2.482e-08
5743.0 2.508e-08
5744.0 2.534e-08
5745.0 2.56e-08
5746.0 2.586e-08
5747.0 2.612e-08
5748.0 2.638e-08
5749.0 2.664e-08
5750.0 2.69e-08
5751.0 2.716e-08
5752.0 2.708e-08
5753.0 2.65e-08
5754.0 2.592e-08
5755.0 2.534e-08
5756.0 2.476e-08
5757.0 2.418e-08
5758.0 2.36e-08
5759.0 2.302e-08
5760.0 2.244e-08
5761.0 2.186e-08
5762.0 2.101e-08
5763.0 1.979e-08
5764.0 1.856e-08
5765.0 1.733e-08
5766.0 1.61e-08
5767.0 1.488e-08
5768.0 1.365e-08
5769.0 1.242e-08
5770.0 1.119e-08
5771.0 9.968e-09
5772.0 9.577e-09
5773.0 1.044e-08
5774.0 1.13e-08
5775.0 1.217e-08
5776.0 1.303e-08
5777.0 1.389e-08
5778.0 1.476e-08
5779.0 1.562e-08
5780.0 1.648e-08
5781.0 1.735e-08
5782.0 1.794e-08
5783.0 1.813e-08
5784.0 1.832e-08
5785.0 1.85e-08
5786.0 1.869e-08
5787.0 1.888e-08
5788.0 1.906e-08
5789.0 1.925e-08
5790.0 1.944e-08
5791.0 1.962e-08
5792.0 1.968e-08
5793.0 1.954e-08
5794.0 1.94e-08
5795.0 1.926e-08
5796.0 1.912e-08
5797.0 1.898e-08
5798.0 1.884e-08
5799.0 1.87e-08
5800.0 1.856e-08
5801.0 1.843e-08
5802.0 1.794e-08
5803.0 1.693e-08
5804.0 1.592e-08
5805.0 1.49e-08
5806.0 1.389e-08
5807.0 1.288e-08
5808.0 1.186e-08
5809.0 1.085e-08
5810.0 9.839e-09
5811.0 8.826e-09
5812.0 8.588e-09
5813.0 9.565e-09
5814.0 1.054e-08
5815.0 1.152e-08
5816.0 1.25e-08
5817.0 1.347e-08
5818.0 1.445e-08
5819.0 1.543e-08
5820.0 1.64e-08
5821.0 1.738e-08
5822.0 1.801e-08
5823.0 1.811e-08
5824.0 1.821e-08
5825.0 1.83e-08
5826.0 1.84e-08
5827.0 1.85e-08
5828.0 1.859e-08
5829.0 1.869e-08
5830.0 1.879e-08
5831.0 1.889e-08
5832.0 1.894e-08
5833.0 1.893e-08
5834.0 1.891e-08
5835.0 1.889e-08
5836.0 1.888e-08
5837.0 1.886e-08
5838.0 1.885e-08
5839.0 1.883e-08
5840.0 1.882e-08
5841.0 1.88e-08
5842.0 1.903e-08
5843.0 1.964e-08
5844.0 2.025e-08
5845.0 2.086e-08
5846.0 2.147e-08
5847.0 2.209e-08
5848.0 2.27e-08
5849.0 2.331e-08
5850.0 2.392e-08
5851.0 2.453e-08
5852.0 2.472e-08
5853.0 2.42e-08
5854.0 2.369e-08
5855.0 2.317e-08
5856.0 2.266e-08
5857.0 2.214e-08
5858.0 2.163e-08
5859.0 2.111e-08
5860.0 2.06e-08
5861.0 2.008e-08
5862.0 1.916e-08
5863.0 1.757e-08
5864.0 1.598e-08
5865.0 1.439e-08
5866.0 1.279e-08
5867.0 1.12e-08
5868.0 9.611e-09
5869.0 8.02e-09
5870.0 6.429e-09
5871.0 4.837e-09
5872.0 4.369e-09
5873.0 5.789e-09
5874.0 7.208e-09
5875.0 8.627e-09
5876.0 1.005e-08
5877.0 1.146e-08
5878.0 1.288e-08
5879.0 1.43e-08
5880.0 1.572e-08
5881.0 1.714e-08
5882.0 1.769e-08
5883.0 1.678e-08
5884.0 1.586e-08
5885.0 1.495e-08
5886.0 1.403e-08
5887.0 1.311e-08
5888.0 1.22e-08
5889.0 1.128e-08
5890.0 1.036e-08
5891.0 9.449e-09
5892.0 9.061e-09
5893.0 9.581e-09
5894.0 1.01e-08
5895.0 1.062e-08
5896.0 1.114e-08
5897.0 1.166e-08
5898.0 1.218e-08
5899.0 1.27e-08
5900.0 1.322e-08
5901.0 1.374e-08
5902.0 1.378e-08
5903.0 1.301e-08
5904.0 1.223e-08
5905.0 1.146e-08
5906.0 1.068e-08
5907.0 9.906e-09
5908.0 9.131e-09
5909.0 8.356e-09
5910.0 7.581e-09
5911.0 6.807e-09
5912.0 6.521e-09
5913.0 7.093e-09
5914.0 7.665e-09
5915.0 8.237e-09
5916.0 8.809e-09
5917.0 9.382e-09
5918.0 9.954e-09
5919.0 1.053e-08
5920.0 1.11e-08
5921.0 1.167e-08
5922.0 1.222e-08
5923.0 1.272e-08
5924.0 1.322e-08
5925.0 1.372e-08
5926.0 1.423e-08
5927.0 1.473e-08
5928.0 1.523e-08
5929.0 1.573e-08
5930.0 1.623e-08
5931.0 1.674e-08
5932.0 1.71e-08
5933.0 1.722e-08
5934.0 1.734e-08
5935.0 1.746e-08
5936.0 1.757e-08
5937.0 1.769e-08
5938.0 1.781e-08
5939.0 1.793e-08
5940.0 1.804e-08
5941.0 1.816e-08
5942.0 1.808e-08
5943.0 1.765e-08
5944.0 1.722e-08
5945.0 1.678e-08
5946.0 1.635e-08
5947.0 1.591e-08
5948.0 1.548e-08
5949.0 1.505e-08
5950.0 1.461e-08
5951.0 1.418e-08
5952.0 1.394e-08
5953.0 1.406e-08
5954.0 1.418e-08
5955.0 1.43e-08
5956.0 1.442e-08
5957.0 1.455e-08
5958.0 1.467e-08
5959.0 1.479e-08
5960.0 1.491e-08
5961.0 1.503e-08
5962.0 1.52e-08
5963.0 1.544e-08
5964.0 1.569e-08
5965.0 1.594e-08
5966.0 1.619e-08
5967.0 1.643e-08
5968.0 1.668e-08
5969.0 1.693e-08
5970.0 1.717e-08
5971.0 1.742e-08
5972.0 1.777e-08
5973.0 1.83e-08
5974.0 1.883e-08
5975.0 1.936e-08
5976.0 1.989e-08
5977.0 2.043e-08
5978.0 2.096e-08
5979.0 2.149e-08
5980.0 2.202e-08
5981.0 2.255e-08
5982.0 2.243e-08
5983.0 2.106e-08
5984.0 1.969e-08
5985.0 1.832e-08
5986.0 1.695e-08
5987.0 1.558e-08
5988.0 1.42e-08
5989.0 1.283e-08
5990.0 1.146e-08
5991.0 1.009e-08
5992.0 9.632e-09
5993.0 1.094e-08
5994.0 1.225e-08
5995.0 1.356e-08
5996.0 1.486e-08
5997.0 1.617e-08
5998.0 1.748e-08
5999.0 1.878e-08
6000.0 2.009e-08
6001.0 2.14e-08
6002.0 2.239e-08
6003.0 2.275e-08
6004.0 2.311e-08
6005.0 2.346e-08
6006.0 2.382e-08
6007.0 2.418e-08
6008.0 2.454e-08
6009.0 2.49e-08
6010.0 2.526e-08
6011.0 2.562e-08
6012.0 2.554e-08
6013.0 2.458e-08
6014.0 2.363e-08
6015.0 2.267e-08
6016.0 2.172e-08
6017.0 2.076e-08
6018.0 1.981e-08
6019.0 1.885e-08
6020.0 1.79e-08
6021.0 1.695e-08
6022.0 1.612e-08
6023.0 1.556e-08
6024.0 1.5e-08
6025.0 1.443e-08
6026.0 1.387e-08
6027.0 1.331e-08
6028.0 1.274e-08
6029.0 1.218e-08
6030.0 1.162e-08
6031.0 1.105e-08
6032.0 1.14e-08
6033.0 1.359e-08
6034.0 1.577e-08
6035.0 1.796e-08
6036.0 2.015e-08
6037.0 2.233e-08
6038.0 2.452e-08
6039.0 2.67e-08
6040.0 2.889e-08
6041.0 3.108e-08
6042.0 3.2e-08
6043.0 3.033e-08
6044.0 2.865e-08
6045.0 2.698e-08
6046.0 2.531e-08
6047.0 2.363e-08
6048.0 2.196e-08
6049.0 2.028e-08
6050.0 1.861e-08
6051.0 1.693e-08
6052.0 1.604e-08
6053.0 1.677e-08
6054.0 1.75e-08
6055.0 1.822e-08
6056.0 1.895e-08
6057.0 1.968e-08
6058.0 2.041e-08
6059.0 2.114e-08
6060.0 2.186e-08
6061.0 2.259e-08
6062.0 2.306e-08
6063.0 2.297e-08
6064.0 2.288e-08
6065.0 2.279e-08
6066.0 2.27e-08
6067.0 2.262e-08
6068.0 2.253e-08
6069.0 2.244e-08
6070.0 2.235e-08
6071.0 2.226e-08
6072.0 2.221e-08
6073.0 2.223e-08
6074.0 2.225e-08
6075.0 2.227e-08
6076.0 2.229e-08
6077.0 2.231e-08
6078.0 2.233e-08
6079.0 2.235e-08
6080.0 2.237e-08
6081.0 2.239e-08
6082.0 2.203e-08
6083.0 2.083e-08
6084.0 1.963e-08
6085.0 1.843e-08
6086.0 1.723e-08
6087.0 1.603e-08
6088.0 1.483e-08
6089.0 1.363e-08
6090.0 1.243e-08
6091.0 1.123e-08
6092.0 1.074e-08
6093.0 1.179e-08
6094.0 1.283e-08
6095.0 1.388e-08
6096.0 1.493e-08
6097.0 1.598e-08
6098.0 1.703e-08
6099.0 1.808e-08
6100.0 1.912e-08
6101.0 2.017e-08
6102.0 2.117e-08
6103.0 2.206e-08
6104.0 2.294e-08
6105.0 2.382e-08
6106.0 2.471e-08
6107.0 2.559e-08
6108.0 2.647e-08
6109.0 2.736e-08
6110.0 2.824e-08
6111.0 2.912e-08
6112.0 2.949e-08
6113.0 2.87e-08
6114.0 2.79e-08
6115.0 2.711e-08
6116.0 2.631e-08
6117.0 2.552e-08
6118.0 2.473e-08
6119.0 2.393e-08
6120.0 2.314e-08
6121.0 2.235e-08
6122.0 2.174e-08
6123.0 2.156e-08
6124.0 2.138e-08
6125.0 2.121e-08
6126.0 2.103e-08
6127.0 2.085e-08
6128.0 2.067e-08
6129.0 2.05e-08
6130.0 2.032e-08
6131.0 2.014e-08
6132.0 1.991e-08
6133.0 1.957e-08
6134.0 1.922e-08
6135.0 1.888e-08
6136.0 1.853e-08
6137.0 1.818e-08
6138.0 1.784e-08
6139.0 1.749e-08
6140.0 1.715e-08
6141.0 1.68e-08
6142.0 1.693e-08
6143.0 1.814e-08
6144.0 1.935e-08
6145.0 2.057e-08
6146.0 2.178e-08
6147.0 2.3e-08
6148.0 2.421e-08
6149.0 2.543e-08
6150.0 2.664e-08
6151.0 2.785e-08
6152.0 2.871e-08
6153.0 2.871e-08
6154.0 2.871e-08
6155.0 2.871e-08
6156.0 2.872e-08
6157.0 2.872e-08
6158.0 2.872e-08
6159.0 2.872e-08
6160.0 2.873e-08
6161.0 2.873e-08
6162.0 2.857e-08
6163.0 2.799e-08
6164.0 2.742e-08
6165.0 2.685e-08
6166.0 2.627e-08
6167.0 2.57e-08
6168.0 2.512e-08
6169.0 2.455e-08
6170.0 2.398e-08
6171.0 2.34e-08
6172.0 2.302e-08
6173.0 2.31e-08
6174.0 2.319e-08
6175.0 2.327e-08
6176.0 2.336e-08
6177.0 2.344e-08
6178.0 2.353e-08
6179.0 2.361e-08
6180.0 2.37e-08
6181.0 2.378e-08
6182.0 2.368e-08
6183.0 2.31e-08
6184.0 2.253e-08
6185.0 2.195e-08
6186.0 2.138e-08
6187.0 2.08e-08
6188.0 2.023e-08
6189.0 1.965e-08
6190.0 1.908e-08
6191.0 1.85e-08
6192.0 1.813e-08
6193.0 1.826e-08
6194.0 1.839e-08
6195.0 1.852e-08
6196.0 1.865e-08
6197.0 1.878e-08
6198.0 1.891e-08
6199.0 1.904e-08
6200.0 1.917e-08
6201.0 1.93e-08
6202.0 1.938e-08
6203.0 1.936e-08
6204.0 1.933e-08
6205.0 1.931e-08
6206.0 1.929e-08
6207.0 1.926e-08
6208.0 1.924e-08
6209.0 1.922e-08
6210.0 1.919e-08
6211.0 1.917e-08
6212.0 1.87e-08
6213.0 1.709e-08
6214.0 1.548e-08
6215.0 1.387e-08
6216.0 1.225e-08
6217.0 1.064e-08
6218.0 9.029e-09
6219.0 7.416e-09
6220.0 5.803e-09
6221.0 4.191e-09
6222.0 3.72e-09
6223.0 6.198e-09
6224.0 8.676e-09
6225.0 1.115e-08
6226.0 1.363e-08
6227.0 1.611e-08
6228.0 1.859e-08
6229.0 2.107e-08
6230.0 2.355e-08
6231.0 2.603e-08
6232.0 2.754e-08
6233.0 2.654e-08
6234.0 2.553e-08
6235.0 2.453e-08
6236.0 2.352e-08
6237.0 2.252e-08
6238.0 2.151e-08
6239.0 2.051e-08
6240.0 1.95e-08
6241.0 1.85e-08
6242.0 1.778e-08
6243.0 1.782e-08
6244.0 1.786e-08
6245.0 1.79e-08
6246.0 1.794e-08
6247.0 1.798e-08
6248.0 1.802e-08
6249.0 1.806e-08
6250.0 1.81e-08
6251.0 1.814e-08
6252.0 1.833e-08
6253.0 1.893e-08
6254.0 1.952e-08
6255.0 2.012e-08
6256.0 2.071e-08
6257.0 2.131e-08
6258.0 2.19e-08
6259.0 2.25e-08
6260.0 2.309e-08
6261.0 2.369e-08
6262.0 2.396e-08
6263.0 2.337e-08
6264.0 2.278e-08
6265.0 2.219e-08
6266.0 2.16e-08
6267.0 2.101e-08
6268.0 2.042e-08
6269.0 1.983e-08
6270.0 1.924e-08
6271.0 1.865e-08
6272.0 1.818e-08
6273.0 1.803e-08
6274.0 1.788e-08
6275.0 1.773e-08
6276.0 1.757e-08
6277.0 1.742e-08
6278.0 1.727e-08
6279.0 1.712e-08
6280.0 1.697e-08
6281.0 1.682e-08
6282.0 1.685e-08
6283.0 1.741e-08
6284.0 1.797e-08
6285.0 1.853e-08
6286.0 1.909e-08
6287.0 1.964e-08
6288.0 2.02e-08
6289.0 2.076e-08
6290.0 2.132e-08
6291.0 2.188e-08
6292.0 2.227e-08
6293.0 2.219e-08
6294.0 2.212e-08
6295.0 2.204e-08
6296.0 2.196e-08
6297.0 2.189e-08
6298.0 2.181e-08
6299.0 2.174e-08
6300.0 2.166e-08
6301.0 2.159e-08
6302.0 2.15e-08
6303.0 2.136e-08
6304.0 2.122e-08
6305.0 2.108e-08
6306.0 2.094e-08
6307.0 2.08e-08
6308.0 2.067e-08
6309.0 2.053e-08
6310.0 2.039e-08
6311.0 2.025e-08
6312.0 1.992e-08
6313.0 1.904e-08
6314.0 1.815e-08
6315.0 1.726e-08
6316.0 1.638e-08
6317.0 1.549e-08
6318.0 1.461e-08
6319.0 1.372e-08
6320.0 1.284e-08
6321.0 1.195e-08
6322.0 1.152e-08
6323.0 1.243e-08
6324.0 1.334e-08
6325.0 1.425e-08
6326.0 1.515e-08
6327.0 1.606e-08
6328.0 1.697e-08
6329.0 1.788e-08
6330.0 1.879e-08
6331.0 1.97e-08
6332.0 2.026e-08
6333.0 1.977e-08
6334.0 1.927e-08
6335.0 1.878e-08
6336.0 1.829e-08
6337.0 1.779e-08
6338.0 1.73e-08
6339.0 1.681e-08
6340.0 1.631e-08
6341.0 1.582e-08
6342.0 1.576e-08
6343.0 1.703e-08
6344.0 1.83e-08
6345.0 1.957e-08
6346.0 2.084e-08
6347.0 2.21e-08
6348.0 2.337e-08
6349.0 2.464e-08
6350.0 2.591e-08
6351.0 2.718e-08
6352.0 2.781e-08
6353.0 2.649e-08
6354.0 2.516e-08
6355.0 2.384e-08
6356.0 2.251e-08
6357.0 2.118e-08
6358.0 1.986e-08
6359.0 1.853e-08
6360.0 1.721e-08
6361.0 1.588e-08
6362.0 1.568e-08
6363.0 1.899e-08
6364.0 2.23e-08
6365.0 2.561e-08
6366.0 2.892e-08
6367.0 3.224e-08
6368.0 3.555e-08
6369.0 3.886e-08
6370.0 4.218e-08
6371.0 4.549e-08
6372.0 4.742e-08
6373.0 4.498e-08
6374.0 4.254e-08
6375.0 4.009e-08
6376.0 3.765e-08
6377.0 3.521e-08
6378.0 3.276e-08
6379.0 3.032e-08
6380.0 2.788e-08
6381.0 2.544e-08
6382.0 2.35e-08
6383.0 2.319e-08
6384.0 2.288e-08
6385.0 2.256e-08
6386.0 2.225e-08
6387.0 2.194e-08
6388.0 2.163e-08
6389.0 2.131e-08
6390.0 2.1e-08
6391.0 2.069e-08
6392.0 2.044e-08
6393.0 2.038e-08
6394.0 2.032e-08
6395.0 2.026e-08
6396.0 2.02e-08
6397.0 2.014e-08
6398.0 2.008e-08
6399.0 2.002e-08
6400.0 1.996e-08
6401.0 1.99e-08
6402.0 1.974e-08
6403.0 1.927e-08
6404.0 1.879e-08
6405.0 1.831e-08
6406.0 1.784e-08
6407.0 1.736e-08
6408.0 1.688e-08
6409.0 1.64e-08
6410.0 1.593e-08
6411.0 1.545e-08
6412.0 1.524e-08
6413.0 1.593e-08
6414.0 1.662e-08
6415.0 1.73e-08
6416.0 1.799e-08
6417.0 1.868e-08
6418.0 1.937e-08
6419.0 2.006e-08
6420.0 2.075e-08
6421.0 2.144e-08
6422.0 2.193e-08
6423.0 2.174e-08
6424.0 2.155e-08
6425.0 2.136e-08
6426.0 2.117e-08
6427.0 2.098e-08
6428.0 2.078e-08
6429.0 2.059e-08
6430.0 2.04e-08
6431.0 2.021e-08
6432.0 2.02e-08
6433.0 2.084e-08
6434.0 2.148e-08
6435.0 2.212e-08
6436.0 2.276e-08
6437.0 2.34e-08
6438.0 2.404e-08
6439.0 2.468e-08
6440.0 2.532e-08
6441.0 2.596e-08
6442.0 2.632e-08
6443.0 2.571e-08
6444.0 2.51e-08
6445.0 2.449e-08
6446.0 2.388e-08
6447.0 2.327e-08
6448.0 2.266e-08
6449.0 2.205e-08
6450.0 2.144e-08
6451.0 2.082e-08
6452.0 2.042e-08
6453.0 2.079e-08
6454.0 2.115e-08
6455.0 2.152e-08
6456.0 2.188e-08
6457.0 2.225e-08
6458.0 2.261e-08
6459.0 2.298e-08
6460.0 2.334e-08
6461.0 2.371e-08
6462.0 2.392e-08
6463.0 2.354e-08
6464.0 2.316e-08
6465.0 2.278e-08
6466.0 2.239e-08
6467.0 2.201e-08
6468.0 2.163e-08
6469.0 2.125e-08
6470.0 2.087e-08
6471.0 2.049e-08
6472.0 2.028e-08
6473.0 2.069e-08
6474.0 2.11e-08
6475.0 2.151e-08
6476.0 2.192e-08
6477.0 2.233e-08
6478.0 2.274e-08
6479.0 2.314e-08
6480.0 2.355e-08
6481.0 2.396e-08
6482.0 2.437e-08
6483.0 2.478e-08
6484.0 2.519e-08
6485.0 2.56e-08
6486.0 2.601e-08
6487.0 2.642e-08
6488.0 2.683e-08
6489.0 2.724e-08
6490.0 2.765e-08
6491.0 2.806e-08
6492.0 2.82e-08
6493.0 2.732e-08
6494.0 2.643e-08
6495.0 2.555e-08
6496.0 2.467e-08
6497.0 2.379e-08
6498.0 2.29e-08
6499.0 2.202e-08
6500.0 2.114e-08
6501.0 2.025e-08
6502.0 1.957e-08
6503.0 1.967e-08
6504.0 1.978e-08
6505.0 1.988e-08
6506.0 1.998e-08
6507.0 2.008e-08
6508.0 2.018e-08
6509.0 2.029e-08
6510.0 2.039e-08
6511.0 2.049e-08
6512.0 2.052e-08
6513.0 2.025e-08
6514.0 1.998e-08
6515.0 1.971e-08
6516.0 1.945e-08
6517.0 1.918e-08
6518.0 1.891e-08
6519.0 1.865e-08
6520.0 1.838e-08
6521.0 1.811e-08
6522.0 1.823e-08
6523.0 1.992e-08
6524.0 2.161e-08
6525.0 2.33e-08
6526.0 2.499e-08
6527.0 2.667e-08
6528.0 2.836e-08
6529.0 3.004e-08
6530.0 3.173e-08
6531.0 3.341e-08
6532.0 3.469e-08
6533.0 3.427e-08
6534.0 3.385e-08
6535.0 3.343e-08
6536.0 3.302e-08
6537.0 3.26e-08
6538.0 3.218e-08
6539.0 3.177e-08
6540.0 3.135e-08
6541.0 3.093e-08
6542.0 3.035e-08
6543.0 2.908e-08
6544.0 2.781e-08
6545.0 2.654e-08
6546.0 2.527e-08
6547.0 2.401e-08
6548.0 2.274e-08
6549.0 2.147e-08
6550.0 2.02e-08
6551.0 1.893e-08
6552.0 1.838e-08
6553.0 2.087e-08
6554.0 2.335e-08
6555.0 2.583e-08
6556.0 2.831e-08
6557.0 3.079e-08
6558.0 3.327e-08
6559.0 3.575e-08
6560.0 3.822e-08
6561.0 4.07e-08
6562.0 4.235e-08
6563.0 4.049e-08
6564.0 3.863e-08
6565.0 3.676e-08
6566.0 3.49e-08
6567.0 3.304e-08
6568.0 3.118e-08
6569.0 2.932e-08
6570.0 2.747e-08
6571.0 2.561e-08
6572.0 2.425e-08
6573.0 2.507e-08
6574.0 2.589e-08
6575.0 2.671e-08
6576.0 2.753e-08
6577.0 2.834e-08
6578.0 2.916e-08
6579.0 2.998e-08
6580.0 3.079e-08
6581.0 3.161e-08
6582.0 3.196e-08
6583.0 3.024e-08
6584.0 2.851e-08
6585.0 2.678e-08
6586.0 2.506e-08
6587.0 2.333e-08
6588.0 2.161e-08
6589.0 1.989e-08
6590.0 1.816e-08
6591.0 1.644e-08
6592.0 1.516e-08
6593.0 1.592e-08
6594.0 1.667e-08
6595.0 1.742e-08
6596.0 1.818e-08
6597.0 1.893e-08
6598.0 1.968e-08
6599.0 2.043e-08
6600.0 2.119e-08
6601.0 2.194e-08
6602.0 2.244e-08
6603.0 2.177e-08
6604.0 2.111e-08
6605.0 2.044e-08
6606.0 1.977e-08
6607.0 1.911e-08
6608.0 1.844e-08
6609.0 1.778e-08
6610.0 1.711e-08
6611.0 1.645e-08
6612.0 1.598e-08
6613.0 1.643e-08
6614.0 1.687e-08
6615.0 1.732e-08
6616.0 1.777e-08
6617.0 1.821e-08
6618.0 1.866e-08
6619.0 1.911e-08
6620.0 1.955e-08
6621.0 2e-08
6622.0 2.049e-08
6623.0 2.123e-08
6624.0 2.197e-08
6625.0 2.27e-08
6626.0 2.344e-08
6627.0 2.417e-08
6628.0 2.491e-08
6629.0 2.564e-08
6630.0 2.638e-08
6631.0 2.711e-08
6632.0 2.743e-08
6633.0 2.574e-08
6634.0 2.405e-08
6635.0 2.236e-08
6636.0 2.067e-08
6637.0 1.898e-08
6638.0 1.729e-08
6639.0 1.56e-08
6640.0 1.392e-08
6641.0 1.223e-08
6642.0 1.099e-08
6643.0 1.197e-08
6644.0 1.295e-08
6645.0 1.393e-08
6646.0 1.49e-08
6647.0 1.588e-08
6648.0 1.686e-08
6649.0 1.783e-08
6650.0 1.881e-08
6651.0 1.978e-08
6652.0 2.045e-08
6653.0 1.956e-08
6654.0 1.867e-08
6655.0 1.778e-08
6656.0 1.689e-08
6657.0 1.6e-08
6658.0 1.511e-08
6659.0 1.422e-08
6660.0 1.334e-08
6661.0 1.245e-08
6662.0 1.178e-08
6663.0 1.225e-08
6664.0 1.273e-08
6665.0 1.32e-08
6666.0 1.367e-08
6667.0 1.415e-08
6668.0 1.462e-08
6669.0 1.509e-08
6670.0 1.557e-08
6671.0 1.604e-08
6672.0 1.653e-08
6673.0 1.713e-08
6674.0 1.773e-08
6675.0 1.832e-08
6676.0 1.892e-08
6677.0 1.951e-08
6678.0 2.011e-08
6679.0 2.07e-08
6680.0 2.13e-08
6681.0 2.189e-08
6682.0 2.221e-08
6683.0 2.103e-08
6684.0 1.985e-08
6685.0 1.867e-08
6686.0 1.75e-08
6687.0 1.632e-08
6688.0 1.514e-08
6689.0 1.396e-08
6690.0 1.279e-08
6691.0 1.161e-08
6692.0 1.077e-08
6693.0 1.176e-08
6694.0 1.276e-08
6695.0 1.375e-08
6696.0 1.475e-08
6697.0 1.574e-08
6698.0 1.674e-08
6699.0 1.773e-08
6700.0 1.872e-08
6701.0 1.971e-08
6702.0 2.062e-08
6703.0 2.105e-08
6704.0 2.147e-08
6705.0 2.19e-08
6706.0 2.232e-08
6707.0 2.274e-08
6708.0 2.317e-08
6709.0 2.359e-08
6710.0 2.402e-08
6711.0 2.444e-08
6712.0 2.48e-08
6713.0 2.481e-08
6714.0 2.483e-08
6715.0 2.484e-08
6716.0 2.485e-08
6717.0 2.486e-08
6718.0 2.488e-08
6719.0 2.489e-08
6720.0 2.49e-08
6721.0 2.491e-08
6722.0 2.488e-08
6723.0 2.462e-08
6724.0 2.436e-08
6725.0 2.409e-08
6726.0 2.383e-08
6727.0 2.356e-08
6728.0 2.33e-08
6729.0 2.304e-08
6730.0 2.278e-08
6731.0 2.251e-08
6732.0 2.244e-08
6733.0 2.347e-08
6734.0 2.451e-08
6735.0 2.554e-08
6736.0 2.658e-08
6737.0 2.761e-08
6738.0 2.864e-08
6739.0 2.967e-08
6740.0 3.071e-08
6741.0 3.174e-08
6742.0 3.273e-08
6743.0 3.352e-08
6744.0 3.43e-08
6745.0 3.508e-08
6746.0 3.586e-08
6747.0 3.664e-08
6748.0 3.742e-08
6749.0 3.82e-08
6750.0 3.898e-08
6751.0 3.975e-08
6752.0 4.051e-08
6753.0 4.112e-08
6754.0 4.173e-08
6755.0 4.234e-08
6756.0 4.295e-08
6757.0 4.356e-08
6758.0 4.418e-08
6759.0 4.479e-08
6760.0 4.54e-08
6761.0 4.601e-08
6762.0 4.691e-08
6763.0 4.967e-08
6764.0 5.243e-08
6765.0 5.519e-08
6766.0 5.795e-08
6767.0 6.071e-08
6768.0 6.346e-08
6769.0 6.622e-08
6770.0 6.897e-08
6771.0 7.173e-08
6772.0 7.452e-08
6773.0 7.757e-08
6774.0 8.062e-08
6775.0 8.367e-08
6776.0 8.671e-08
6777.0 8.976e-08
6778.0 9.28e-08
6779.0 9.585e-08
6780.0 9.889e-08
6781.0 1.019e-07
6782.0 1.051e-07
6783.0 1.095e-07
6784.0 1.139e-07
6785.0 1.183e-07
6786.0 1.227e-07
6787.0 1.271e-07
6788.0 1.315e-07
6789.0 1.359e-07
6790.0 1.403e-07
6791.0 1.447e-07
6792.0 1.489e-07
6793.0 1.519e-07
6794.0 1.549e-07
6795.0 1.578e-07
6796.0 1.608e-07
6797.0 1.638e-07
6798.0 1.668e-07
6799.0 1.697e-07
6800.0 1.727e-07
6801.0 1.757e-07
6802.0 1.79e-07
6803.0 1.85e-07
6804.0 1.911e-07
6805.0 1.971e-07
6806.0 2.031e-07
6807.0 2.091e-07
6808.0 2.152e-07
6809.0 2.212e-07
6810.0 2.272e-07
6811.0 2.332e-07
6812.0 2.395e-07
6813.0 2.484e-07
6814.0 2.573e-07
6815.0 2.661e-07
6816.0 2.75e-07
6817.0 2.838e-07
6818.0 2.927e-07
6819.0 3.015e-07
6820.0 3.103e-07
6821.0 3.192e-07
6822.0 3.281e-07
6823.0 3.378e-07
6824.0 3.475e-07
6825.0 3.571e-07
6826.0 3.667e-07
6827.0 3.764e-07
6828.0 3.86e-07
6829.0 3.957e-07
6830.0 4.053e-07
6831.0 4.149e-07
6832.0 4.249e-07
6833.0 4.377e-07
6834.0 4.505e-07
6835.0 4.633e-07
6836.0 4.761e-07
6837.0 4.889e-07
6838.0 5.017e-07
6839.0 5.144e-07
6840.0 5.272e-07
6841.0 5.399e-07
6842.0 5.528e-07
6843.0 5.672e-07
6844.0 5.816e-07
6845.0 5.96e-07
6846.0 6.104e-07
6847.0 6.248e-07
6848.0 6.392e-07
6849.0 6.535e-07
6850.0 6.679e-07
6851.0 6.823e-07
6852.0 6.971e-07
6853.0 7.154e-07
6854.0 7.337e-07
6855.0 7.519e-07
6856.0 7.702e-07
6857.0 7.884e-07
6858.0 8.067e-07
6859.0 8.249e-07
6860.0 8.432e-07
6861.0 8.613e-07
6862.0 8.799e-07
6863.0 9.026e-07
6864.0 9.253e-07
6865.0 9.48e-07
6866.0 9.706e-07
6867.0 9.933e-07
6868.0 1.016e-06
6869.0 1.038e-06
6870.0 1.061e-06
6871.0 1.084e-06
6872.0 1.107e-06
6873.0 1.132e-06
6874.0 1.157e-06
6875.0 1.182e-06
6876.0 1.207e-06
6877.0 1.232e-06
6878.0 1.257e-06
6879.0 1.282e-06
6880.0 1.307e-06
6881.0 1.332e-06
6882.0 1.357e-06
6883.0 1.385e-06
6884.0 1.414e-06
6885.0 1.442e-06
6886.0 1.471e-06
6887.0 1.499e-06
6888.0 1.528e-06
6889.0 1.556e-06
6890.0 1.584e-06
6891.0 1.613e-06
6892.0 1.641e-06
6893.0 1.674e-06
6894.0 1.707e-06
6895.0 1.739e-06
6896.0 1.772e-06
6897.0 1.804e-06
6898.0 1.837e-06
6899.0 1.869e-06
6900.0 1.902e-06
6901.0 1.935e-06
6902.0 1.967e-06
6903.0 1.997e-06
6904.0 2.027e-06
6905.0 2.056e-06
6906.0 2.086e-06
6907.0 2.116e-06
6908.0 2.146e-06
6909.0 2.176e-06
6910.0 2.206e-06
6911.0 2.235e-06
6912.0 2.266e-06
6913.0 2.303e-06
6914.0 2.341e-06
6915.0 2.379e-06
6916.0 2.416e-06
6917.0 2.454e-06
6918.0 2.491e-06
6919.0 2.529e-06
6920.0 2.566e-06
6921.0 2.603e-06
6922.0 2.64e-06
6923.0 2.672e-06
6924.0 2.705e-06
6925.0 2.737e-06
6926.0 2.769e-06
6927.0 2.802e-06
6928.0 2.834e-06
6929.0 2.866e-06
6930.0 2.898e-06
6931.0 2.931e-06
6932.0 2.964e-06
6933.0 2.999e-06
6934.0 3.035e-06
6935.0 3.071e-06
6936.0 3.106e-06
6937.0 3.142e-06
6938.0 3.177e-06
6939.0 3.213e-06
6940.0 3.249e-06
6941.0 3.284e-06
6942.0 3.319e-06
6943.0 3.349e-06
6944.0 3.38e-06
6945.0 3.41e-06
6946.0 3.441e-06
6947.0 3.472e-06
6948.0 3.502e-06
6949.0 3.533e-06
6950.0 3.563e-06
6951.0 3.594e-06
6952.0 3.625e-06
6953.0 3.655e-06
6954.0 3.685e-06
6955.0 3.716e-06
6956.0 3.746e-06
6957.0 3.776e-06
6958.0 3.806e-06
6959.0 3.836e-06
6960.0 3.867e-06
6961.0 3.897e-06
6962.0 3.927e-06
6963.0 3.959e-06
6964.0 3.991e-06
6965.0 4.023e-06
6966.0 4.055e-06
6967.0 4.087e-06
6968.0 4.118e-06
6969.0 4.15e-06
6970.0 4.182e-06
6971.0 4.213e-06
6972.0 4.245e-06
6973.0 4.271e-06
6974.0 4.297e-06
6975.0 4.324e-06
6976.0 4.35e-06
6977.0 4.377e-06
6978.0 4.403e-06
6979.0 4.429e-06
6980.0 4.456e-06
6981.0 4.482e-06
6982.0 4.508e-06
6983.0 4.525e-06
6984.0 4.542e-06
6985.0 4.558e-06
6986.0 4.575e-06
6987.0 4.592e-06
6988.0 4.608e-06
6989.0 4.625e-06
6990.0 4.642e-06
6991.0 4.659e-06
6992.0 4.676e-06
6993.0 4.697e-06
6994.0 4.718e-06
6995.0 4.74e-06
6996.0 4.761e-06
6997.0 4.783e-06
6998.0 4.804e-06
6999.0 4.825e-06
7000.0 4.847e-06
7001.0 4.867e-06
7002.0 4.887e-06
7003.0 4.91e-06
7004.0 4.932e-06
7005.0 4.954e-06
7006.0 4.976e-06
7007.0 4.998e-06
7008.0 5.02e-06
7009.0 5.042e-06
7010.0 5.064e-06
7011.0 5.086e-06
7012.0 5.108e-06
7013.0 5.118e-06
7014.0 5.128e-06
7015.0 5.137e-06
7016.0 5.147e-06
7017.0 5.157e-06
7018.0 5.167e-06
7019.0 5.177e-06
7020.0 5.187e-06
7021.0 5.196e-06
7022.0 5.206e-06
7023.0 5.218e-06
7024.0 5.23e-06
7025.0 5.242e-06
7026.0 5.254e-06
7027.0 5.266e-06
7028.0 5.278e-06
7029.0 5.29e-06
7030.0 5.302e-06
7031.0 5.314e-06
7032.0 5.327e-06
7033.0 5.339e-06
7034.0 5.351e-06
7035.0 5.363e-06
7036.0 5.375e-06
7037.0 5.386e-06
7038.0 5.398e-06
7039.0 5.41e-06
7040.0 5.422e-06
7041.0 5.434e-06
7042.0 5.446e-06
7043.0 5.463e-06
7044.0 5.479e-06
7045.0 5.495e-06
7046.0 5.512e-06
7047.0 5.528e-06
7048.0 5.544e-06
7049.0 5.561e-06
7050.0 5.577e-06
7051.0 5.593e-06
7052.0 5.608e-06
7053.0 5.617e-06
7054.0 5.627e-06
7055.0 5.636e-06
7056.0 5.645e-06
7057.0 5.654e-06
7058.0 5.664e-06
7059.0 5.673e-06
7060.0 5.682e-06
7061.0 5.692e-06
7062.0 5.702e-06
7063.0 5.717e-06
7064.0 5.733e-06
7065.0 5.748e-06
7066.0 5.764e-06
7067.0 5.779e-06
7068.0 5.794e-06
7069.0 5.81e-06
7070.0 5.825e-06
7071.0 5.84e-06
7072.0 5.854e-06
7073.0 5.857e-06
7074.0 5.86e-06
7075.0 5.864e-06
7076.0 5.867e-06
7077.0 5.87e-06
7078.0 5.873e-06
7079.0 5.876e-06
7080.0 5.88e-06
7081.0 5.883e-06
7082.0 5.887e-06
7083.0 5.892e-06
7084.0 5.898e-06
7085.0 5.903e-06
7086.0 5.909e-06
7087.0 5.914e-06
7088.0 5.919e-06
7089.0 5.925e-06
7090.0 5.93e-06
7091.0 5.935e-06
7092.0 5.94e-06
7093.0 5.942e-06
7094.0 5.945e-06
7095.0 5.948e-06
7096.0 5.95e-06
7097.0 5.953e-06
7098.0 5.956e-06
7099.0 5.959e-06
7100.0 5.961e-06
7101.0 5.964e-06
7102.0 5.967e-06
7103.0 5.965e-06
7104.0 5.963e-06
7105.0 5.962e-06
7106.0 5.96e-06
7107.0 5.958e-06
7108.0 5.956e-06
7109.0 5.954e-06
7110.0 5.952e-06
7111.0 5.95e-06
7112.0 5.947e-06
7113.0 5.94e-06
7114.0 5.933e-06
7115.0 5.925e-06
7116.0 5.918e-06
7117.0 5.91e-06
7118.0 5.903e-06
7119.0 5.895e-06
7120.0 5.888e-06
7121.0 5.88e-06
7122.0 5.872e-06
7123.0 5.863e-06
7124.0 5.853e-06
7125.0 5.843e-06
7126.0 5.834e-06
7127.0 5.824e-06
7128.0 5.815e-06
7129.0 5.805e-06
7130.0 5.796e-06
7131.0 5.787e-06
7132.0 5.778e-06
7133.0 5.767e-06
7134.0 5.756e-06
7135.0 5.746e-06
7136.0 5.735e-06
7137.0 5.725e-06
7138.0 5.714e-06
7139.0 5.704e-06
7140.0 5.693e-06
7141.0 5.682e-06
7142.0 5.671e-06
7143.0 5.65e-06
7144.0 5.628e-06
7145.0 5.607e-06
7146.0 5.586e-06
7147.0 5.565e-06
7148.0 5.544e-06
7149.0 5.523e-06
7150.0 5.501e-06
7151.0 5.481e-06
7152.0 5.46e-06
7153.0 5.439e-06
7154.0 5.419e-06
7155.0 5.398e-06
7156.0 5.377e-06
7157.0 5.356e-06
7158.0 5.335e-06
7159.0 5.315e-06
7160.0 5.294e-06
7161.0 5.273e-06
7162.0 5.251e-06
7163.0 5.223e-06
7164.0 5.195e-06
7165.0 5.167e-06
7166.0 5.139e-06
7167.0 5.111e-06
7168.0 5.083e-06
7169.0 5.055e-06
7170.0 5.027e-06
7171.0 4.999e-06
7172.0 4.972e-06
7173.0 4.948e-06
7174.0 4.923e-06
7175.0 4.899e-06
7176.0 4.875e-06
7177.0 4.851e-06
7178.0 4.826e-06
7179.0 4.802e-06
7180.0 4.778e-06
7181.0 4.754e-06
7182.0 4.729e-06
7183.0 4.698e-06
7184.0 4.667e-06
7185.0 4.636e-06
7186.0 4.605e-06
7187.0 4.573e-06
7188.0 4.542e-06
7189.0 4.511e-06
7190.0 4.48e-06
7191.0 4.448e-06
7192.0 4.417e-06
7193.0 4.39e-06
7194.0 4.363e-06
7195.0 4.336e-06
7196.0 4.309e-06
7197.0 4.282e-06
7198.0 4.255e-06
7199.0 4.228e-06
7200.0 4.201e-06
7201.0 4.174e-06
7202.0 4.148e-06
7203.0 4.12e-06
7204.0 4.093e-06
7205.0 4.065e-06
7206.0 4.038e-06
7207.0 4.011e-06
7208.0 3.983e-06
7209.0 3.956e-06
7210.0 3.928e-06
7211.0 3.901e-06
7212.0 3.873e-06
7213.0 3.848e-06
7214.0 3.823e-06
7215.0 3.799e-06
7216.0 3.774e-06
7217.0 3.749e-06
7218.0 3.724e-06
7219.0 3.699e-06
7220.0 3.675e-06
7221.0 3.65e-06
7222.0 3.626e-06
7223.0 3.596e-06
7224.0 3.567e-06
7225.0 3.537e-06
7226.0 3.508e-06
7227.0 3.478e-06
7228.0 3.449e-06
7229.0 3.419e-06
7230.0 3.39e-06
7231.0 3.36e-06
7232.0 3.33e-06
7233.0 3.299e-06
7234.0 3.267e-06
7235.0 3.235e-06
7236.0 3.204e-06
7237.0 3.172e-06
7238.0 3.141e-06
7239.0 3.109e-06
7240.0 3.078e-06
7241.0 3.046e-06
7242.0 3.015e-06
7243.0 2.993e-06
7244.0 2.97e-06
7245.0 2.947e-06
7246.0 2.924e-06
7247.0 2.902e-06
7248.0 2.879e-06
7249.0 2.857e-06
7250.0 2.834e-06
7251.0 2.811e-06
7252.0 2.788e-06
7253.0 2.761e-06
7254.0 2.734e-06
7255.0 2.707e-06
7256.0 2.68e-06
7257.0 2.653e-06
7258.0 2.626e-06
7259.0 2.599e-06
7260.0 2.572e-06
7261.0 2.545e-06
7262.0 2.518e-06
7263.0 2.498e-06
7264.0 2.479e-06
7265.0 2.459e-06
7266.0 2.439e-06
7267.0 2.42e-06
7268.0 2.4e-06
7269.0 2.38e-06
7270.0 2.361e-06
7271.0 2.341e-06
7272.0 2.322e-06
7273.0 2.298e-06
7274.0 2.275e-06
7275.0 2.252e-06
7276.0 2.229e-06
7277.0 2.206e-06
7278.0 2.183e-06
7279.0 2.16e-06
7280.0 2.137e-06
7281.0 2.113e-06
7282.0 2.09e-06
7283.0 2.069e-06
7284.0 2.049e-06
7285.0 2.028e-06
7286.0 2.007e-06
7287.0 1.987e-06
7288.0 1.966e-06
7289.0 1.945e-06
