26470.623870000007 0.0
26484.13619 0.0
26497.64851 3.6017231887395652e-06
26511.160829999997 3.5571456908006856e-06
26524.67314 6.723183080996266e-06
26538.18546 5.653832927717231e-06
26551.697770000002 2.3519304489287735e-06
26565.210080000004 4.478899633163113e-06
26578.722400000002 9.684417124035681e-06
26592.234709999997 1.160098014436667e-05
26605.747030000006 1.0733812118901237e-05
26619.259339999997 1.4025902479277472e-05
26632.77166 1.727948611348416e-05
26646.28397 1.660159299182736e-05
26659.79629 1.869646904008732e-05
26673.3086 1.8891158352352714e-05
26686.82091 2.009961829101945e-05
26700.33323 2.505854200374614e-05
26713.845540000002 2.66921003345946e-05
26727.35786 2.6646507965850767e-05
26740.87017 2.8173525677150575e-05
26754.38249 3.3046830045426566e-05
26767.894800000002 3.735233305619514e-05
26781.40711 4.062699135125966e-05
26794.919429999998 4.3030362578653455e-05
26808.43174 4.138209052676866e-05
26821.94406 4.610206883806753e-05
26835.456370000004 5.120882687351969e-05
26848.96869 5.695013986395728e-05
26862.481 5.8952630045998786e-05
26875.993319999994 6.635190218056672e-05
26889.505629999996 6.858317376898948e-05
26903.017939999998 7.128477343803754e-05
26916.53026 7.615417597145742e-05
26930.04257 8.3997749272549e-05
26943.55489 8.6530589402458e-05
26957.0672 8.966890104547476e-05
26970.579520000003 9.420875765818744e-05
26984.091830000005 9.870303094162492e-05
26997.60414 0.00010587129346464832
27011.116459999997 0.00011105973894371676
27024.62877 0.00011480043657586587
27038.14109 0.00012043673370680793
27051.653400000003 0.0001263507564895802
27065.16572 0.00013369077058255827
27078.67803 0.00013871867723141181
27092.190350000004 0.00014482884609242285
27105.702660000003 0.00015068951678492553
27119.214969999997 0.00016147903740470668
27132.72729 0.00017039734953306309
27146.2396 0.00017607232476644094
27159.75192 0.00018377807170117148
27173.264229999997 0.00019462505387054754
27186.77655 0.00020661417250290168
27200.28886 0.00021669272136259926
27213.801170000002 0.00023021003570968237
27227.31349 0.00024418374837314636
27240.8258 0.0002594587129365283
27254.338120000004 0.00027501797310410794
27267.85043 0.00028863465945699255
27281.362749999997 0.00030817259109988844
27294.87506 0.00033153166674446187
27308.38738 0.0003558833705467138
27321.899690000002 0.00038199630953516747
27335.412000000004 0.00040930121182086775
27348.924320000002 0.00044042932102868995
27362.436630000004 0.0004800736874182218
27375.948949999998 0.0005151814871546471
27389.461259999996 0.0005582333268509274
27402.973579999998 0.0006082995325167114
27416.48589 0.0006657739029585486
27429.998209999998 0.0007265053699567936
27443.51052 0.0007926882954327793
27457.022829999998 0.000868589229774475
27470.535150000003 0.00095338602800144
27484.04746 0.0010469386692401601
27497.55978 0.001146153292964764
27511.072089999998 0.0012581289611100915
27524.584410000003 0.0013783612679505249
27538.09672 0.0015084306013882906
27551.609030000003 0.0016573554094116683
27565.121349999998 0.0018181865634910436
27578.63366 0.0019915199533346558
27592.14598 0.0021775082139672995
27605.65829 0.0023839185537478714
27619.17061 0.00260949195291424
27632.682920000003 0.002848942839606009
27646.19524 0.0031117402780123046
27659.707549999996 0.003397339791985317
27673.219859999997 0.003704927856323799
27686.73218 0.004031403256180123
27700.24449 0.004381873211016428
27713.75681 0.004759034229955498
27727.26912 0.005158223831844991
27740.781440000002 0.005582310400887721
27754.293750000004 0.006036087695381814
27767.80606 0.006532103797211388
27781.318379999997 0.007059046393229502
27794.83069 0.0076197841466894255
27808.34301 0.008227422659780426
27821.855320000002 0.00888330278585052
27835.36764 0.00958847830089881
27848.879950000002 0.010353047427824967
27862.392269999997 0.011189878110054766
27875.90458 0.01210079382191244
27889.41689 0.013092459921773589
27902.929210000002 0.014183049876951431
27916.44152 0.01538377830810659
27929.95384 0.01670600010585352
27943.466149999997 0.01817162162877518
27956.978470000002 0.019792540769800235
27970.49078 0.021601478340928258
27984.003090000002 0.023611332195531274
27997.51541 0.025858556617936637
28011.027720000002 0.02837342046577937
28024.540040000004 0.031187090419760848
28038.05235 0.03433673637792889
28051.564669999996 0.03786901621316113
28065.076979999998 0.041835117339114436
28078.5893 0.04629133453102709
28092.101609999998 0.0513023200583517
28105.61392 0.05691593586093363
28119.12624 0.06320453896280373
28132.638550000003 0.07023453381346223
28146.15087 0.07808855289198555
28159.663179999996 0.08681330928340682
28173.1755 0.09645151651412807
28186.68781 0.10708713333730638
28200.200129999997 0.11870821486649707
28213.71244 0.13133134595737186
28227.22475 0.14495808918869457
28240.737070000003 0.159494102114747
28254.24938 0.17487264450989715
28267.7617 0.19092035113540126
28281.27401 0.2074308637540613
28294.786330000003 0.22427953205059598
28308.29864 0.24123383520924765
28321.810949999996 0.2579492335720748
28335.32327 0.2743229326987744
28348.83558 0.2901361171733212
28362.347899999997 0.30516452888851736
28375.86021 0.3192975762466195
28389.37253 0.3324476996549667
28402.884840000002 0.3444953600837912
28416.39716 0.3556139118421854
28429.909469999995 0.3656372078735632
28443.421779999997 0.37460590387502857
28456.9341 0.3827741022563166
28470.44641 0.39000144480289767
28483.95873 0.3964656388992576
28497.47104 0.4022478473983387
28510.983360000002 0.40729571470009435
28524.495670000004 0.4118447499221849
28538.007980000006 0.41588118261909957
28551.5203 0.4193891373248073
28565.03261 0.4225327456028869
28578.544929999996 0.42525402822347647
28592.05724 0.42762319946463945
28605.56956 0.42973422425070007
28619.08187 0.43155451343597045
28632.59419 0.43312393069133137
28646.106499999998 0.4344597656299608
28659.61881 0.43559812360868677
28673.13113 0.4365747433148533
28686.64344 0.4373767799627457
28700.155759999998 0.43810159039849916
28713.66807 0.4386569547113258
28727.18039 0.4391214376615038
28740.6927 0.43955727323968274
28754.20501 0.43986486397263297
28767.71733 0.4401460167389214
28781.22964 0.44045645473574335
28794.741960000003 0.4406903597994846
28808.254270000005 0.44089839703920763
28821.766590000003 0.4411763413378875
28835.278899999998 0.4413756891775887
28848.791219999996 0.44157196654710257
28862.303529999997 0.4418659129484328
28875.81584 0.44209953068326147
28889.32816 0.44234210280208636
28902.840470000003 0.44264210216579514
28916.35279 0.442895748191403
28929.8651 0.44316052193175726
28943.377420000004 0.44345686173718046
28956.88973 0.4437319205591722
28970.402049999997 0.4440004776510913
28983.91436 0.44424576365855906
28997.42667 0.4444818210911945
29010.938990000002 0.4446783719439485
29024.451300000004 0.44487999841070036
29037.96362 0.4450576749721674
29051.47593 0.4451704895872359
29064.988250000002 0.4453167450857119
29078.50056 0.4454312799034459
29092.01287 0.445424441974437
29105.52519 0.44550078147713196
29119.0375 0.44558489472752183
29132.549819999997 0.44550390952767993
29146.06213 0.4455621193471059
29159.57445 0.445608622296832
29173.086760000002 0.44546090796780247
29186.59908 0.44549145362981823
29200.111390000002 0.4453250453961737
29213.623699999996 0.4453736726865615
29227.136019999998 0.44542226849454636
29240.64833 0.4452505227483847
29254.160649999998 0.4452939127341268
29267.67296 0.4453432912657349
29281.18528 0.44517562740958705
29294.697590000003 0.4452447414229026
29308.209899999998 0.445329767433056
29321.722220000003 0.44516617638234146
29335.234529999998 0.4452486687654331
29348.74685 0.4453255553953166
29362.259159999998 0.4451655237231775
29375.77148 0.44524255391896517
29389.28379 0.4453132068613661
29402.79611 0.4451774843362333
29416.308419999998 0.4452862302484093
29429.82073 0.4453887474094527
29443.33305 0.4453241937983117
29456.845360000003 0.4454074878223311
29470.35768 0.445358522517751
29483.86999 0.4454284757324757
29497.38231 0.4454841055225809
29510.894620000003 0.4454473077404476
29524.406939999997 0.4455144628608865
29537.91925 0.44556818688852773
29551.43156 0.4455851661483914
29564.94388 0.445650904719448
29578.45619 0.4457255741734838
29591.968510000002 0.4458133862756178
29605.480819999997 0.44591372643175387
29618.993139999995 0.4460307298865574
29632.505449999997 0.446211054116855
29646.01776 0.44638225467473364
29659.53008 0.44658042156771116
29673.042390000002 0.4469163132015037
29686.55471 0.44717871815990684
29700.067020000002 0.447599619650694
29713.579340000004 0.4479047091043335
29727.091650000002 0.44825466220223836
29740.60397 0.44881975193405077
29754.11628 0.4492509176738141
29767.62859 0.44972430068700875
29781.140910000002 0.4504204421226411
29794.653219999997 0.45095414141730095
29808.16554 0.45151622521840057
29821.67785 0.45234035336114786
29835.190169999998 0.45296046062096873
29848.70248 0.45360179622446595
29862.214789999998 0.45450118796038685
29875.72711 0.4551567715845814
29889.23942 0.4558260043909448
29902.751739999996 0.45674452565704676
29916.264049999998 0.45740009185711394
29929.77637 0.4580435126574482
29943.28868 0.45894807055318954
29956.801 0.45955740785572574
29970.31331 0.46041346065526534
29983.825619999996 0.46098405201803233
29997.337940000005 0.4615284781858086
30010.85025 0.4622965993144896
30024.362569999998 0.4627946111998715
30037.87488 0.4632740294679968
30051.387199999997 0.4639477712736937
30064.89951 0.46436038954277004
30078.41182 0.46473860471894146
30091.924140000003 0.46530875918739034
30105.43645 0.4656362509525659
30118.94877 0.46595423335091246
30132.461079999997 0.46641991482453354
30145.9734 0.46668830560452984
30159.48571 0.46693953255548704
30172.99803 0.4673243534351084
30186.51034 0.4675577438287864
30200.02265 0.46787900963553997
30213.53497 0.46808402796059034
30227.047280000003 0.4682873954539137
30240.5596 0.46854546995203467
30254.07191 0.46872725384637937
30267.584230000004 0.46890641192049537
30281.096539999995 0.4690940707550254
30294.60886 0.46926366801624464
30308.12117 0.46943678295164587
30321.63348 0.4695953802719046
30335.1458 0.469743683999528
30348.65811 0.46988860919958075
30362.170430000002 0.46996908885235084
30375.682740000004 0.4700822834496674
30389.195060000002 0.4701778306757009
30402.707369999996 0.4701917545347404
30416.21968 0.47026467198596633
30429.732 0.4703193621631105
30443.244310000002 0.4702669985054747
30456.75663 0.4702799754890957
30470.26894 0.4701797177691685
30483.781260000003 0.4701583380458981
30497.293570000005 0.47012777188338073
30510.80589 0.4699613951131044
30524.318199999998 0.46988338504511057
30537.83051 0.4697919703525735
30551.342829999998 0.46960880705656477
30564.85514 0.4695218820769899
30578.36746 0.46944527262751234
30591.87977 0.46929094029732277
30605.392089999998 0.4692493021777794
30618.9044 0.4692338609785142
30632.41671 0.4691868096975371
30645.929030000003 0.4692292496626582
30659.44134 0.469307752120382
30672.95366 0.46937847078264505
30686.465969999997 0.4695270887464094
30699.97829 0.4697087934460755
30713.4906 0.46990245757380555
30727.00292 0.47013961983714525
30740.51523 0.47042189923613414
30754.027540000003 0.47073819435892456
30767.539860000004 0.47107925557747
30781.052169999995 0.47148246711583014
30794.564489999997 0.4718794501499926
30808.0768 0.4722985645105845
30821.589119999997 0.47279290658302775
30835.10143 0.4732214296415175
30848.61374 0.4736438977463112
30862.126060000002 0.4741565489895766
30875.638370000004 0.47455732117489624
30889.15069 0.4749335597245714
30902.662999999997 0.4753915525558639
30916.175320000002 0.47571024837117515
30929.68763 0.47597664122280087
30943.19995 0.4763552533107304
30956.71226 0.4765389240129142
30970.22457 0.47684362832759464
30983.736890000004 0.47693947195981995
30997.249200000002 0.47700632961331674
31010.76152 0.4772057355843232
31024.273830000002 0.4772092656903242
31037.78615 0.47719878069281885
31051.298459999998 0.4773698938697761
31064.81078 0.47735428932193325
31078.323089999998 0.4773624783672455
31091.8354 0.4775762103786108
31105.347719999998 0.4776376666043505
31118.86003 0.4777375234433642
31132.37235 0.4780871223844763
31145.884660000003 0.47828048571515197
31159.39698 0.4785161317370308
31172.909289999996 0.47898197105603807
31186.421599999998 0.47926259677333993
31199.93392 0.479518600940578
31213.44623 0.47993033202602575
31226.95855 0.4800459409087552
31240.47086 0.4802087396666206
31253.983180000003 0.4799480511269917
31267.495489999998 0.47939550328673347
31281.007810000003 0.47859260751403176
31294.52012 0.47709699687268625
31308.03243 0.4750010440773617
31321.544749999997 0.47220441304615857
31335.05706 0.4684395864218912
31348.56938 0.46358829626960896
31362.081690000003 0.4577762212921651
31375.594009999997 0.45060526862816513
31389.10632 0.4420690235706421
31402.61863 0.43240226570356904
31416.130950000002 0.4210777067505693
31429.64326 0.4085620947394052
31443.15558 0.3947743268066102
31456.667889999997 0.37977746902106047
31470.180210000002 0.36388016740646795
31483.69252 0.3469821705659167
31497.20484 0.32958983068472036
31510.71715 0.31170650033100616
31524.229460000002 0.29365801091903276
31537.74178 0.27565800225906223
31551.254090000002 0.2578967592579519
31564.766410000004 0.24058573865370222
31578.27872 0.22377314233516057
31591.791039999996 0.2077140903783297
31605.30335 0.19241971260213733
31618.81566 0.17798037337295067
31632.327980000002 0.16445960644262583
31645.840290000004 0.15181582523612713
31659.35261 0.14008391018051056
31672.86492 0.12924037844183306
31686.37724 0.11923776639182884
31699.88955 0.11003548090641688
31713.401869999998 0.10160582632390755
31726.91418 0.093878207729927
31740.42649 0.08681504394741432
31753.938809999996 0.08036271386598175
31767.451119999998 0.07446512606796944
31780.96344 0.06909028387533428
31794.47575 0.06417948650836883
31807.98807 0.05969106873855627
31821.50038 0.05559508299618223
31835.012700000003 0.05184664349458348
31848.52501 0.048424352085716604
31862.03732 0.045289547738452035
31875.549639999997 0.042414651341332474
31889.06195 0.03978280126534116
31902.57427 0.03736208919251544
31916.086580000003 0.035137992770938875
31929.5989 0.03309369312134638
31943.111210000003 0.031206107099347666
31956.623519999997 0.029467824176145546
31970.13584 0.027863241614853276
31983.648149999997 0.026372284140942226
31997.16047 0.024990149675501963
32010.67278 0.023708332777863973
32024.1851 0.022517369873510107
32037.69741 0.021410966327246216
32051.209730000002 0.020377838414338347
32064.72204 0.01940943880892826
32078.23435 0.018501120624849925
32091.74667 0.017647706140955826
32105.25898 0.016850487323927844
32118.7713 0.01610056645261866
32132.283610000002 0.015388639762230916
32145.79593 0.01471868813879952
32159.30824 0.01408404678529879
32172.82055 0.013479982846200673
32186.332870000002 0.0129077156676538
32199.845180000004 0.012363765402806537
32213.357500000002 0.011842103731384515
32226.86981 0.011340078596354108
32240.382129999995 0.01085757379188378
32253.894439999996 0.010395440339843203
32267.406759999998 0.00995302786865122
32280.91907 0.009526590874612707
32294.43138 0.009118663272387799
32307.9437 0.008724432522108982
32321.45601 0.008345225608361408
32334.968330000003 0.007982841313961224
32348.480639999998 0.0076305799253300576
32361.992959999996 0.0072879546706938365
32375.505269999998 0.006951851762929722
32389.01759 0.006623184266053777
32402.5299 0.006306498289127795
32416.042210000003 0.006001828197066716
32429.55453 0.005707168687009434
32443.06684 0.005419561065714518
32456.579160000005 0.005140391594174123
32470.091470000003 0.0048723035098328545
32483.60379 0.004612923732107652
32497.1161 0.004360019276533273
32510.62841 0.004115596940321815
32524.14073 0.0038820912672655142
32537.653039999997 0.0036601793684466655
32551.16536 0.003449148073075506
32564.67767 0.0032431457267728635
32578.18999 0.00304201462887209
32591.7023 0.002851483468023279
32605.214620000002 0.002671176032422489
32618.72693 0.0025029198846055383
32632.23924 0.00234407920597681
32645.751559999997 0.0021884596231272566
32659.26387 0.0020374216061151574
32672.77619 0.001896747215049466
32686.288500000002 0.001765104481832641
32699.80082 0.001640965442434106
32713.313130000002 0.0015258027896393263
32726.825439999997 0.0014200517671088216
32740.33776 0.001318833614930771
32753.850069999997 0.00122239841111997
32767.36239 0.001135038957459649
32780.8747 0.0010538790534720171
32794.387019999995 0.0009755735845269506
32807.89933 0.0009035646361134808
32821.41165 0.0008384844694493039
32834.92396 0.000774744043370649
32848.436270000006 0.0007157548194035786
32861.94859 0.0006631677190162852
32875.4609 0.0006137314254720256
32888.97322 0.0005666245559070298
32902.48553 0.0005236028795143615
32915.99785 0.0004839187826894954
32929.51016 0.000446148615367386
32943.02247 0.00041218625163126816
32956.534790000005 0.0003810233358186696
32970.047099999996 0.00035066710108948144
32983.559420000005 0.00032346381606572293
32997.071729999996 0.0003011144343231816
33010.58405 0.0002782647363503459
33024.096359999996 0.00025737377013454867
33037.60868 0.00023943597931865235
33051.12099 0.00022022008935230838
33064.6333 0.00020135769449877938
33078.145619999996 0.00018456788250016738
33091.65793 0.0001713344892045389
33105.17025 0.00015913727750462963
33118.68256 0.0001461384914124464
33132.19488 0.00013405567846084935
33145.70719 0.00012496053127066418
33159.21951 0.00011652548929289505
33172.73182 0.0001061183797942346
33186.24413 9.806524711316655e-05
33199.75645 9.324227043201188e-05
33213.26876 8.983699474721595e-05
33226.78108 8.38102988972516e-05
33240.29339 7.953959569355457e-05
33253.80571 7.595019232652634e-05
33267.31802 7.172929382859636e-05
33280.83033 6.952040293513934e-05
33294.34265 6.674398604807196e-05
33307.85496 6.312573352982412e-05
33321.36728 5.889659767030158e-05
33334.879590000004 5.416364155496755e-05
33348.39191 5.13102463958826e-05
33361.904220000004 5.204332477374744e-05
33375.416540000006 5.0641842114952144e-05
33388.928850000004 4.67013611523222e-05
33402.44116 4.332312590116568e-05
33415.95348 4.017459954388642e-05
33429.46579 3.909943743319721e-05
33442.978110000004 3.9135021930906456e-05
33456.490419999995 4.0948484269131504e-05
33470.00274 4.206386202376612e-05
33483.51505 4.268708323256547e-05
33497.02736 4.359224316654269e-05
33510.53968 0.0
33524.051999999996 0.0
