39982.938279999995 0.0
39996.45058999999 0.0
40009.9629 1.787657761926164e-05
40023.47521 1.8563042110598437e-05
40036.98753 1.8079539429329788e-05
40050.499840000004 1.78281174654819e-05
40064.012160000006 1.7772392212600094e-05
40077.52447 1.838386869748828e-05
40091.03679 1.906336279839935e-05
40104.5491 1.9688528685113624e-05
40118.06141 2.0190193837051527e-05
40131.573730000004 2.0630687591869557e-05
40145.08604 1.986977297301412e-05
40158.598359999996 1.855980252499585e-05
40172.11067 1.7859410189682198e-05
40185.62299 1.7463833701614606e-05
40199.1353 1.7776863696572856e-05
40212.64761 1.871033442762857e-05
40226.159929999994 1.9803185476711657e-05
40239.67224 2.105999942031273e-05
40253.18456 2.285093836968175e-05
40266.69687 2.3578793615999194e-05
40280.20919 2.214045307078123e-05
40293.72150000001 2.038108821512512e-05
40307.233819999994 2.0485990173835897e-05
40320.74613 2.2431167854657026e-05
40334.25844 2.571934353918346e-05
40347.77076 2.7927613644868537e-05
40361.283070000005 2.699428034007242e-05
40374.79538999999 2.5578955815567263e-05
40388.3077 2.667158247029905e-05
40401.82002 2.947742641154001e-05
40415.33233 3.2532438009041166e-05
40428.84465 3.470282211508523e-05
40442.356960000005 3.7298544841388403e-05
40455.869269999996 3.883444224039776e-05
40469.38159 4.0327538663499055e-05
40482.893899999995 4.311662113321517e-05
40496.406220000004 4.560168719445915e-05
40509.91853 4.8421392818365756e-05
40523.430850000004 5.3021574805325915e-05
40536.943159999995 6.13710204444348e-05
40550.45547 7.001515559790996e-05
40563.96779 7.637865092669254e-05
40577.4801 8.211137668191793e-05
40590.992419999995 8.716737960614621e-05
40604.50472999999 9.173987710715151e-05
40618.017049999995 9.676051648921593e-05
40631.52936 0.00010416691936488357
40645.04168 0.00011186624563238145
40658.55399 0.00011778191573672587
40672.066300000006 0.00012416028299638826
40685.57862000001 0.00013257952741173385
40699.090930000006 0.00014354077052051
40712.60325 0.00015590502865509606
40726.11556 0.00016803610132448425
40739.62788 0.00018089729282039005
40753.140190000006 0.00019639977673330378
40766.6525 0.00021422096228890277
40780.16482 0.000233496133816922
40793.67713 0.00025340041004525554
40807.18945 0.0002747809833916028
40820.70176 0.00029948459171822583
40834.214080000005 0.0003273626785051416
40847.726389999996 0.00035814546036958857
40861.23871 0.00039143409316585623
40874.75102 0.00042714003506299646
40888.26333 0.00046641542909844295
40901.77565 0.0005114795155223578
40915.28796 0.0005610256648838838
40928.800279999996 0.000614742187739428
40942.31259 0.0006734475565074392
40955.82491 0.0007377458300210219
40969.33722 0.0008081399612479452
40982.84953 0.0008858976623535693
40996.36185000001 0.000972677175080926
41009.87416 0.001068074890461382
41023.38648 0.0011726970296448268
41036.89878999999 0.0012879631347872769
41050.411109999994 0.0014176579913082207
41063.92342000001 0.0015643597140871694
41077.43573999999 0.0017278918212153581
41090.94805 0.0019093475387609517
41104.46036 0.002109939920911185
41117.97268 0.0023326557382744224
41131.484990000004 0.0025817803598398776
41144.99731 0.002862273674561812
41158.509620000004 0.0031775877699442034
41172.021940000006 0.0035314276880603944
41185.53425 0.003927551695126398
41199.04657 0.004372736970784372
41212.55888 0.0048756157052223335
41226.07119 0.005443466392421407
41239.583510000004 0.006083668422631349
41253.09582 0.0068080502457520935
41266.608140000004 0.007625775921392673
41280.12045 0.008551303849598709
41293.632770000004 0.00959644167968556
41307.145079999995 0.01078466266948514
41320.65739 0.012136652976804682
41334.16971 0.013671041152808155
41347.68202 0.015416356657100486
41361.19434 0.01740819670508594
41374.70664999999 0.019680391427136734
41388.218969999994 0.022269913734013803
41401.73128000001 0.025228991214569424
41415.2436 0.028604457326634875
41428.75591 0.03245974446653872
41442.26821999999 0.036866019722638185
41455.78053999999 0.0418936281488375
41469.292850000005 0.04762304266895465
41482.80517 0.05414974480812474
41496.31748 0.061557369697746195
41509.8298 0.06996125334176694
41523.342110000005 0.07944120276014073
41536.854419999996 0.09007221988453082
41550.36674 0.10197785704239123
41563.879049999996 0.11521674239241275
41577.39136999999 0.12986174784738483
41590.90368 0.145879209808443
41604.416000000005 0.16322001760638252
41617.928309999996 0.18188862722870097
41631.44063 0.20181535286319355
41644.95294 0.2228280134557807
41658.46525 0.24462725408743688
41671.97757 0.26677054554564267
41685.489879999994 0.28919113354433906
41699.0022 0.31165189134703153
41712.51451 0.3338987533636886
41726.02683 0.3554318446027821
41739.53914 0.3756305941876366
41753.051459999995 0.3948566037236705
41766.56377000001 0.41287534711431895
41780.07608 0.42961696196017285
41793.5884 0.4448993178113021
41807.10071 0.4582633206424313
41820.61303 0.4702863534170991
41834.125340000006 0.4809592405869387
41847.63765999999 0.49036265537591067
41861.14997 0.4985296089219687
41874.66228 0.5051598017812468
41888.1746 0.5108491026775726
41901.686910000004 0.5156805706877592
41915.19923 0.5196732880462024
41928.711540000004 0.5229010183561827
41942.223860000006 0.5254268937754585
41955.73617 0.5274502723422367
41969.248490000005 0.5290491702469015
41982.7608 0.530309294494928
41996.27311 0.5312826988512169
42009.785429999996 0.5319566041799021
42023.29774 0.5324666714778113
42036.81006 0.5328478362114619
42050.32237 0.5331525929557345
42063.83469 0.5333320320557083
42077.346999999994 0.5334464805949958
42090.85931 0.5335560283151358
42104.37163 0.5336430898846521
42117.88394 0.5337064739763162
42131.39626 0.5337784621921343
42144.90856999999 0.5338824860493021
42158.420889999994 0.5339812200819021
42171.93320000001 0.5340832894828245
42185.44552 0.5342185767303378
42198.95783 0.5343948423033449
42212.47013999999 0.5345337832336964
42225.98245999999 0.5346875110723712
42239.49477 0.5348658385025105
42253.00709 0.5350527293880714
42266.5194 0.5352031732966562
42280.03171999999 0.5353638639254173
42293.544030000005 0.5355316536561489
42307.056339999996 0.5356857799784802
42320.56866 0.5357898256461394
42334.08097000001 0.5359136280343977
42347.593290000004 0.5360173654661996
42361.1056 0.5360822144277467
42374.617920000004 0.5361171110481804
42388.130229999995 0.5361776268996848
42401.64255 0.5362009645764143
42415.15486 0.5361919607352108
42428.66717 0.5361615346139406
42442.17949 0.5361322139404082
42455.6918 0.5360335702037442
42469.20412000001 0.5358849861731888
42482.71643 0.5356957088850878
42496.22875 0.5354912950442543
42509.74105999999 0.5351721173639492
42523.253379999995 0.5347995763647921
42536.76569000001 0.5343880275350644
42550.278 0.5339243264032354
42563.79032 0.5333338848439011
42577.30263 0.5326546346527596
42590.81495 0.5318892408222063
42604.327260000005 0.5310156392279479
42617.83958 0.5299817174520599
42631.35189 0.5287529674856662
42644.864199999996 0.5273233832714076
42658.37652 0.5256342109265751
42671.88883 0.5236360171013298
42685.40115 0.5211658522584698
42698.91346 0.5182302945737406
42712.425780000005 0.5149370561205228
42725.938089999996 0.5114291222244272
42739.450410000005 0.5081878051560609
42752.962719999996 0.50636629561727
42766.47503 0.5063715517104683
42779.987349999996 0.5083375062815619
42793.49966 0.5123561195022823
42807.01198 0.5168643068717721
42820.52429 0.5204892264688881
42834.03661 0.5229489592897452
42847.548919999994 0.524120479132643
42861.06123 0.5241231961381525
42874.57355 0.5238116463403442
42888.08586 0.5233537348118721
42901.59818 0.5228853139844942
42915.11048999999 0.5223764740514719
42928.62280999999 0.5218792981262002
42942.135120000006 0.5214273469893239
42955.64744 0.5209806262086922
42969.15975 0.5205177182549285
42982.672060000004 0.5201042107387315
42996.184380000006 0.5197013211919136
43009.69669 0.5193136970205005
43023.20901 0.5189358058833672
43036.72132 0.5185861741878349
43050.23363999999 0.5183027767056598
43063.745950000004 0.5180272292730157
43077.258259999995 0.5177621273698837
43090.77058 0.5176038941094401
43104.28289000001 0.5174657690645673
43117.795210000004 0.5173553398710987
43131.30752 0.5172822186310804
43144.819840000004 0.5172589486899969
43158.332149999995 0.5172664207688258
43171.84447 0.5173206754079699
43185.35678 0.5173509013309566
43198.86909 0.5174504870648878
43212.38141 0.5176095050793069
43225.89372000001 0.5177463319644675
43239.40604000001 0.5178809096932567
43252.91835 0.5180882277271891
43266.43067 0.5182484406348088
43279.94297999999 0.5183850378958074
43293.455299999994 0.5185251369731843
43306.96761000001 0.518645667123356
43320.47992 0.518751948905488
43333.99224 0.5187821991083823
43347.50455 0.5187647023323827
43361.01687 0.5187428148500184
43374.529180000005 0.5186181887387306
43388.0415 0.5184173366733311
43401.55381 0.5181712752587821
43415.066119999996 0.5178261448392634
43428.57844 0.5173889174650034
43442.09075 0.5168864956305786
43455.60307 0.5162753514812634
43469.11538 0.5155894255289539
43482.6277 0.5148450166994988
43496.14001 0.5139788907257828
43509.652330000004 0.5130503980380992
43523.16464 0.5120754478192727
43536.67695 0.5110255492465172
43550.189269999995 0.5099242617110781
43563.70158 0.5087960572739794
43577.2139 0.5076424336029819
43590.72621 0.5064665267731175
43604.23853 0.5052462013988834
43617.75083999999 0.5040461093466211
43631.263150000006 0.5028222329058917
43644.77547000001 0.5015483890576072
43658.28778 0.5002120378460551
43671.8001 0.49880577228461437
43685.31240999999 0.4972624716423734
43698.82472999999 0.495559314333325
43712.33704 0.4936035009316262
43725.84936 0.4913011602815093
43739.36167 0.4886204522705777
43752.873980000004 0.4855063638255886
43766.386300000006 0.4816383842036962
43779.89861 0.4770063749601858
43793.41093 0.47162074949115196
43806.92324 0.4654290718853469
43820.43555999999 0.45772426448677533
43833.94787 0.44897137267319426
43847.460179999995 0.43914957069715954
43860.972499999996 0.42797434253212185
43874.48481000001 0.4150374664641839
43887.99713 0.40096006262052364
43901.50944 0.38580829277577716
43915.02176 0.3689967961512029
43928.534069999994 0.3508798651979136
43942.046389999996 0.3320051871042945
43955.5587 0.31256405909345114
43969.07101 0.2917483632464631
43982.583329999994 0.27086682043688326
43996.09564000001 0.25012610740180513
44009.60796000001 0.2294787654594831
44023.12027 0.20898744345668469
44036.63259 0.18938408491126194
44050.14489999999 0.17081376834236914
44063.657219999994 0.15307034036390424
44077.16953000001 0.13656665234734575
44090.68184 0.12144547282516086
44104.19416 0.10765193635902792
44117.70647 0.09509287913757646
44131.21879 0.08386599330446547
44144.731100000005 0.07386175531541901
44158.24342 0.06497505241809014
44171.755730000004 0.05712895331838005
44185.268039999995 0.0502230718249507
44198.780360000004 0.044154503041737514
44212.292669999995 0.0388518329103199
44225.80499 0.034207481771538574
44239.3173 0.030140666933841553
44252.82962 0.026589469179815296
44266.34193 0.02349299254343839
44279.854250000004 0.020781599551942063
44293.36656 0.018405028077331104
44306.87887 0.016333163618495374
44320.391189999995 0.014515117802989358
44333.9035 0.012915819447996474
44347.41582 0.011509652659024067
44360.92813 0.01027378582082082
44374.44045 0.009183122870033887
44387.95275999999 0.008220634342532842
44401.465070000006 0.007372626063014051
44414.97739000001 0.0066195965383184984
44428.4897 0.005950505089580108
44442.00202 0.005358396328481591
44455.51432999999 0.004831220524375534
44469.02665 0.004361595384620332
44482.53896 0.003944116930423882
44496.05128 0.0035734683466496007
44509.56359 0.003239053640738166
44523.0759 0.0029373755158390814
44536.588220000005 0.002668013451544781
44550.100529999996 0.0024272060065755503
44563.61285 0.0022100223425241834
44577.125159999996 0.0020131517967495916
44590.63747999999 0.0018367206084419006
44604.14979 0.0016779957696100296
44617.662110000005 0.0015351650360310588
44631.174419999996 0.0014058083860950948
44644.68673000001 0.0012887739719347892
44658.19905 0.001182687335579065
44671.71136 0.0010866660178450046
44685.22368 0.000998448416572911
44698.735989999994 0.0009178595784656406
44712.24831000001 0.0008446424953037431
44725.76062 0.0007779818773892027
44739.27293 0.0007170659062029704
44752.78524999999 0.00066140867693082
44766.297560000006 0.0006111181650573557
44779.80988000001 0.000564370446201145
44793.32219 0.0005212117193088325
44806.83451 0.00048190808508607097
44820.34682 0.00044667114818518693
44833.85914 0.0004140003951876268
44847.371450000006 0.0003830710393964717
44860.88376 0.0003553267015734264
44874.39608 0.0003308504514493755
44887.90839 0.00030940991358661827
44901.42071 0.00028812362076459754
44914.933020000004 0.00026700386367547855
44928.44534 0.0002464816610563137
44941.957650000004 0.00022691648508167057
44955.469959999995 0.00020995829943232965
44968.982280000004 0.00019575849760292965
44982.494589999995 0.0001855406047141179
44996.00691 0.0001757898684385282
45009.51922 0.00016536119873323735
45023.031539999996 0.00015358378076951363
45036.54385 0.00014422581549428313
45050.05617 0.0001364221857028872
45063.56848 0.00013012069027320977
45077.08079000001 0.00012194298745853721
45090.593109999994 0.00011465190241957133
45104.10542 0.00010825821288146387
45117.61774 0.00010261571383493506
45131.13005 9.637109429378803e-05
45144.64237 9.02470423764475e-05
45158.15467999999 8.516947184254604e-05
45171.666990000005 8.120643178951181e-05
45185.17931 7.775410917718463e-05
45198.69162 7.462555539074392e-05
45212.20394 7.185128380503809e-05
45225.71625 6.859385435982694e-05
45239.22857 6.452339618410847e-05
45252.74088 5.9644520259790496e-05
45266.2532 5.538966600122407e-05
45279.76551 5.17869816701712e-05
45293.27782 4.8144247656408136e-05
45306.790140000005 4.497981835219478e-05
45320.302449999996 4.2384907083060756e-05
45333.81477 3.943114777440607e-05
45347.32708 3.480470822824893e-05
45360.839400000004 2.979293376316525e-05
45374.35171 2.620391987441855e-05
45387.864030000004 2.5543245510374935e-05
45401.376339999995 2.5883532097498644e-05
45414.88865 2.564663953326424e-05
45428.40097 2.4629495311406227e-05
45441.91328 2.34615850901805e-05
45455.425599999995 2.249732429143427e-05
45468.93791000001 2.067505493923932e-05
45482.45023000001 2.0006453098869237e-05
45495.96254 1.923024130224034e-05
45509.47485 0.0
45522.987160000004 0.0
