12483.499755859377 0.0
12493.499755859377 0.0
12503.499755859375 3.1791885586812375e-06
12513.499755859375 3.532182613124679e-06
12523.499755859375 4.312909229503264e-06
12533.499755859375 5.145470772313013e-06
12543.499755859375 4.294449079797948e-06
12553.499755859375 4.955169392060208e-06
12563.499755859375 5.472330775294318e-06
12573.499755859375 5.37713092328945e-06
12583.499755859375 5.859585619178171e-06
12593.499755859375 6.505824113711895e-06
12603.499755859375 7.901105211909452e-06
12613.499755859375 7.144550372059085e-06
12623.499755859375 8.570720906299276e-06
12633.499755859375 1.0099466377024432e-05
12643.499755859375 1.212343369792251e-05
12653.499755859375 1.2738618434372688e-05
12663.499755859375 1.5124659472218943e-05
12673.499755859375 1.5807250704158916e-05
12683.499755859375 2.0129492169403742e-05
12693.499755859375 2.170392717875654e-05
12703.499755859375 2.5654545342949372e-05
12713.499755859375 3.0430175345649965e-05
12723.499755859375 3.3642106018373036e-05
12733.499755859375 3.9234374973623045e-05
12743.499755859375 4.191552716167084e-05
12753.499755859375 4.845420582832072e-05
12763.499755859375 5.5460611915169456e-05
12773.499755859375 6.459646847539331e-05
12783.499755859375 7.047499539544031e-05
12793.499755859375 8.263156469555939e-05
12803.499755859375 9.177031462754819e-05
12813.499755859375 0.0001037839072387502
12823.499755859375 0.00011676247782417818
12833.499755859375 0.00013921059708830528
12843.499755859375 0.0001531526107159635
12853.499755859375 0.00017389314413775305
12863.499755859375 0.00019544255578907036
12873.499755859375 0.00023348973114307433
12883.499755859375 0.00026726598238796317
12893.499755859375 0.0003090272534470763
12903.499755859375 0.00037544072469256247
12913.499755859375 0.0004279932029786408
12923.499755859375 0.0005150178922382831
12933.499755859375 0.0005870324983514231
12943.499755859375 0.0007107958905692328
12953.499755859375 0.000869070339336754
12963.499755859375 0.0010542815950414502
12973.499755859375 0.0012785500628818113
12983.499755859375 0.001543520689146187
12993.499755859375 0.0018899676645735047
13003.499755859375 0.0022901074978564223
13013.499755859375 0.0028275381623721323
13023.499755859375 0.0034165700554991438
13033.499755859375 0.004191196092753046
13043.499755859375 0.005138241115128234
13053.499755859375 0.005902518023438728
13063.499755859375 0.007361608341672033
13073.499755859375 0.008598745526685428
13083.499755859375 0.009712786682737682
13093.499755859375 0.011036353037488697
13103.499755859375 0.012287186607012906
13113.499755859375 0.013983212003447704
13123.499755859375 0.014592240445776273
13133.499755859375 0.01702364208441218
13143.499755859375 0.018835652299041408
13153.499755859375 0.02176602085576012
13163.499755859375 0.02438845138880567
13173.499755859375 0.02807890931118839
13183.499755859375 0.032207290362148
13193.499755859375 0.03793376534299085
13203.499755859375 0.042928404267687965
13213.499755859375 0.05061839954094732
13223.499755859375 0.058090554221131054
13233.499755859375 0.0701710295221245
13243.499755859375 0.0781686685787998
13253.499755859375 0.09329141664233151
13263.499755859375 0.10781490183562219
13273.499755859375 0.12682383442272008
13283.499755859377 0.1500858453123021
13293.499755859375 0.17253902515351782
13303.499755859377 0.20003549911090052
13313.499755859375 0.22491902723736562
13323.499755859377 0.26074084206520126
13333.499755859375 0.29107763152749716
13343.499755859377 0.3217312993360987
13353.499755859375 0.3429594312001279
13363.499755859377 0.3623580958228997
13373.499755859375 0.3870227325470298
13383.499755859377 0.3889531057262438
13393.499755859375 0.40653983124928794
13403.499755859377 0.40726618496067063
13413.499755859375 0.40886516477985557
13423.499755859377 0.4161374660672243
13433.499755859375 0.4097365688411139
13443.499755859377 0.41301202214046345
13453.499755859375 0.41569797839276207
13463.499755859377 0.41527324234757074
13473.499755859375 0.41219014544927624
13483.499755859377 0.42205900831355375
13493.499755859375 0.4146969659770197
13503.499755859373 0.4233010552326613
13513.499755859375 0.4148267691832335
13523.499755859373 0.4206214499798743
13533.499755859375 0.4177284254126975
13543.499755859373 0.4135021193416283
13553.499755859375 0.4211885383879199
13563.499755859373 0.4181048756683827
13573.499755859375 0.41585674345941
13583.499755859373 0.41703393273470635
13593.499755859375 0.41121906018264803
13603.499755859373 0.42119303737081243
13613.499755859375 0.4203029443536901
13623.499755859373 0.4157403296985895
13633.499755859375 0.4157590759086043
13643.499755859373 0.41934097831227246
13653.499755859375 0.41953684509886946
13663.499755859373 0.4171110687478116
13673.499755859375 0.4226051292145502
13683.499755859373 0.41584105242554736
13693.499755859375 0.41907497185069553
13703.499755859373 0.4195712080970959
13713.499755859375 0.41614944647086605
13723.499755859375 0.4170594419086272
13733.499755859375 0.41931000749087205
13743.499755859375 0.41204756651186647
13753.499755859375 0.4155025753930199
13763.499755859375 0.41050008147510375
13773.499755859375 0.40740418995503663
13783.499755859375 0.4093923140811958
13793.499755859375 0.40585718168025026
13803.499755859375 0.4049209197570208
13813.499755859375 0.4047596242693939
13823.499755859375 0.399874647509721
13833.499755859375 0.40091712293819753
13843.499755859375 0.40314804472824195
13853.499755859375 0.3953219417711237
13863.499755859375 0.405606606671442
13873.499755859375 0.3984082097335133
13883.499755859375 0.3988893891598029
13893.499755859375 0.39777241240885075
13903.499755859375 0.4019263496950525
13913.499755859375 0.3957137681902459
13923.499755859375 0.4021858568048553
13933.499755859375 0.3989876148943189
13943.499755859375 0.3997186711817584
13953.499755859375 0.39852384735204555
13963.499755859375 0.396701426190292
13973.499755859375 0.39788030187142276
13983.499755859375 0.40734628364787945
13993.499755859375 0.4011076146738962
14003.499755859375 0.4009195573832902
14013.499755859375 0.40216336819800247
14023.499755859375 0.4039493965925605
14033.499755859375 0.4065033435502928
14043.499755859375 0.4113022921065739
14053.499755859375 0.41108231152767344
14063.499755859375 0.4068488389410961
14073.499755859375 0.41371224962119263
14083.499755859375 0.4147109805657193
14093.499755859375 0.4146054448816747
14103.499755859375 0.4191698992851539
14113.499755859375 0.4178823047024771
14123.499755859375 0.4194729317291396
14133.499755859375 0.423403919310114
14143.499755859375 0.4163619469826074
14153.499755859375 0.42622660244504657
14163.499755859375 0.42616971444893603
14173.499755859375 0.42784276205227356
14183.499755859375 0.43038207071967477
14193.499755859375 0.42980603215395047
14203.499755859375 0.42568874565836956
14213.499755859375 0.4349827244447643
14223.499755859375 0.4296208903457015
14233.499755859375 0.4330732023354716
14243.499755859375 0.43333488227203126
14253.499755859375 0.432895028703737
14263.499755859375 0.435703531742656
14273.499755859375 0.4330479647723428
14283.499755859375 0.43186476229745785
14293.499755859375 0.434231337114388
14303.499755859375 0.43857392527614575
14313.499755859375 0.4363052906575436
14323.499755859375 0.4333168969250089
14333.499755859375 0.4335564908223575
14343.499755859375 0.43361173116511803
14353.499755859375 0.4334562578523887
14363.499755859375 0.43301432409686635
14373.499755859375 0.43334168699257447
14383.499755859375 0.43375171923834377
14393.499755859375 0.43282994726373425
14403.499755859375 0.4357985258355775
14413.499755859375 0.43327775593482615
14423.499755859375 0.4326655221418976
14433.499755859375 0.4366094755354041
14443.499755859375 0.43508289469118233
14453.499755859375 0.43700351572034235
14463.499755859375 0.4352747602174875
14473.499755859375 0.4381947237291779
14483.499755859375 0.4402114241968963
14493.499755859375 0.4415873817121154
14503.499755859375 0.43577282095168385
14513.499755859375 0.44166984087359284
14523.499755859375 0.4429468803966554
14533.499755859377 0.44472693085367543
14543.499755859375 0.44487754864091
14553.499755859377 0.4475533821999133
14563.499755859375 0.44103349778718
14573.499755859377 0.4461434741668966
14583.499755859375 0.45170981987617614
14593.499755859377 0.4484766040101552
14603.499755859375 0.4489194466066569
14613.499755859377 0.4501494899202597
14623.499755859375 0.45061805805551447
14633.499755859377 0.45025554652129673
14643.499755859375 0.45429041333732434
14653.499755859377 0.45035444839665406
14663.499755859375 0.4478130926828807
14673.499755859377 0.45271640227450455
14683.499755859375 0.4424103151401524
14693.499755859377 0.4389175878383097
14703.499755859375 0.4327948987109109
14713.499755859377 0.42317187897541586
14723.499755859375 0.409182973753744
14733.499755859377 0.38953931446106055
14743.499755859375 0.36848658000520607
14753.499755859373 0.3399807359591876
14763.499755859375 0.3174797665065802
14773.499755859373 0.28336342416853855
14783.499755859375 0.2521373782832974
14793.499755859373 0.21849953686686627
14803.499755859375 0.18949734476141655
14813.499755859373 0.16325373294874185
14823.499755859375 0.13771104236039083
14833.499755859373 0.1183131487090866
14843.499755859375 0.10218053951641791
14853.499755859373 0.08675354527030188
14863.499755859375 0.07412713094826379
14873.499755859373 0.06213855928860157
14883.499755859375 0.05704570759032533
14893.499755859373 0.046957688114318594
14903.499755859375 0.04132939591987932
14913.499755859373 0.03589476338411176
14923.499755859375 0.03156310325475605
14933.499755859373 0.028186220838969624
14943.499755859375 0.02441531049692963
14953.499755859373 0.02269064424123184
14963.499755859375 0.020325241871255718
14973.499755859375 0.01833199598870792
14983.499755859375 0.01614220271026544
14993.499755859375 0.014391493832378135
15003.499755859375 0.012214475008385343
15013.499755859375 0.010112017855552085
15023.499755859375 0.008432350168251604
15033.499755859375 0.006976787925624794
15043.499755859375 0.005815229601981638
15053.499755859375 0.004853741644466105
15063.499755859375 0.004033946482175554
15073.499755859375 0.0034641998907183327
15083.499755859375 0.0029316355693094764
15093.499755859375 0.0025189597433162188
15103.499755859375 0.0021418005601930006
15113.499755859375 0.001833456943517921
15123.499755859375 0.0015849471560896021
15133.499755859375 0.0013655556348334593
15143.499755859375 0.0012212444574319866
15153.499755859375 0.001045434397951674
15163.499755859375 0.0009219523058727354
15173.499755859375 0.0008055804853352794
15183.499755859375 0.0007175909622513775
15193.499755859375 0.0006317560094763957
15203.499755859375 0.0005546767824184931
15213.499755859375 0.0005025300443992045
15223.499755859375 0.0004411148078814328
15233.499755859375 0.0004037722607024971
15243.499755859375 0.0003601669915469423
15253.499755859375 0.0003187104271152623
15263.499755859375 0.0002898709164415338
15273.499755859375 0.00026057770332061747
15283.499755859375 0.00023806332935120966
15293.499755859375 0.0002118627623147104
15303.499755859375 0.0001922829525466588
15313.499755859375 0.00017624252777288563
15323.499755859375 0.00015820032837281833
15333.499755859375 0.00014459978545530334
15343.499755859375 0.00013173704641243497
15353.499755859375 0.00011812509392425066
15363.499755859375 0.00010955862364722761
15373.499755859375 0.0001001236549794022
15383.499755859375 9.175588580876264e-05
15393.499755859375 8.30202122247163e-05
15403.499755859375 7.65311315880436e-05
15413.499755859375 6.866377260890733e-05
15423.499755859375 6.282674768731878e-05
15433.499755859375 5.894122956591374e-05
15443.499755859375 5.4041202450121676e-05
15453.499755859375 4.8291082165933964e-05
15463.499755859375 4.463406117744755e-05
15473.499755859375 4.2659292670425586e-05
15483.499755859375 3.6816567258499025e-05
15493.499755859375 3.515280820147189e-05
15503.499755859375 3.229707973485698e-05
15513.499755859375 0.0
15523.499755859373 0.0
