9682.000122070312 0.0
9692.000122070312 0.0
9702.000122070312 5.111977068776469e-06
9712.000122070312 6.068401959548772e-06
9722.000122070312 7.048792719653225e-06
9732.000122070312 8.032969334988777e-06
9742.000122070312 8.939303074188435e-06
9752.000122070312 9.827780458046452e-06
9762.000122070312 1.0739452701927308e-05
9772.000122070312 1.1860327881436462e-05
9782.000122070312 1.3297470029403172e-05
9792.000122070312 1.5266301088402236e-05
9802.000122070312 1.7901159348927032e-05
9812.000122070312 2.1460012782399062e-05
9822.000122070312 2.6282641806930884e-05
9832.000122070312 3.2692245389941966e-05
9842.000122070312 4.0967469811059796e-05
9852.000122070312 5.152398453053716e-05
9862.000122070312 6.440458514152347e-05
9872.000122070312 7.981055105733587e-05
9882.000122070312 9.780095853479398e-05
9892.000122070312 0.00011837338508881542
9902.000122070312 0.0001417401454410378
9912.000122070312 0.00016774381611996695
9922.000122070312 0.00019708145559130537
9932.000122070312 0.0002305849003508307
9942.000122070312 0.00026976908042947634
9952.000122070312 0.0003164594368345973
9962.000122070312 0.00037443061496189134
9972.000122070312 0.00044864986186244114
9982.000122070312 0.013262376984220227
9992.000122070312 0.027594804613991414
10002.00012207031 0.0436640749426254
10012.000122070312 0.04866040698363673
10022.00012207031 0.05460877988137467
10032.000122070312 0.060692185409717395
10042.00012207031 0.06825947921008421
10052.000122070312 0.07662824999954247
10062.00012207031 0.08750231021843413
10072.000122070312 0.09973443506176248
10082.00012207031 0.1135953033422242
10092.000122070312 0.12902113668357862
10102.00012207031 0.14542553835245395
10112.000122070312 0.16333397912405495
10122.00012207031 0.18129021097643838
10132.000122070312 0.1996948726519176
10142.00012207031 0.21606509568698876
10152.000122070312 0.23016585649423377
10162.00012207031 0.24030415701010424
10172.000122070312 0.24749588597289116
10182.00012207031 0.2510644456824924
10192.000122070312 0.2528714861391903
10202.000122070312 0.25288381855353886
10212.000122070312 0.2531877690777316
10222.000122070312 0.25262164206514365
10232.000122070312 0.2525163978759696
10241.999511718748 0.2519157926901922
10251.99951171875 0.2523292108649648
10261.999511718748 0.2525756074670875
10271.99951171875 0.25357032157293224
10281.999511718748 0.2546949823519631
10291.99951171875 0.25581800638626384
10301.999511718748 0.2573709214442784
10311.99951171875 0.2588415781356193
10321.999511718748 0.26125853821320333
10331.99951171875 0.26282996036347317
10341.99951171875 0.2654894340755139
10351.99951171875 0.26742937209482376
10361.99951171875 0.2693370892553536
10371.99951171875 0.2696969382697947
10381.99951171875 0.27169374859732454
10391.99951171875 0.27308609365238706
10401.99951171875 0.2750238018066247
10411.99951171875 0.2753392090415256
10421.99951171875 0.2764458235399613
10431.99951171875 0.27685227788669337
10441.99951171875 0.2775269854727503
10451.99951171875 0.2780465195067784
10461.99951171875 0.27927335192169844
10471.99951171875 0.28029070089418534
10481.99951171875 0.2811758294408886
10491.99951171875 0.2819349979550152
10501.99951171875 0.28275762436396434
10511.99951171875 0.28400272207320737
10521.99951171875 0.2849275599304627
10531.99951171875 0.2857502060465772
10541.99951171875 0.2867832899184845
10551.99951171875 0.2869457502982848
10561.99951171875 0.2872453199607542
10571.99951171875 0.28684589298176
10581.99951171875 0.28709091749812427
10591.99951171875 0.28683653120143854
10601.99951171875 0.2858532817571433
10611.99951171875 0.2849342815320433
10621.99951171875 0.2835414193411746
10631.99951171875 0.28187222997628814
10641.99951171875 0.28043260646728896
10651.99951171875 0.27903415337952026
10661.99951171875 0.2778925234613951
10671.99951171875 0.27562089795564876
10681.99951171875 0.2737979659479127
10691.99951171875 0.27146234598072977
10701.99951171875 0.2691686550792711
10711.99951171875 0.26723722623731955
10721.99951171875 0.2652876731846477
10731.99951171875 0.26398306592901133
10741.99951171875 0.26223256923522614
10751.99951171875 0.26122947301158816
10761.99951171875 0.2606690517226701
10771.99951171875 0.26015037441185823
10781.99951171875 0.26027738420345475
10791.99951171875 0.25979112041127383
10801.99951171875 0.26027047327055197
10811.99951171875 0.26099257085621286
10821.99951171875 0.2620548744132247
10831.99951171875 0.2625161776491552
10841.99951171875 0.2636720995964277
10851.99951171875 0.2646343625351598
10861.99951171875 0.2664871740405222
10871.99951171875 0.2676062329361605
10881.99951171875 0.26979378306279167
10891.99951171875 0.27169300703739846
10901.99951171875 0.27439347108330775
10911.99951171875 0.27680854568950297
10921.99951171875 0.2794243409908461
10931.99951171875 0.28177255492727504
10941.99951171875 0.28419309133910037
10951.99951171875 0.2866263784166965
10961.99951171875 0.2884239228063264
10971.99951171875 0.2912095596413326
10981.99951171875 0.293616312144053
10991.99951171875 0.29596250884920317
11001.99951171875 0.2967305001873922
11011.99951171875 0.29781865359147003
11021.99951171875 0.29909004380889104
11031.99951171875 0.30051020882210633
11041.99951171875 0.3011031036177305
11051.99951171875 0.3021911383700957
11061.99951171875 0.30264829811018057
11071.99951171875 0.30300426159884253
11081.99951171875 0.3025660209837555
11091.99951171875 0.3023000968339196
11101.99951171875 0.30278047572653793
11111.99951171875 0.3026865450648049
11121.99951171875 0.30288122122043437
11131.99951171875 0.30241754336071625
11141.99951171875 0.30231691724838416
11151.999511718752 0.3018536840403121
11161.99951171875 0.30089785196602475
11171.999511718752 0.3001416507455614
11181.99951171875 0.2992084496980293
11191.999511718752 0.29862156903737636
11201.99951171875 0.29846778595641815
11211.999511718752 0.29766059619387514
11221.99951171875 0.29704482341782934
11231.999511718752 0.295735482835
11241.99951171875 0.29575108717881504
11251.999511718752 0.2954350099249304
11261.99951171875 0.2959414394530019
11271.999511718752 0.29618032317555704
11281.99951171875 0.29715244540846486
11291.999511718752 0.29761176243625925
11301.99951171875 0.2982072565232527
11311.999511718752 0.29869319424613083
11321.99951171875 0.2999942663762529
11331.999511718752 0.300847186402474
11341.99951171875 0.30190044218183193
11351.999511718752 0.3025113539329571
11361.99951171875 0.30375044432846354
11371.999511718748 0.30529958978738336
11381.99951171875 0.3061667979653423
11391.999511718748 0.3078064646380752
11401.99951171875 0.3086157808198208
11411.999511718748 0.3106406007481279
11421.99951171875 0.31291040054271413
11431.999511718748 0.3155481812014423
11441.99951171875 0.31836847936431667
11451.999511718748 0.32070453624577844
11461.99951171875 0.3224722392812622
11471.999511718748 0.3241062379961709
11481.99951171875 0.3256334441960528
11491.999511718748 0.3280886275731439
11501.99951171875 0.33006224320666916
11511.999511718748 0.33207988737204786
11521.99951171875 0.3340127918981482
11531.999511718748 0.33542610249041305
11541.99951171875 0.3370595073464255
11551.999511718748 0.33876760880105095
11561.99951171875 0.3408110468039998
11571.999511718748 0.3429031126711704
11581.99951171875 0.34460693647389284
11591.99951171875 0.3471784446710115
11601.99951171875 0.34811343878057843
11611.99951171875 0.34993824742879764
11621.99951171875 0.3509201725552664
11631.99951171875 0.35290153633699084
11641.99951171875 0.35393502455145404
11651.99951171875 0.3551103259037918
11661.99951171875 0.3561458071377831
11671.99951171875 0.357424691719633
11681.99951171875 0.3580200011652598
11691.99951171875 0.35871782294103105
11701.99951171875 0.35931120357841645
11711.99951171875 0.35976668159563785
11721.99951171875 0.3603881901639068
11731.99951171875 0.3605994116044776
11741.99951171875 0.36112802097345614
11751.99951171875 0.3615127744073608
11761.99951171875 0.3613233614269727
11771.99951171875 0.3617457057583351
11781.99951171875 0.3614402321550724
11791.99951171875 0.3612334130982139
11801.99951171875 0.3608570320843992
11811.99951171875 0.361255577808845
11821.99951171875 0.36181454343605796
11831.99951171875 0.3613740916697761
11841.99951171875 0.3607663832491277
11851.99951171875 0.3600563779695257
11861.99951171875 0.3594508112297592
11871.99951171875 0.35798563400309275
11881.99951171875 0.3573625213770166
11891.99951171875 0.35738178746321797
11901.99951171875 0.35775058546564364
11911.99951171875 0.3569499356940362
11921.99951171875 0.3550073666995244
11931.99951171875 0.35424566260456974
11941.99951171875 0.35326633615678626
11951.99951171875 0.35230874307083837
11961.99951171875 0.350880901680436
11971.99951171875 0.35029906946791217
11981.99951171875 0.34981277554207274
11991.99951171875 0.3493612866865298
12001.99951171875 0.34875257856189834
12011.99951171875 0.34874034808989923
12021.99951171875 0.3486522785206547
12031.99951171875 0.34783704670877913
12041.99951171875 0.34797040751535496
12051.99951171875 0.34771381374801624
12061.99951171875 0.3475175194144047
12071.99951171875 0.3472608981824527
12081.99951171875 0.34711382210018865
12091.99951171875 0.34816353143924095
12101.99951171875 0.3478422727273165
12111.99951171875 0.3486213330260959
12121.99951171875 0.34843802748762737
12131.99951171875 0.34974927816689855
12141.99951171875 0.35005123553491607
12151.99951171875 0.35105459765145747
12161.99951171875 0.3510584735709601
12171.99951171875 0.3515558295653773
12181.99951171875 0.35288390698826777
12191.99951171875 0.35402670404072595
12201.99951171875 0.3552529304086376
12211.99951171875 0.35646632445025583
12221.99951171875 0.3582430349123183
12231.99951171875 0.36000953236238614
12241.99951171875 0.3612407945941868
12251.99951171875 0.36259067444288723
12261.99951171875 0.3642294414990268
12271.99951171875 0.36630575762209316
12281.99951171875 0.36793347112981534
12291.99951171875 0.36924444105087384
12301.99951171875 0.3710970087786246
12311.99951171875 0.372262963514189
12321.99951171875 0.37412182490115126
12331.99951171875 0.37475001094579263
12341.99951171875 0.37641183708083276
12351.99951171875 0.3773472889620202
12361.99951171875 0.37825790340911447
12371.99951171875 0.378641828869988
12381.99951171875 0.3793189340354578
12391.99951171875 0.3795669536006095
12401.999511718752 0.3807696473627934
12411.99951171875 0.38143188062431954
12421.999511718752 0.38298784507168054
12431.99951171875 0.3837251383144399
12441.999511718752 0.3851929660469372
12451.99951171875 0.3861630276510268
12461.999511718752 0.3870313075158542
12471.99951171875 0.3872136723584498
12481.999511718752 0.38789822980124167
12491.99951171875 0.3890126695838255
12501.999511718752 0.3895870602455819
12511.99951171875 0.3910995598909864
12521.999511718752 0.39203390345861
12531.99951171875 0.3929509683013821
12541.999511718752 0.3927961379274846
12551.99951171875 0.3925470499985874
12561.999511718752 0.39277969926471906
12571.99951171875 0.39371426761337264
12581.999511718752 0.39376957738014845
12591.99951171875 0.39394867539692857
12601.999511718752 0.39374940889095184
12611.99951171875 0.39417372104676407
12621.999511718748 0.39436702305428284
12631.99951171875 0.39423465713048467
12641.999511718748 0.3941688927511655
12651.99951171875 0.39444582885485885
12661.999511718748 0.3936601424584424
12671.99951171875 0.3938639600883301
12681.999511718748 0.39348095582362486
12691.99951171875 0.39330576957798014
12701.999511718748 0.39118766810334266
12711.99951171875 0.38806425135290495
12721.999511718748 0.38284579317408407
12731.99951171875 0.3768655189386347
12741.999511718748 0.36763897830103054
12751.99951171875 0.3554674822721039
12761.999511718748 0.3383371821396901
12771.99951171875 0.31780267371947907
12781.999511718748 0.2928766964855605
12791.99951171875 0.26523318574438776
12801.999511718748 0.2357876582318519
12811.99951171875 0.2066935817803425
12821.999511718748 0.1793829878447883
12831.99951171875 0.15499557207527115
12841.99951171875 0.13350235402127106
12851.99951171875 0.11499183155044289
12861.99951171875 0.09846723926469927
12871.99951171875 0.08461733072270029
12881.99951171875 0.07246870925882218
12891.99951171875 0.06289647336883096
12901.99951171875 0.05464135661947458
12911.99951171875 0.04792910633031946
12921.99951171875 0.041813827570386985
12931.99951171875 0.03701545528398534
12941.99951171875 0.03266596799156917
12951.99951171875 0.029097409394207487
12961.99951171875 0.025444653023323844
12971.99951171875 0.02185915533023737
12981.99951171875 0.01818912887573937
12991.99951171875 0.014898042991295525
13001.99951171875 0.012138975204135611
13011.99951171875 0.009836923642722413
13021.99951171875 0.00797386228599276
13031.99951171875 0.006463212166567965
13041.99951171875 0.00526965379592528
13051.99951171875 0.004290899958904144
13061.99951171875 0.0034985438848992023
13071.99951171875 0.0028609150518010937
13081.99951171875 0.0023557567164584846
13091.99951171875 0.0019557825190755235
13101.99951171875 0.0016296747459503655
13111.99951171875 0.0013618418938987505
13121.99951171875 0.0011424981375761313
13131.99951171875 0.0009654414376157245
13141.99951171875 0.0008163974428225192
13151.99951171875 0.0006931244727403659
13161.99951171875 0.0005890786363430128
13171.99951171875 0.0005030903502183147
13181.99951171875 0.00043119971168786066
13191.99951171875 0.00037030050422503114
13201.99951171875 0.00031832288124792083
13211.99951171875 0.0002753763744119238
13221.99951171875 0.0002392332036801573
13231.99951171875 0.0002088668684536724
13241.99951171875 0.0001820556714576802
13251.99951171875 0.0001587758413513967
13261.99951171875 0.00013964159782249322
13271.99951171875 0.00012287807925547497
13281.99951171875 0.00010858960635645729
13291.99951171875 9.523511233813617e-05
13301.99951171875 8.47996617179417e-05
13311.99951171875 7.543976149136459e-05
13321.99951171875 6.754524008583361e-05
13331.99951171875 6.024137655802907e-05
13341.99951171875 5.4148855875339544e-05
13351.99951171875 4.840291488754017e-05
13361.99951171875 4.3526428499942895e-05
13371.99951171875 3.9277024172553685e-05
13381.99951171875 3.5562838454406086e-05
13391.99951171875 3.22030742714373e-05
13401.99951171875 2.92753859242771e-05
13411.99951171875 2.68219083219025e-05
13421.99951171875 2.4726229272170463e-05
13431.99951171875 2.2838600588175676e-05
13441.99951171875 2.1212175765458014e-05
13451.99951171875 1.9392881003710414e-05
13461.99951171875 1.756603802024927e-05
13471.99951171875 1.6338172092192125e-05
13481.99951171875 1.508799377757436e-05
13491.99951171875 1.3773178569999453e-05
13501.99951171875 1.2468793981864325e-05
13511.99951171875 1.1810705561183497e-05
13521.99951171875 1.0947099332970579e-05
13531.99951171875 1.0353176521477537e-05
13541.99951171875 9.145929753347452e-06
13551.999511718748 0.0
13561.99951171875 0.0
