30970.22456000001 0.0
30983.736880000004 0.0
30997.249200000002 7.481104704300213e-06
31010.76152 1.0588559890954143e-05
31024.273830000002 1.2157308045290311e-05
31037.78615 1.143020723517447e-05
31051.298459999998 9.95434019725354e-06
31064.81078 1.0485650112887005e-05
31078.323089999998 1.1471337611922647e-05
31091.8354 1.0366057807698273e-05
31105.347719999998 1.1331462411193355e-05
31118.86003 1.4973574836886859e-05
31132.37235 1.4177358169561663e-05
31145.884660000003 1.2341550988712454e-05
31159.39698 1.1820144083426509e-05
31172.909289999996 1.2932407062488633e-05
31186.421599999998 1.4915428678320555e-05
31199.93392 1.3419348358348979e-05
31213.44623 1.1810654830137387e-05
31226.95855 1.5980370101195085e-05
31240.47086 1.6631389413664086e-05
31253.983180000003 1.6331128688967353e-05
31267.495489999998 1.5463991433935353e-05
31281.007810000003 1.6320905797906942e-05
31294.52012 2.048230308518358e-05
31308.03243 2.1692237152506124e-05
31321.544749999997 2.306721699230055e-05
31335.05706 2.4334428767990047e-05
31348.56938 2.621255919370727e-05
31362.081690000003 2.8641194063419095e-05
31375.594009999997 2.706184645035402e-05
31389.10632 3.0066503921874653e-05
31402.61863 3.318099385670325e-05
31416.130950000002 3.430734357321417e-05
31429.64326 3.511138023865024e-05
31443.15558 3.761697649101289e-05
31456.667889999997 3.9288223673280344e-05
31470.180210000002 3.8393499442364076e-05
31483.69252 3.8273200454949844e-05
31497.20484 4.1670627720534215e-05
31510.71715 4.399541034692314e-05
31524.229460000002 4.4531131878808056e-05
31537.74178 4.534068027051396e-05
31551.254090000002 4.840000947906351e-05
31564.766410000004 5.080633567573375e-05
31578.27872 5.1616192553653254e-05
31591.791039999996 5.166476060067382e-05
31605.30335 5.39375255613655e-05
31618.81566 5.816796855168349e-05
31632.327980000002 5.8955456941586904e-05
31645.840290000004 5.918247586870489e-05
31659.35261 6.167183041729949e-05
31672.86492 6.511996206881721e-05
31686.37724 6.595369273762177e-05
31699.88955 6.870053666855544e-05
31713.401869999998 7.07353119527779e-05
31726.91418 6.97186409665012e-05
31740.42649 6.955297257813772e-05
31753.938809999996 7.029921624822775e-05
31767.451119999998 7.195760524585387e-05
31780.96344 7.606694623148306e-05
31794.47575 7.778487310788123e-05
31807.98807 7.646561979758292e-05
31821.50038 7.762040774449648e-05
31835.012700000003 7.952676265227863e-05
31848.52501 7.726448558839755e-05
31862.03732 7.347368933602571e-05
31875.549639999997 7.544354004552435e-05
31889.06195 7.78916337154062e-05
31902.57427 7.77069911156571e-05
31916.086580000003 7.643172965295369e-05
31929.5989 7.427140796487555e-05
31943.111210000003 7.686233794516841e-05
31956.623519999997 7.822329684321826e-05
31970.13584 7.892745990648172e-05
31983.648149999997 7.824510789153838e-05
31997.16047 7.466216848468505e-05
32010.67278 7.291930790853531e-05
32024.1851 7.424284084756794e-05
32037.69741 7.449584589595926e-05
32051.209730000002 7.313163169810926e-05
32064.72204 7.404754903391573e-05
32078.23435 7.727553389557464e-05
32091.74667 7.990699583093977e-05
32105.25898 8.126958372225936e-05
32118.7713 8.208684657874237e-05
32132.283610000002 8.03458845315889e-05
32145.79593 8.068462111605304e-05
32159.30824 8.108913737376436e-05
32172.82055 8.166026768715504e-05
32186.332870000002 8.261568697984619e-05
32199.845180000004 8.388916016836693e-05
32213.357500000002 8.465481770346473e-05
32226.86981 8.526147116980317e-05
32240.382129999995 8.496460434859147e-05
32253.894439999996 8.453418278010042e-05
32267.406759999998 8.508801476880023e-05
32280.91907 8.855773270269343e-05
32294.43138 9.424996171391705e-05
32307.9437 9.537115793199863e-05
32321.45601 9.520531415709439e-05
32334.968330000003 9.515821468821146e-05
32348.480639999998 9.717129187041568e-05
32361.992959999996 9.822021061494632e-05
32375.505269999998 0.0001007869797749542
32389.01759 0.00010463137261010425
32402.5299 0.00010753176205011315
32416.042210000003 0.00010919770942834103
32429.55453 0.00011025509142092395
32443.06684 0.00011673484452533155
32456.579160000005 0.00012173083716004379
32470.091470000003 0.00012442116545457375
32483.60379 0.00012620865589552387
32497.1161 0.00012745163941436564
32510.62841 0.0001332700776057692
32524.14073 0.00014193638633682048
32537.653039999997 0.0001482301233201345
32551.16536 0.00015140817145206485
32564.67767 0.00015685158623018707
32578.18999 0.00016340484483558666
32591.7023 0.00016895697013861723
32605.214620000002 0.00017730256669297402
32618.72693 0.00018867514677974392
32632.23924 0.00020077049388871686
32645.751559999997 0.00021264737099124158
32659.26387 0.00022375598248755547
32672.77619 0.00023411190663019064
32686.288500000002 0.0002469864882669024
32699.80082 0.0002634384058141573
32713.313130000002 0.00028081286704062514
32726.825439999997 0.00029701288744184005
32740.33776 0.0003147515955989866
32753.850069999997 0.00033692064229882285
32767.36239 0.00036055383693668234
32780.8747 0.0003873974434992121
32794.387019999995 0.00041694896390145734
32807.89933 0.00044842291836648255
32821.41165 0.00048450950126437825
32834.92396 0.0005256733160649582
32848.436270000006 0.0005706132676890339
32861.94859 0.0006183451846538365
32875.4609 0.0006716116903010146
32888.97322 0.0007335516436608453
32902.48553 0.000803858769484925
32915.99785 0.000879039693042758
32929.51016 0.0009609421254899668
32943.02247 0.0010553400840140818
32956.534790000005 0.0011595530474251623
32970.047099999996 0.001273365501455011
32983.559420000005 0.0014003386412322534
32997.071729999996 0.0015401452128507985
33010.58405 0.0016924433643142384
33024.096359999996 0.001858004206616897
33037.60868 0.0020386059681402973
33051.12099 0.0022365425533919067
33064.6333 0.002447508421853321
33078.145619999996 0.002667718928872103
33091.65793 0.002903661725504469
33105.17025 0.0031523334993756335
33118.68256 0.0034086703503747417
33132.19488 0.003673177231798053
33145.70719 0.003942974656077531
33159.21951 0.004211522216020353
33172.73182 0.004477755983067273
33186.24413 0.004741777745491695
33199.75645 0.005001548567779257
33213.26876 0.005254366338428828
33226.78108 0.005489451996439645
33240.29339 0.005713170891533432
33253.80571 0.005922187036478359
33267.31802 0.006119008090059689
33280.83033 0.006305512457680304
33294.34265 0.00647832838579818
33307.85496 0.006640230492752286
33321.36728 0.006796861731556596
33334.879590000004 0.006945648510568676
33348.39191 0.007086591162231447
33361.904220000004 0.007223452255881479
33375.416540000006 0.00735538492619077
33388.928850000004 0.007491551065086204
33402.44116 0.007634591019125853
33415.95348 0.007780038527186512
33429.46579 0.007933684612578552
33442.978110000004 0.008098523292006922
33456.490419999995 0.0082694592146321
33470.00274 0.008451058906786067
33483.51505 0.008644530116931113
33497.02736 0.008856165795695502
33510.53968 0.009088975808914546
33524.05199 0.009337844815907128
33537.56431 0.009611184875556018
33551.07662 0.00990860980648111
33564.588939999994 0.010220688671745356
33578.10125 0.01055805863935454
33591.61357 0.010930897461039493
33605.12588 0.01133090578782844
33618.638190000005 0.01176366263744576
33632.15051 0.012236087019804883
33645.66282 0.012744561417982643
33659.17514000001 0.013297789196912017
33672.68745 0.013905063769449624
33686.19977 0.014554587017408357
33699.71208 0.015257658364516667
33713.22439 0.016028799518388412
33726.73671 0.01686024645779241
33740.24902 0.01777007921884273
33753.761340000005 0.018752940180129136
33767.27365 0.019821565219637648
33780.78597 0.02098971927065165
33794.298279999995 0.022257717839499
33807.8106 0.02363914771694991
33821.32291 0.02515504803777293
33834.83522 0.02680364392687297
33848.34754 0.028600466285989286
33861.85985 0.03057045312286761
33875.37217 0.03271706232893734
33888.88448 0.03507019888618004
33902.3968 0.03765286188222336
33915.90911 0.040470538261520486
33929.42143 0.043557635695209915
33942.93373999999 0.04695333484903724
33956.44605 0.05066273876621553
33969.95837 0.05471612894649618
33983.47068 0.05915796885833571
33996.983 0.06400710495950476
34010.49531 0.0693194964796553
34024.00763 0.0751066319370743
34037.519940000006 0.0814146749916534
34051.03225 0.08830054204126392
34064.54457 0.09577987209628752
34078.05688 0.1038975440054108
34091.5692 0.11269872611528645
34105.08151 0.12218312477975213
34118.59383 0.13238512796113588
34132.10614 0.14332143185608617
34145.618460000005 0.15495547954964417
34159.13077 0.16729496586271148
34172.643079999994 0.18032425430594767
34186.155399999996 0.19396213274472768
34199.66771 0.20811390146094427
34213.180029999996 0.22267946901109537
34226.69234 0.2375449234896503
34240.20466 0.2526213725918921
34253.71697 0.26770934670423796
34267.22928 0.28262433356459415
34280.7416 0.2971716276939792
34294.25391 0.3112254035973516
34307.76623 0.32468719284637987
34321.27854 0.3374805714581949
34334.79086 0.34943872166752876
34348.30317 0.3603932650173088
34361.81549 0.37046932180366987
34375.3278 0.379536250850271
34388.840110000005 0.38760717526570276
34402.35243 0.39475803050461084
34415.864740000005 0.4008753160898997
34429.377060000006 0.40612780064025583
34442.88937 0.41069860298395566
34456.40169 0.41454255976899185
34469.914 0.417802884973562
34483.42631 0.4206268045952099
34496.93863 0.42291252431359294
34510.45094 0.42493293521368153
34523.963260000004 0.42660326048363323
34537.47557 0.4280550230094853
34550.98789 0.4294145616803279
34564.5002 0.4305819237613733
34578.012520000004 0.4316868705067465
34591.52483 0.4328265930379869
34605.03714 0.4338837504519042
34618.54946 0.43495109189607495
34632.06177 0.43613128585072536
34645.57409 0.4372999221496078
34659.0864 0.4385373196024367
34672.59872 0.4399446719665439
34686.11103 0.4413539422890831
34699.62335 0.44285250716595054
34713.13566 0.44454437492126886
34726.64797 0.4462327520268493
34740.16029 0.44811197238663114
34753.6726 0.449981409040068
34767.18492 0.451921804360406
34780.69723 0.45402822633217443
34794.20955 0.4561097492009513
34807.721860000005 0.45826269900946903
34821.234169999996 0.46055638160104484
34834.746490000005 0.46279691198757456
34848.258799999996 0.46508124317467714
34861.77112 0.46748460576004747
34875.28343 0.46981942322582493
34888.79575 0.47215325973053446
34902.30806 0.4745616210945639
34915.820380000005 0.4768633646252533
34929.332689999996 0.4791154168444636
34942.845 0.4814129017546731
34956.35732 0.4835663261609135
34969.86963 0.48565259338388733
34983.381949999995 0.48775004232218766
34996.89426 0.489655772380722
35010.40658 0.4915540575317078
35023.91889 0.49326908359488003
35037.4312 0.49488009913240444
35050.94352 0.49647126362900773
35064.45583 0.4978679667401509
35077.96815 0.4991649245437928
35091.48046 0.5004100689047459
35104.99278 0.5014670742789642
35118.50509 0.5024134848202886
35132.01741 0.5032894630697449
35145.52972 0.503981657599417
35159.04203 0.5045606031572556
35172.55435 0.505094667991141
35186.066660000004 0.5054859849794905
35199.57898 0.505766564760255
35213.091290000004 0.5060017253232284
35226.603610000006 0.506111914952789
35240.11592 0.506203748407871
35253.62824 0.5061830001317638
35267.14055 0.5060833473780606
35280.65286 0.5059621477527119
35294.16518 0.5057528413701455
35307.67749 0.5054878568868939
35321.18981 0.5052651925024194
35334.70212 0.5049702740162625
35348.21444 0.5046566025967788
35361.72675 0.5043807367738994
35375.23906 0.5040495013561324
35388.75138 0.5037252692950186
35402.26369 0.5034435693313953
35415.776009999994 0.5031254751324064
35429.28832 0.5028445313140475
35442.80064 0.5026291103155162
35456.31295 0.5024220366754262
35469.82527 0.502258498347039
35483.33758 0.5021675937520689
35496.84989 0.5021004146822577
35510.36221 0.5021290630383228
35523.87452 0.5021925889893535
35537.38684 0.5023142607398434
35550.89915 0.5025190446934219
35564.41147 0.5027702228646218
35577.923780000005 0.5030895310962388
35591.43609 0.5035018384869568
35604.948410000005 0.5039513849708663
35618.460719999995 0.5044831908202209
35631.97304 0.5051226712807162
35645.485349999995 0.5057995831411074
35658.99767 0.5065305787613633
35672.50998 0.5073502020496012
35686.0223 0.5081731413344877
35699.53461 0.5090461328708731
35713.04692 0.5100090909460175
35726.55924 0.5109679511097657
35740.07155 0.5120022169715804
35753.58387 0.5130158732096701
35767.09618 0.5140447469374974
35780.6085 0.5151429533726735
35794.12081 0.5161917392847578
35807.63312 0.5172469962861593
35821.14544 0.5183513442837822
35834.65775 0.5193871201533635
35848.17007 0.5204132467213485
35861.682380000006 0.521466892199483
35875.1947 0.5224368620241671
35888.70701 0.5233751134861775
35902.21932999999 0.5243153946928736
35915.73164 0.5251514273749602
35929.24395 0.5259252156470451
35942.75627 0.5266887617489131
35956.26858 0.5273473119729708
35969.7809 0.5279333811493656
35983.29321 0.5285097602719664
35996.805530000005 0.5289581371859833
36010.317839999996 0.5293900399444984
36023.83016 0.5297074159375676
36037.342469999996 0.5299415443412578
36050.85478 0.5301307539615716
36064.3671 0.5302094451733235
36077.87941 0.5302074172906658
36091.39173 0.5301741751645912
36104.90404 0.5300269014102761
36118.41636 0.5298044291413281
36131.92867 0.5295714366596578
36145.44098 0.5292241633601673
36158.9533 0.5288064209274467
36172.46561 0.5283948774110498
36185.97793 0.5278803556034215
36199.49024 0.5273160330264288
36213.00256 0.5267570922956353
36226.51487 0.5261017975259787
36240.02719 0.5254767176128737
36253.5395 0.5247882410445639
36267.05181 0.5240760746168494
36280.56413 0.5234112613453739
36294.07644 0.5226843776077637
36307.58876 0.5219496030046993
36321.10107 0.5212833725594841
36334.61339 0.5205753655854595
36348.125700000004 0.5198855922054688
36361.63801 0.5192723521015257
36375.150330000004 0.5186305076684323
36388.662639999995 0.5180260712066312
36402.17496 0.5175094235952205
36415.687269999995 0.5170101722185061
36429.19959 0.5165836513896409
36442.7119 0.5162377360589951
36456.22422 0.5158960004954509
36469.73653 0.5156177175294563
36483.24884 0.5154282697953514
36496.76116 0.5152625468167047
36510.27347 0.5152029811996042
36523.78579 0.515149890663928
36537.2981 0.515171939269432
36550.81042 0.5152948162144994
36564.32273 0.5154388786847377
36577.835040000005 0.5156588302863399
36591.34736 0.5159698073117117
36604.85967 0.5162998608998816
36618.37199 0.5166887658595424
36631.8843 0.5171547333501909
36645.39662 0.5176523718324051
36658.90893 0.5182114880971403
36672.42125 0.5188434841361611
36685.93356 0.519502713812237
36699.445869999996 0.5202002825243642
36712.95819 0.520953908909267
36726.4705 0.5217277590840053
36739.98282 0.522531851156711
36753.49513 0.5233890825911122
36767.007450000005 0.5242594399763119
36780.51976 0.5251623489782051
36794.032080000004 0.5260624755188528
36807.544389999995 0.5269803610065416
36821.0567 0.527915258599404
36834.56902 0.5288917225345053
36848.08133 0.529874510162648
36861.59365 0.5308549275360807
36875.10596 0.5318169818682252
36888.618279999995 0.5327601420635868
36902.13059 0.5337007935807643
36915.6429 0.5346257984440891
36929.15522 0.5355267020674582
36942.66753 0.5364158651484225
36956.17985 0.5372736024763984
36969.69216 0.5380911769620971
36983.20448 0.53889195079135
36996.71679 0.5396465420172051
37010.22911 0.5403760912370005
37023.74142 0.5410540822693721
37037.253730000004 0.5416958413976729
37050.766050000006 0.5423116211528025
37064.278360000004 0.5428792059849697
37077.79068 0.5434075710943376
37091.30299 0.5439115923106727
37104.81531 0.5443651862099852
37118.32762 0.5447772521252489
37131.83993 0.5451687949837175
37145.35225 0.5455082980389966
37158.86456 0.545807872019296
37172.37688 0.5461023307433589
37185.889189999994 0.5463483176247017
37199.401509999996 0.5465590645372855
37212.91382 0.5467791656709398
37226.426139999996 0.5469549675306049
37239.93845 0.5470956720016888
37253.45076 0.547273302041202
37266.96308 0.5474191664289694
37280.47539 0.5475629435973695
37293.98771 0.5476655893720592
37307.50002 0.5477612416353654
37321.01234 0.5478746399219229
37334.52465 0.5479470021213286
37348.03696 0.5480014449833243
37361.54928 0.5480790558214614
37375.06159 0.5481218997626895
37388.57391 0.548136773497222
37402.08622 0.5481620786430434
37415.59854 0.548135670535403
37429.110850000005 0.5480775210237423
37442.62317 0.548030327742886
37456.13548 0.5479215685398935
37469.647789999995 0.5477710565701671
37483.16011 0.5476269548327042
37496.67242 0.5474067526360342
37510.18474 0.5471564500249291
37523.69705 0.5468060013817924
37537.209370000004 0.5463861300511947
37550.72168 0.5459172000799375
37564.234000000004 0.5453257180344704
37577.74631 0.5446279585535253
37591.25862 0.5438367591342225
37604.770939999995 0.5428846217242455
37618.28325 0.5417928041845588
37631.79557 0.5405730101888819
37645.30788 0.5391513875722438
37658.8202 0.5375385947371745
37672.33251 0.5357440302764652
37685.84482 0.533704351356987
37699.35714 0.5314258997003772
37712.86945 0.5289016874117046
37726.38177 0.5260694535025829
37739.89408 0.5229382654350374
37753.4064 0.5195129344420417
37766.91871 0.5157284429490118
37780.43103 0.5116204886902225
37793.94334 0.5071187645690043
37807.45565 0.5022541483999112
37820.967970000005 0.49702830814027443
37834.480279999996 0.4913756440767275
37847.9926 0.48531860486876266
37861.504909999996 0.47885636097169715
37875.01723 0.47195344599202893
37888.529539999996 0.46464778900175074
37902.04185 0.4569467482395799
37915.55417 0.4488251390415596
37929.06648 0.4403177064555554
37942.5788 0.4314321861575475
37956.09111 0.42217287469266096
37969.60343 0.4125815524037232
37983.11574 0.4026674216237074
37996.628059999995 0.3924495638447173
38010.14037 0.38197642061768633
38023.65268 0.37124660814744603
38037.165 0.36029184975130324
38050.67731000001 0.3491707725555038
38064.18963 0.33791446346502185
38077.70194 0.32656687249676053
38091.21426 0.31515829863628986
38104.72657 0.30372028584760924
38118.23889 0.29229080998615387
38131.7512 0.28090059048979776
38145.26351 0.26959286369142493
38158.77583 0.25840170428022524
38172.28814 0.24734921458363845
38185.80046 0.23647348052386144
38199.312770000004 0.22579870768891108
38212.82509 0.21534716482543342
38226.337400000004 0.2051511696966038
38239.849709999995 0.19522133915227746
38253.36203 0.1855675353906639
38266.87434 0.17621949042054352
38280.38666 0.1671688911349484
38293.89897 0.1584469720652374
38307.411290000004 0.15004466906716274
38320.9236 0.1419550888169352
38334.43592 0.13420472316335919
38347.94823 0.1267857846777775
38361.46054 0.11968496887059894
38374.972859999994 0.11290999705050866
38388.48517 0.10645237911904615
38401.99749 0.10030336871436027
38415.5098 0.0944684715818625
38429.02212 0.08892905089002695
38442.53443 0.08367202631650844
38456.04674 0.0787026863037204
38469.55906 0.07400114664653873
38483.07137 0.06954905010538302
38496.58369 0.0653481798214075
38510.096 0.06137960856518375
38523.60832 0.057644682817072135
38537.120630000005 0.054128202068825446
38550.63295 0.05081541494185335
38564.14526 0.047703336545346656
38577.65757 0.0447744580607525
38591.16989 0.04201121416136131
38604.6822 0.039418025534919854
38618.194520000005 0.03698592806601459
38631.706829999996 0.034699498847665086
38645.21915 0.032553918464253304
38658.731459999995 0.030541860517154493
38672.24377 0.028653716406549304
38685.75609 0.02688398158887078
38699.2684 0.0252242270383154
38712.78072 0.023666508253305928
38726.29303 0.02220682634569374
38739.80535 0.02083736179944922
38753.31766 0.019553675858839527
38766.82998 0.018354117892036892
38780.34229 0.017229310930532996
38793.8546 0.016173553303681736
38807.36692 0.015181248418828645
38820.87923 0.014250518087810691
38834.39155 0.013380855916163737
38847.90386 0.012565277011845379
38861.41618 0.011801428333555394
38874.92849 0.011090311858676111
38888.44081 0.010424932999045362
38901.95312 0.009797114975827206
38915.465430000004 0.009205382158228283
38928.97775 0.00865090961772435
38942.49006 0.008132908604817388
38956.00238 0.007648263425434192
38969.51469 0.007192960569545048
38983.02701 0.0067642714913701074
38996.53932 0.006362225067291857
39010.051629999994 0.0059873567833345935
39023.56395 0.005637017169382529
39037.07626 0.0053079979107501915
39050.588579999996 0.004997198241269686
39064.10089 0.004702199814320913
39077.613209999996 0.004423530990997446
39091.12552 0.004162021518635476
39104.63784 0.0039175636118768875
39118.15015 0.003690483498404472
39131.66246 0.003480481808751186
39145.17478 0.0032837623301019774
39158.68709 0.003096142862307141
39172.19941 0.0029182452128525853
39185.71172 0.0027509679574960247
39199.22404 0.00259423378083651
39212.73635 0.002447738121309248
39226.24866 0.0023088895812638814
39239.76098 0.0021767492600196564
39253.273290000005 0.002052219259917518
39266.78561 0.0019351939854949794
39280.29792 0.0018248489165772841
39293.81024 0.0017211988764859738
39307.32255 0.0016249848527350513
39320.83487 0.0015337290620121057
39334.34718 0.001447126296237412
39347.85949 0.0013661059302111994
39361.37181 0.0012888711348591157
39374.88412 0.0012155358064482955
39388.396440000004 0.0011471364033377597
39401.90875 0.001083453582836179
39415.421070000004 0.001023811148480939
39428.933379999995 0.0009682593487204644
39442.44569 0.0009152971370584679
39455.95801 0.0008627781298098341
39469.47032 0.0008146542674658203
39482.98264 0.0007705993798294548
39496.49495 0.0007270874343158354
39510.00727 0.0006855533067382851
39523.51958000001 0.0006471956962970191
39537.0319 0.0006113612293191659
39550.54421 0.0005773690701582825
39564.05652 0.0005456354655678123
39577.56884 0.0005155211212452982
39591.08115 0.00048632986353237806
39604.59347 0.0004601012023398854
39618.10578 0.0004343589208341469
39631.6181 0.00040767345125305743
39645.13041 0.00038213013482797924
39658.64273 0.0003589688454593659
39672.15504 0.0003380826418089095
39685.66735 0.00031914247508956335
39699.17967 0.0003020273903029372
39712.691979999996 0.000284188345020661
39726.2043 0.0002651461391497775
39739.71661 0.00024713553388655785
39753.22893 0.00022961606551145719
39766.74124 0.00021358875074730608
39780.25355 0.0002000672154950206
39793.76587 0.00018790713614390362
39807.278179999994 0.00017506945328257123
39820.790499999996 0.00016229454847898632
39834.30281 0.00015206071990289725
39847.815129999995 0.00014266372410729947
39861.32744 0.0001327758900468746
39874.83976 0.00012240329212795083
39888.35207 0.00011346574134864141
39901.864380000006 0.0001063214902860905
39915.3767 0.00010041754091246152
39928.88901 9.406000308613034e-05
39942.40133 8.791412389648983e-05
39955.91364 8.174898245012378e-05
39969.42596 7.464433626079032e-05
39982.93827 6.801530589549373e-05
39996.45058 6.35435656823111e-05
40009.9629 6.025807397666618e-05
40023.47521 5.662025327204655e-05
40036.98753 5.2885128712466615e-05
40050.499840000004 5.130496851570051e-05
40064.012160000006 4.943900073704171e-05
40077.52447 4.5080491759670374e-05
40091.03679 3.983642926560027e-05
40104.5491 3.492046271926686e-05
40118.06141 3.147568143142234e-05
40131.573730000004 2.9898915114968433e-05
40145.08604 2.930448100232011e-05
40158.598359999996 2.6943667247264293e-05
40172.11067 2.4156898593054543e-05
40185.62299 2.261495702885964e-05
40199.1353 2.0482040070620668e-05
40212.64761 1.7378281861534135e-05
40226.159929999994 1.3897789268030021e-05
40239.67224 1.1764702668481046e-05
40253.18456 1.0701728420192535e-05
40266.69687 1.2153466573883455e-05
40280.20919 1.4252593267537508e-05
40293.72150000001 1.3660037369147322e-05
40307.233819999994 1.1204968274127771e-05
40320.74613 9.68442522300326e-06
40334.25844 9.722725469604234e-06
40347.77076 9.380425609807712e-06
40361.283070000005 7.944089500046884e-06
40374.79538999999 6.220639615633116e-06
40388.3077 4.85207569927688e-06
40401.82002 4.722575616504769e-06
40415.33233 5.266353970321319e-06
40428.84465 4.939800956244372e-06
40442.356960000005 3.321308652066318e-06
40455.869269999996 2.507550545691029e-06
40469.38159 3.5518649229671815e-06
40482.893899999995 4.0742359127073535e-06
40496.406220000004 3.171300050252617e-06
40509.91853 2.102490801504447e-06
40523.430850000004 1.1518628178695586e-06
40536.943159999995 1.3468804994457533e-06
40550.45547 2.2838350987312644e-06
40563.96779 3.3838874478550203e-06
40577.4801 3.767163492022816e-06
40590.992419999995 2.682452011196666e-06
40604.50472999999 1.4070891695820235e-06
40618.017049999995 8.036662552110777e-07
40631.52936 9.858151644282875e-07
40645.04168 2.07585016110208e-06
40658.55399 2.84379496927848e-06
40672.066300000006 3.3120369129735855e-06
40685.57862000001 3.267518764871418e-06
40699.090930000006 2.5528976017883147e-06
40712.60325 1.309202305326368e-06
40726.11556 8.69535425391856e-07
40739.62788 6.453974925976667e-07
40753.140190000006 8.255351385653942e-07
40766.6525 1.355569716351439e-06
40780.16482 1.929715804816575e-06
40793.67713 1.8919944248546354e-06
40807.18945 1.5655599647218899e-06
40820.70176 1.4358440337783727e-06
40834.214080000005 1.4782871136678548e-06
40847.726389999996 1.659181824452924e-06
40861.23871 1.7331143389999797e-06
40874.75102 1.830427279660431e-06
40888.26333 1.493890245504515e-06
40901.77565 1.398523345803337e-06
40915.28796 1.7492791204776148e-06
40928.800279999996 1.842483898600482e-06
40942.31259 2.1101899517316715e-06
40955.82491 2.922182309126539e-06
40969.33722 3.993562369082568e-06
40982.84953 4.571515259295368e-06
40996.36185000001 5.176422080024847e-06
41009.87417000001 0.0
41023.38649 0.0
