22986.48794999999 0.0
22998.497609999995 0.0
23010.50727 1.5915817293751323e-06
23022.51693 1.6886844036246414e-06
23034.52659 1.8833102143020187e-06
23046.536249999997 2.1869514404118973e-06
23058.545909999997 2.555856473616304e-06
23070.55557 2.8392598825254116e-06
23082.56523 3.216074163159153e-06
23094.57488 3.7360490216461165e-06
23106.58454 4.129005850260657e-06
23118.5942 4.862567791073724e-06
23130.60386 5.767841425243969e-06
23142.61352 6.751810402392013e-06
23154.62318 7.530088657695461e-06
23166.632840000002 9.080093228852414e-06
23178.642499999998 1.050514793408412e-05
23190.652159999998 1.1780601740806198e-05
23202.661819999998 1.41532602261284e-05
23214.67148 1.7159385754161798e-05
23226.681139999997 1.987606416357646e-05
23238.6908 2.234923105346896e-05
23250.70046 2.6517292084041554e-05
23262.710120000003 2.9445742773760877e-05
23274.71977 3.360828166934486e-05
23286.72943 3.950091105003264e-05
23298.73909 4.6141433703087344e-05
23310.748749999995 5.123392365602401e-05
23322.75841 5.770886868497972e-05
23334.76807 6.664164352852893e-05
23346.777729999998 7.435135115329952e-05
23358.787390000005 8.558820423366562e-05
23370.79705 9.89588536696286e-05
23382.80671 0.00011454867410493332
23394.81637 0.00012927243741532991
23406.826030000004 0.0001483821296472618
23418.83569 0.0001697913400467007
23430.84535 0.00019293592207333035
23442.85501 0.0002212569786864886
23454.864659999996 0.00025390391040489946
23466.87432 0.0002914866319478938
23478.883980000002 0.0003343647156026365
23490.893640000002 0.00038706594794182835
23502.903299999998 0.0004507327994055923
23514.91296 0.0005273279449328852
23526.92262 0.0006185857463750419
23538.93228 0.0007335242773360641
23550.941939999997 0.0008695421826989066
23562.9516 0.0010352113782573353
23574.96126 0.0012418473970199624
23586.97092 0.0014944269302855037
23598.980580000003 0.0017782812256403732
23610.99024 0.0021132487605343576
23622.999890000003 0.0025232717802322184
23635.009550000002 0.0029484718671813365
23647.01921 0.0034595340212021986
23659.028870000002 0.004047416037001861
23671.03853 0.00469511950023992
23683.04819 0.005314123807029029
23695.057849999997 0.0060173649775020575
23707.06751 0.006764579907703638
23719.07717 0.007491033289406845
23731.08683 0.008314971633596763
23743.096489999996 0.009137580023396721
23755.10615 0.009966586354752748
23767.11581 0.010817480712904812
23779.12547 0.01175136635985557
23791.135129999995 0.01277271062236755
23803.14478 0.013904326796276895
23815.154440000002 0.015182789101647672
23827.1641 0.016632752543677097
23839.173759999998 0.018280164286997136
23851.18342 0.020172727766173546
23863.19308 0.022360952257734497
23875.20274 0.02490603870265662
23887.212399999997 0.027870066121375468
23899.22206 0.03133173538936014
23911.23172 0.03539576365789765
23923.24138 0.0401192979531302
23935.251039999996 0.0456143495681358
23947.260700000003 0.05196283049268549
23959.270360000002 0.05921926245791248
23971.280020000002 0.06739055037167624
23983.28967 0.0764712852524691
23995.299329999998 0.08636832742259445
24007.30899 0.09687476203786467
24019.318649999997 0.10782856260292581
24031.328309999997 0.11894175298334814
24043.337969999997 0.12988347768914912
24055.34763 0.14033976009639948
24067.357290000004 0.15015756922594994
24079.36695 0.15910075093515424
24091.376610000003 0.1671104133809112
24103.386270000003 0.17427081762908186
24115.395930000002 0.18066473064427271
24127.40559 0.18644466865263756
24139.415250000002 0.19187031816147448
24151.42491 0.1973120334871647
24163.434559999998 0.20288853145504865
24175.444219999998 0.2089223565551302
24187.453879999997 0.21559588520828968
24199.463540000004 0.22294991255974833
24211.4732 0.23093275066528726
24223.48286 0.23949875593731074
24235.49252 0.24848820821424533
24247.502180000003 0.25760110685113075
24259.51184 0.2664749029496733
24271.5215 0.2749461898616684
24283.531160000002 0.2828016171699798
24295.540820000002 0.2897354268237524
24307.550479999998 0.295880411933801
24319.560139999998 0.30118002018104617
24331.5698 0.3056742834825574
24343.579450000005 0.3094094944001198
24355.58911 0.312771360352676
24367.59877 0.3158348511799187
24379.60843 0.3187344431828588
24391.618090000004 0.3217997514895925
24403.62775 0.3250421603918078
24415.63741 0.32850093944406755
24427.64707 0.3322157558550388
24439.656730000002 0.33641764091522897
24451.66639 0.3408977833405063
24463.67605 0.34576235250923576
24475.685709999998 0.35104746100093964
24487.69537 0.35662235133795234
24499.705029999997 0.36212554051844825
24511.714689999997 0.3675768898985584
24523.72434 0.3729967773482344
24535.734000000004 0.3785184267998226
24547.74366 0.38380514475760064
24559.75332 0.38882561917352804
24571.76298 0.39354865753962187
24583.772640000003 0.3980761313492392
24595.7823 0.40209867277844846
24607.79196 0.40564768307244725
24619.80162 0.4088364945210526
24631.81128 0.4114198598153192
24643.820939999998 0.41359281989501484
24655.830599999998 0.4154301853297409
24667.84026 0.417031311768878
24679.849920000004 0.41816695972676143
24691.85958 0.4191361703799464
24703.86923 0.420025439676463
24715.87889 0.4208957470812029
24727.888549999996 0.4214745424956692
24739.89821 0.4219474046821151
24751.90787 0.422340739574102
24763.917529999995 0.4226892119502501
24775.92719 0.42300595502442573
24787.936850000002 0.4234014030378155
24799.94651 0.4238000380393574
24811.95617 0.4240371364654484
24823.965830000005 0.4244191286118143
24835.97549 0.4247909074042051
24847.98515 0.4250943167992849
24859.99481 0.4252356767114944
24872.004459999996 0.4254778596498868
24884.01412 0.4255885224878334
24896.02378 0.4256051841208319
24908.033440000003 0.425648640655685
24920.0431 0.425595343287791
24932.052760000002 0.42546398664411733
24944.062420000002 0.42524741653561704
24956.07208 0.424944126686717
24968.081739999998 0.4245568864924649
24980.0914 0.42408918835297726
24992.10106 0.4235433635694342
25004.11072 0.42292474521781437
25016.12038 0.4222366181541144
25028.13004 0.42149424776861444
25040.1397 0.420708165570644
25052.14935 0.4198977500001573
25064.15901 0.4190587038749284
25076.168670000003 0.41820602686419495
25088.178330000002 0.417361072359446
25100.18799 0.4165271013198457
25112.19765 0.4157269237294346
25124.20731 0.41496056547337185
25136.21697 0.4142391187293127
25148.226629999997 0.4135589436835844
25160.236289999997 0.4129380848383115
25172.24595 0.4123848762100709
25184.25561 0.411890513154595
25196.265269999996 0.41147191544669404
25208.274929999996 0.41113042464768756
25220.28459 0.4108449897476767
25232.294240000003 0.41064909827609775
25244.3039 0.4105363288838996
25256.31356 0.41049693645426805
25268.323220000002 0.4105353422734537
25280.33288 0.4106559231242747
25292.342539999998 0.41085182005540366
25304.352199999998 0.4111336295165697
25316.36186 0.41151626167901395
25328.37152 0.41196386600997215
25340.381179999997 0.4124664334233784
25352.390839999996 0.41303380865486805
25364.4005 0.41365927130778446
25376.410160000003 0.41432265556413794
25388.419820000003 0.4150258244150575
25400.42948 0.41577024007864316
25412.43913 0.4165122373208253
25424.448790000002 0.4172817489015749
25436.45845 0.4180662446685892
25448.468109999998 0.4188577163358216
25460.47777 0.4196600759015536
25472.48743 0.4204681868718694
25484.497089999997 0.4212672657209889
25496.506749999997 0.42205881776024584
25508.516410000004 0.422873458558377
25520.526070000004 0.42367173817839693
25532.53573 0.42444749205187915
25544.54539 0.4252218362705148
25556.555050000003 0.42597406844395536
25568.564710000002 0.42667414316599583
25580.57437 0.4273567945808745
25592.58402 0.42803734787203396
25604.593679999994 0.4286482340182841
25616.603339999998 0.4292334147643526
25628.613 0.4298196688443569
25640.62266 0.4303681906027197
25652.63232 0.43086314562469796
25664.641980000004 0.43134838461084635
25676.65164 0.43182696328130993
25688.6613 0.43225237368876734
25700.670960000003 0.4326979455898596
25712.680620000003 0.43307584484475015
25724.69028 0.4334313670377189
25736.69994 0.43380457225763946
25748.709600000002 0.43415443628293915
25760.71926 0.43449101801244916
25772.72891 0.43481756410501093
25784.73857 0.43515848356316744
25796.74823 0.43546058681687877
25808.75789 0.4357611603047481
25820.76755 0.43612489901032414
25832.77721 0.43646760111293426
25844.78687 0.4368121634503333
25856.79653 0.43721133875611273
25868.80619 0.43760294836076724
25880.81585 0.4379697752143049
25892.82551 0.4383508373649569
25904.83517 0.43876623859862507
25916.84483 0.4391170190066652
25928.854489999998 0.4395620739176589
25940.864139999998 0.4399463762475218
25952.8738 0.440303137611729
25964.88346 0.4407060526633586
25976.89312 0.4410887626035823
25988.902779999997 0.4414232654720667
26000.91244 0.4416865010762767
26012.9221 0.4416250063655023
26024.93176 0.44140323017984406
26036.941419999996 0.4411667092061786
26048.95108 0.44054268357677895
26060.96074 0.4401897835526613
26072.9704 0.4398973443581847
26084.980059999994 0.43936991748395443
26096.989720000005 0.4387834218820953
26108.99938 0.4384338942533871
26121.00903 0.4380169805145681
26133.018689999997 0.437192614567086
26145.028349999997 0.4360950635942191
26157.03801 0.43594771513466957
26169.04767 0.4358898051688811
26181.057329999996 0.43585135609467895
26193.06699 0.43577523249784067
26205.07665 0.4356889711630971
26217.086310000002 0.4356052150402779
26229.095970000002 0.4355113601314723
26241.105630000002 0.43543013889456167
26253.11529 0.435331403760668
26265.12495 0.43522955519498463
26277.13461 0.43512048896606836
26289.14427 0.435023498253563
26301.15392 0.43495313706086813
26313.16358 0.43486470053504456
26325.173239999996 0.4347928897473403
26337.1829 0.4347312366605725
26349.192560000003 0.43468575261852926
26361.202220000003 0.43468404560945684
26373.21188 0.43467772678133776
26385.22154 0.4346890595919398
26397.231200000002 0.4347235195723168
26409.24086 0.43477885112639547
26421.250519999998 0.43487720433222876
26433.26018 0.43497838614428763
26445.26984 0.4351066921140045
26457.2795 0.43525700363954367
26469.289159999997 0.43542575169957365
26481.29881 0.43563932707354536
26493.308470000004 0.4358501915730091
26505.318130000003 0.43551672425432936
26517.32779 0.4352688891032558
26529.33745 0.43540377873015534
26541.347110000002 0.43552820125460856
26553.356770000002 0.4355462436802151
26565.36643 0.4356875214257492
26577.376089999998 0.4358348900437674
26589.38575 0.43583397128083523
26601.39541 0.43595423327550975
26613.405069999997 0.43602255803871903
26625.41473 0.4359941267750371
26637.42439 0.4359371212266526
26649.43405 0.43599297342407795
26661.4437 0.4359805398090744
26673.45336 0.43582767646694254
26685.463020000003 0.43586009613033316
26697.47268 0.43572744647483597
26709.48234 0.4357377624351486
26721.492 0.4357643948821531
26733.50166 0.4357336756714738
26745.511319999998 0.43568235051672033
26757.520979999998 0.43573776973004075
26769.530639999997 0.4357705081110925
26781.5403 0.43565397646099
26793.549959999997 0.43568072864907836
26805.55962 0.4356934734724836
26817.56928 0.4356260723060885
26829.578940000003 0.43557889072249234
26841.58859 0.43552649708069946
26853.59825 0.43545968588700934
26865.60791 0.43535689925900223
26877.617570000002 0.43528789653703803
26889.62723 0.43521249096657055
26901.636889999998 0.4350869511624271
26913.646549999998 0.4349614437982058
26925.656210000005 0.4348468226087534
26937.665870000004 0.4347356368440771
26949.67553 0.43462900142084027
26961.68519 0.43452236191323235
26973.694850000003 0.4344592444049181
26985.704510000003 0.43438172427355215
26997.71417 0.4343263658753216
27009.72383 0.4352136363601755
27021.733479999995 0.4353579772654357
27033.74314 0.43543266655160795
27045.7528 0.43558868224222164
27057.76246 0.435729745861174
27069.77212 0.43580906484355847
27081.78178 0.43590185802891374
27093.79144 0.4360976010534056
27105.8011 0.4361556152635042
27117.810760000004 0.43618614750043583
27129.82042 0.436322511744898
27141.83008 0.4363529167071368
27153.83974 0.43637055219805493
27165.849400000003 0.43644263299226566
27177.85906 0.43652868796096267
27189.868710000002 0.43656371930272486
27201.878370000002 0.4366440528930162
27213.88803 0.43664506728172764
27225.89769 0.4366458420902233
27237.90735 0.4367565376299561
27249.91701 0.43678320861236014
27261.926669999997 0.4367641090155585
27273.93633 0.43682154279560703
27285.94599 0.43688545403065976
27297.95565 0.43687792055778013
27309.965309999996 0.4368921244734967
27321.97497 0.43699512735509427
27333.98463 0.43699557730192445
27345.99429 0.43699363599840685
27358.003950000002 0.4370841079459076
27370.013600000002 0.437106266303827
27382.02326 0.4371140004056806
27394.03292 0.4371765850539674
27406.042579999998 0.43729151974261105
27418.05224 0.43731177250227266
27430.0619 0.4373201617001961
27442.07156 0.4374913109748192
27454.081219999996 0.4375662730864734
27466.09088 0.4377342728378609
27478.10054 0.4378617072283192
27490.1102 0.4379353782648149
27502.119859999995 0.43788457164297523
27514.12952 0.43748005577628635
27526.139180000002 0.43700285232528047
27538.14884 0.4365415421521449
27550.158489999998 0.4356012903833249
27562.16815 0.43512316123146777
27574.17781 0.4347146358146159
27586.187469999997 0.4340573744444908
27598.197129999997 0.4334722750364587
27610.20679 0.4330628249658062
27622.21645 0.43278399664014183
27634.226109999996 0.43265655883765664
27646.23577 0.4327848761675416
27658.245430000003 0.4329348289744058
27670.255090000002 0.43303927095480865
27682.264750000002 0.4332362740395996
27694.274409999998 0.4334744848055607
27706.28407 0.4336969490383641
27718.29373 0.4338920518307513
27730.303379999998 0.4340350982466691
27742.313039999997 0.43432150162606464
27754.322699999997 0.4345484419775407
27766.332360000004 0.43478328164246927
27778.342020000004 0.43511512620910753
27790.35168 0.43530098376144494
27802.361340000003 0.43555714524542194
27814.371000000003 0.4359268982988761
27826.380660000003 0.43630990319405283
27838.39032 0.43660396232708576
27850.399980000002 0.4368312408619282
27862.40964 0.43726422470279647
27874.4193 0.43753847585675976
27886.428959999997 0.43780185844940417
27898.43862 0.43817395852170327
27910.448270000004 0.43837556809181405
27922.45793 0.43858219384789887
27934.46759 0.4388367434212876
27946.47725 0.4391329387880184
27958.486910000003 0.4393108458498053
27970.49657 0.4395293722220841
27982.50623 0.4396493498232885
27994.51589 0.43975206563080654
28006.525550000002 0.43994177831105397
28018.53521 0.4400541371313821
28030.544869999998 0.4400106543736677
28042.55453 0.44008491522159654
28054.56419 0.4401898347157043
28066.573849999997 0.440187356755552
28078.583509999997 0.44017401875992146
28090.59316 0.4401647683843927
28102.602820000004 0.4401397580031672
28114.61248 0.44010274500900615
28126.62214 0.440100793692463
28138.6318 0.44008168719860546
28150.641460000003 0.4399427484922111
28162.65112 0.43989016912272516
28174.66078 0.43985605748711365
28186.670439999998 0.43979131330696974
28198.6801 0.43973255119355525
28210.689759999997 0.4395844218524255
28222.699419999997 0.439608347764754
28234.70908 0.4396194493639449
28246.718740000004 0.4396394798749511
28258.72839 0.4396804745125091
28270.73805 0.4397148469335924
28282.74771 0.4397210330566482
28294.75737 0.4397830469288916
28306.76703 0.4398613187497576
28318.77669 0.4398811112395854
28330.78635 0.4399608852444742
28342.79601 0.4400688625244984
28354.80567 0.44014445156631016
28366.81533 0.44021898921689423
28378.82499 0.4403624679095932
28390.834650000004 0.4405064657495452
28402.84431 0.44057740320684724
28414.85397 0.44075843054462716
28426.86363 0.44095011061244915
28438.873279999996 0.44108435996510664
28450.88294 0.44126088145331305
28462.8926 0.4414436425663084
28474.902259999995 0.44162627805405064
28486.91192 0.44187385875602375
28498.921580000002 0.442118111689493
28510.93124 0.4422965468092086
28522.9409 0.4425534339996374
28534.950560000005 0.4428183297356056
28546.96022 0.44305443511287523
28558.96988 0.44331588801109945
28570.97954 0.4435991862834229
28582.989200000004 0.44387969540193695
28594.99886 0.4441575853471511
28607.00852 0.44446460928140713
28619.018170000003 0.44477813837325986
28631.02783 0.4450939493505138
28643.037490000002 0.44541771473975467
28655.047150000002 0.44574246176640603
28667.056810000002 0.44608432407280907
28679.066469999998 0.44642359465042813
28691.07613 0.44676590419038914
28703.08579 0.4471250072742771
28715.095449999997 0.44745538102194216
28727.10511 0.44778227196199416
28739.11477 0.44816341902812784
28751.12443 0.448489207593309
28763.134089999996 0.44880704170565044
28775.14375 0.4491604043732301
28787.15341 0.4495002773280815
28799.163060000003 0.4497982012024521
28811.17272 0.45009563133261943
28823.18238 0.4504309754688044
28835.19204 0.45069380924807184
28847.2017 0.4509454171652899
28859.211359999998 0.4512390046334086
28871.221019999997 0.4514751952646734
28883.23068 0.4516818753893933
28895.24034 0.4518981641978616
28907.249999999996 0.4521084770788083
28919.259659999996 0.4522726435963993
28931.26932 0.45241763913523514
28943.27898 0.4525746847082559
28955.288640000002 0.45267488255611155
28967.298300000002 0.4527630530665071
28979.307950000002 0.45281961703613477
28991.317610000002 0.4528478218047609
29003.327269999998 0.4528508224848144
29015.336929999998 0.45283055978246334
29027.34659 0.45279556591879905
29039.35625 0.4527343250500244
29051.365909999997 0.4525985834313963
29063.375569999997 0.4524932949558571
29075.385230000004 0.4523680671123053
29087.394890000003 0.45215764396012365
29099.40455 0.4519550783188123
29111.41421 0.45176649823568865
29123.423870000002 0.4515240370893956
29135.433530000002 0.45121679884184573
29147.443189999998 0.45098375180081834
29159.452839999998 0.4507405305917943
29171.462499999998 0.4503297158567907
29183.472159999998 0.450044841698356
29195.48182 0.4496494978317832
29207.49148 0.44930980892429073
29219.501140000004 0.44903497576148266
29231.510800000004 0.44868528395022833
29243.52046 0.4482697578324597
29255.53012 0.4480037921671617
29267.539780000003 0.4477467842108852
29279.549440000003 0.44729922407546585
29291.5591 0.44702794921024
29303.56876 0.4468049383944506
29315.57842 0.44646901657483873
29327.58808 0.4461709791279058
29339.59773 0.4459971996398131
29351.60739 0.4457878803754046
29363.61705 0.44547830804111777
29375.626710000004 0.4453692954387899
29387.63637 0.4452823184194913
29399.64603 0.4450592810128564
29411.65569 0.4450141241034797
29423.665350000003 0.445049996000734
29435.67501 0.4450306591242415
29447.68467 0.4450125391045717
29459.694330000002 0.44508960925422847
29471.703989999998 0.44512540226598685
29483.713649999998 0.4452833362666664
29495.723309999998 0.4454604474674384
29507.732959999998 0.4455716839429779
29519.74262 0.4457698789315587
29531.75228 0.446037222875202
29543.76194 0.4462574408425104
29555.771599999996 0.44648104944720557
29567.78126 0.44676035582213836
29579.79092 0.44704289580826573
29591.80058 0.4473353994611369
29603.810239999995 0.4476345965845956
29615.8199 0.44793165740009633
29627.82956 0.44824228970813806
29639.839219999998 0.4485490214884986
29651.848879999994 0.4488719019844658
29663.858540000005 0.44918299850574717
29675.8682 0.44951240017651983
29687.87785 0.4498018223804319
29699.887509999997 0.4501638830128517
29711.89717 0.45043714955858394
29723.90683 0.45067072299516736
29735.91649 0.45098537800816096
29747.926149999996 0.4512486672626893
29759.93581 0.4514524259249285
29771.94547 0.45172739235938497
29783.95513 0.4520308757986044
29795.96479 0.45220676955275363
29807.97445 0.45238203433439683
29819.98411 0.45273595559022173
29831.99377 0.4529558027888204
29844.00343 0.4531190429989368
29856.01309 0.45339807968512336
29868.02274 0.4536584150843267
29880.0324 0.4538392919684201
29892.042059999996 0.4540444663493941
29904.05172 0.4543886163915172
29916.061380000003 0.4545519408393379
29928.071040000003 0.4547195162711012
29940.0807 0.4551012564744516
29952.090360000002 0.4553415771209425
29964.10002 0.45566079904869167
29976.10968 0.4559711531199818
29988.119339999997 0.4561888795113852
30000.129 0.4564922223683592
30012.13866 0.456911633195657
30024.14832 0.4571712883514793
30036.157979999996 0.45744726072337205
30048.16763 0.45789585936500954
30060.177290000003 0.45827493052210244
30072.186950000003 0.4585971067979613
30084.19661 0.4590099338564053
30096.20627 0.4594612379861951
30108.215930000002 0.4598147442948768
30120.225590000002 0.46021668254791215
30132.235249999998 0.4607183309627193
30144.24491 0.4610991420613907
30156.25457 0.46148371918839315
30168.26423 0.46194278955083684
30180.273889999997 0.46239189507639433
30192.28355 0.4628135821119266
30204.29321 0.4632404863542985
30216.30287 0.46361486305133626
30228.31252 0.46398456117268766
30240.32218 0.4643973663283506
30252.331840000003 0.4647369775326029
30264.341500000002 0.4650646406333446
30276.35116 0.46537374880834836
30288.360819999998 0.4656624580395545
30300.37048 0.46595477684845266
30312.380139999997 0.46620407763902016
30324.389799999997 0.46641835433709344
30336.399459999997 0.46663340776129303
30348.40912 0.466827354002385
30360.418779999996 0.46695776922921584
30372.428439999996 0.4670913795040869
30384.438100000003 0.4672090932103075
30396.447760000003 0.46725579460356115
30408.45741 0.4672942431231779
30420.46707 0.4673810021022065
30432.47673 0.4674004195399341
30444.486390000002 0.46733711911673226
30456.496049999998 0.46734275321528984
30468.505709999998 0.46723321856341327
30480.515369999997 0.46721934887020067
30492.52503 0.4671889416124301
30504.534690000004 0.4670793831288836
30516.54435 0.4669599023761579
30528.55401 0.4668975099981377
30540.563670000003 0.46683385697585505
30552.573330000003 0.46668519284115023
30564.58299 0.46663490367824034
30576.59264 0.46659595276394533
30588.602299999995 0.4664871944979635
30600.61196 0.46647321625660465
30612.621619999998 0.46650256870497275
30624.63128 0.46651359228190326
30636.640940000005 0.46653116945089373
30648.6506 0.46662299527679496
30660.66026 0.46675839478264075
30672.66992 0.4668333992781653
30684.679580000004 0.4669919590647481
30696.68924 0.4671689162907191
30708.6989 0.4673316463323236
30720.70856 0.46754712353997374
30732.718220000002 0.4677583451207409
30744.72788 0.46797422628548957
30756.737530000002 0.4682098268885736
30768.747190000002 0.468443644549584
30780.756849999998 0.46870741683296446
30792.76651 0.4689263484416639
30804.77617 0.4691264092243048
30816.78583 0.4693276043682009
30828.795490000004 0.46947364119003876
30840.80515 0.46958029877983665
30852.81481 0.4696098617979444
30864.82447 0.4695846688879389
30876.834130000003 0.46941326199926914
30888.84379 0.46912561376490497
30900.85345 0.46880328800170723
30912.86311 0.4682314074970837
30924.87277 0.46746669594594503
30936.88242 0.46655728830590204
30948.89208 0.4654095695691779
30960.90174 0.4640156766190333
30972.911399999997 0.4623627981467646
30984.92106 0.4602988705746533
30996.93072 0.45789488837764575
31008.94038 0.45524074226922995
31020.950039999996 0.4520987038071554
31032.9597 0.44848020575955727
31044.96936 0.4444893987542156
31056.97902 0.44000548660098937
31068.98868 0.4349405486055924
31080.99834 0.42941246277942724
31093.008 0.4234206828328023
31105.01766 0.41675963883942735
31117.027309999998 0.40955401459773966
31129.03697 0.40191691207491514
31141.04663 0.3936816019927693
31153.056289999997 0.3848627533230826
31165.065949999997 0.3756013496755782
31177.07561 0.3658849860998324
31189.08527 0.3556397636547938
31201.094929999996 0.3450203567019839
31213.104589999995 0.3341243923810675
31225.114250000002 0.3228111122857392
31237.123910000002 0.3113095643131369
31249.13357 0.29955130580015654
31261.143229999998 0.2876378495640315
31273.15289 0.2756496912007663
31285.16255 0.2636415123135256
31297.172199999997 0.251617024112149
31309.181859999997 0.23967341304907105
31321.19152 0.2279237458711484
31333.20118 0.21629788547674228
31345.210840000003 0.20491021558210792
31357.2205 0.19382934655178952
31369.230160000003 0.1830501698724501
31381.239820000003 0.17261661931550415
31393.249480000002 0.16256001417157917
31405.25914 0.1529147089627348
31417.2688 0.1436649951274302
31429.27846 0.13484269000370308
31441.28812 0.12647319843528773
31453.297779999997 0.1185135817553222
31465.30744 0.11099308927730234
31477.317090000004 0.10389136063202525
31489.32675 0.09720099817002911
31501.33641 0.09091956608103961
31513.34607 0.08502707764534449
31525.355730000003 0.07950322941419741
31537.36539 0.07433979875293051
31549.37505 0.06952284959685989
31561.384710000002 0.06502777708950624
31573.39437 0.06083585687754344
31585.404029999998 0.05693279639051615
31597.413689999998 0.05330278996726578
31609.42335 0.04992545494331588
31621.43301 0.04678903408375994
31633.442669999997 0.04387203049771819
31645.452329999996 0.04115993761117332
31657.46198 0.038641972443337766
31669.471640000003 0.036301622189483844
31681.4813 0.03412936374871393
31693.49096 0.03210744495049271
31705.50062 0.030228817685055018
31717.510280000002 0.028482009809308404
31729.51994 0.02685735513681655
31741.529599999998 0.02534710734952904
31753.539259999998 0.023938847659778023
31765.54892 0.02262903609063626
31777.558579999997 0.02140781674098065
31789.568239999997 0.020269973511692425
31801.5779 0.019208500328730636
31813.587560000004 0.018215877590601746
31825.59721 0.017289288216352224
31837.60687 0.01642195795707649
31849.61653 0.015611864305665184
31861.62619 0.014852410382464888
31873.63585 0.014140945551431396
31885.64551 0.013473782364744589
31897.655169999998 0.012846946351953352
31909.664829999998 0.012259773197148764
31921.674489999998 0.01170730000754068
31933.68415 0.011188415105569872
31945.69381 0.010699031618129474
31957.703470000004 0.01023832820522528
31969.71313 0.009803591032245011
31981.72279 0.009392607470328478
31993.732450000003 0.009004449303978812
32005.7421 0.008634552972125068
32017.75176 0.00828443876781822
32029.76142 0.007951406472204974
32041.771079999995 0.007634753239199663
32053.780740000006 0.00733345414036236
32065.7904 0.007045322750581809
32077.80006 0.006771656384465419
32089.80972 0.006509465283501551
32101.819380000004 0.0062603416132568715
32113.82904 0.0060212235501326235
32125.8387 0.0057912189949703465
32137.84836 0.005571779390345849
32149.858020000003 0.005360035248272815
32161.86768 0.005157466250276221
32173.87734 0.004960936446346459
32185.886990000003 0.004771362477014026
32197.89665 0.00458886366829407
32209.906310000002 0.004412013423539234
32221.915970000002 0.004242657626416296
32233.92563 0.004077241305569031
32245.93529 0.003917686362314835
32257.94495 0.0037632446120549412
32269.95461 0.0036135075373912463
32281.96427 0.0034690736575656252
32293.97393 0.00332788044528859
32305.98359 0.0031920320513497517
32317.99325 0.0030593230787761337
32330.00291 0.002930925604132025
32342.01257 0.0028067437313264876
32354.02223 0.002685248057598101
32366.031880000002 0.0025684073137540843
32378.04154 0.0024546565825444644
32390.051199999998 0.002344925770865325
32402.06086 0.0022380167023053083
32414.07052 0.002134509693334458
32426.080179999997 0.0020352960821054477
32438.089839999997 0.0019380757341166818
32450.0995 0.001845411086419663
32462.10916 0.0017559935887203992
32474.118819999996 0.001669834378207875
32486.12848 0.0015876203138371508
32498.13814 0.0015075227440060261
32510.1478 0.0014310879137969619
32522.157460000002 0.0013571858349663247
32534.167120000006 0.0012867245997711754
32546.176770000002 0.001219389547907294
32558.18643 0.0011540092685980716
32570.196089999998 0.0010924515699112323
32582.205749999997 0.0010329253014209597
32594.21541 0.0009762989007403872
32606.22507 0.0009225313570745745
32618.234729999996 0.0008710221914214515
32630.244389999996 0.0008226913374629871
32642.254050000003 0.0007755823546479479
32654.263710000003 0.0007308946387810534
32666.27337 0.0006882780685217042
32678.28303 0.0006473905077686538
32690.292690000002 0.0006095761082256287
32702.30235 0.0005731348794809779
32714.312009999998 0.0005389762286046677
32726.321659999998 0.0005065025811863997
32738.33132 0.0004755674936399302
32750.340979999997 0.0004473636335777689
32762.350639999997 0.0004200966917358701
32774.3603 0.0003952566886764124
32786.36996 0.0003718394385861314
32798.37962 0.0003491903012034437
32810.38928 0.0003286688435054207
32822.39894 0.0003087439861218055
32834.4086 0.00029055359166548726
32846.41826 0.000273146480576535
32858.42792 0.0002568758468524989
32870.43758 0.00024250273773627394
32882.44724 0.00022828784687455118
32894.45689 0.0002156958726037472
32906.466550000005 0.00020364412496043613
32918.47621 0.00019238690917813145
32930.485870000004 0.0001824432582631215
32942.49553 0.00017246204034927862
32954.50519 0.00016346846947049473
32966.51485 0.00015459950752069396
32978.52451 0.0001461678726120182
32990.53417 0.00013871838095753613
33002.54383 0.0001310398736734179
33014.55349 0.0001241254805516934
33026.56315 0.0001175209882740445
33038.57281 0.00011127646035789091
33050.58247 0.00010610663903108569
33062.59213 0.0001007957195373672
33074.60178 9.618208040767585e-05
33086.61144 9.184236287913976e-05
33098.621100000004 8.771737381761742e-05
33110.63076 8.434164317149124e-05
33122.640419999996 8.080798756164069e-05
33134.65008 7.790767172293521e-05
33146.65974 7.519108126991382e-05
33158.6694 7.249485807381853e-05
33170.67906 7.071219665773931e-05
33182.68872 6.860361286927956e-05
33194.69838 6.667305132902e-05
33206.70804 6.479056286124882e-05
33218.7177 6.298498708475912e-05
33230.72736 6.21058346082295e-05
33242.73702 6.074420780874932e-05
33254.74667 5.9040336762923575e-05
33266.75633 5.7522663424908904e-05
33278.76599 5.617063127189035e-05
33290.77565 5.533990102299236e-05
33302.78531 5.440686472531756e-05
33314.794969999995 5.2935800835368655e-05
33326.80463 5.152562423716838e-05
33338.814289999995 4.982353932725393e-05
33350.82395 4.8501008545502205e-05
33362.83361 4.6856016317626205e-05
33374.843270000005 4.510303053130125e-05
33386.85293 4.3666844856756886e-05
33398.86259 4.221659533801298e-05
33410.87225 4.147299643135008e-05
33422.881910000004 4.071363416496772e-05
33434.89156 3.954601194321154e-05
33446.90122 3.875488096840939e-05
33458.910879999996 3.7996111285675574e-05
33470.92054 3.717015056636471e-05
33482.9302 3.630277954992257e-05
33494.93986 3.523222669754507e-05
33506.94952 3.4503590495532216e-05
33518.959180000005 3.3804972562814656e-05
33530.96884 3.330008517624908e-05
33542.9785 3.2961412630860014e-05
33554.98816 3.2399186808055433e-05
33566.997820000004 3.1906900851817536e-05
33579.00748 3.138310738961501e-05
33591.017139999996 3.07223300657413e-05
33603.0268 3.0232030482403742e-05
33615.03645 2.968504127191664e-05
33627.04611 2.9336312036523517e-05
33639.05577 2.915480822831585e-05
33651.06543 2.8892055792943996e-05
33663.075090000006 2.893496405602222e-05
33675.08475 2.927669075355297e-05
33687.09441 2.9571057584168735e-05
33699.10407 2.977524307942277e-05
33711.113730000005 2.9565266805781413e-05
33723.12339 2.9318620096184415e-05
33735.13305 2.917911617424793e-05
33747.14271 2.9173503583825078e-05
33759.15237 2.9263024405260806e-05
33771.16203 2.9250663827501573e-05
33783.171689999996 2.924409098859889e-05
33795.18134 2.9706859961719568e-05
33807.191 3.0373801000873115e-05
33819.20066 3.096236402723699e-05
33831.21032 3.130273479029975e-05
33843.21998 3.1287117777511905e-05
33855.22964 3.1364340403921535e-05
33867.2393 3.1528203549653024e-05
33879.24896 3.180243516003468e-05
33891.25862 3.1979526415035945e-05
33903.268280000004 3.177479292555253e-05
33915.27794 3.1599531321740396e-05
33927.287599999996 3.208195818599414e-05
33939.29726 3.2786513299252794e-05
33951.30692 3.349557628206252e-05
33963.316580000006 3.415846387958254e-05
33975.32623 3.4985568093819116e-05
33987.33589 3.59781699374326e-05
33999.34555 3.72549940956595e-05
34011.35521 3.866935237065629e-05
34023.36487 3.9606174267312996e-05
34035.37453 4.035338586637321e-05
34047.38419 4.112233900591398e-05
34059.39385 4.185962623065999e-05
34071.40351 4.238318437986609e-05
34083.41317 4.309636682984866e-05
34095.42283 4.417764115213539e-05
34107.43249 4.5258152088144005e-05
34119.44215 4.688065348180141e-05
34131.45181 4.8851820736353036e-05
34143.46146 5.038610826459079e-05
34155.47112 5.1531907338826026e-05
34167.48078 5.27050155802736e-05
34179.490439999994 5.3663814856194e-05
34191.5001 5.471283692396343e-05
34203.50976 5.567300112117011e-05
34215.519420000004 5.605198114038246e-05
34227.52908 5.6340419294821424e-05
34239.538739999996 5.7058722340920756e-05
34251.5484 5.8465889714423124e-05
34263.55806 5.9560655337730255e-05
34275.56772 5.985389827304912e-05
34287.577379999995 5.9854297633660014e-05
34299.58704 5.98089194683899e-05
34311.5967 6.0485174743166295e-05
34323.60635 6.164559526643698e-05
34335.61601 6.2023651422119e-05
34347.62567 6.196059667147645e-05
34359.635330000005 6.240070406496446e-05
34371.64499 6.287548245624028e-05
34383.65465 6.345558753527672e-05
34395.66431 6.411236201046449e-05
34407.67397 6.393800935203455e-05
34419.68363 6.386051921291011e-05
34431.693289999996 6.428234304124383e-05
34443.70295 6.489425720229819e-05
34455.71261 6.538231658669241e-05
34467.72227 6.563238139275463e-05
34479.731929999994 6.637151754014265e-05
34491.74159 6.724604793698064e-05
34503.751240000005 6.753540287999974e-05
34515.7609 6.784293475394531e-05
34527.77056 6.738523087060713e-05
34539.78022 6.641169869309478e-05
34551.789880000004 6.616761728696042e-05
34563.79954 6.581769623515367e-05
34575.809199999996 6.492589151439716e-05
34587.81886 6.429937650950827e-05
34599.82852 6.366115432620565e-05
34611.83818 6.316432442182468e-05
34623.847839999995 6.353101198814024e-05
34635.8575 6.371774378067374e-05
34647.86716 6.422589295469427e-05
34659.87682 6.504278204018268e-05
34671.88648 6.532875189829026e-05
34683.89613 6.557744607250338e-05
34695.905790000004 6.559190463217584e-05
34707.91545 6.527967721350853e-05
34719.92511 6.511200919559125e-05
34731.93477 6.469918004186522e-05
34743.94443 6.378133591695028e-05
34755.95409 6.266998729648253e-05
34767.963749999995 6.120752222304969e-05
34779.97341 6.0105246248884654e-05
34791.98307 5.937704789015533e-05
34803.992730000005 5.834928497021684e-05
34816.00239 5.777196611357862e-05
34828.012050000005 5.719886298487842e-05
34840.02171 5.669798887602783e-05
34852.031370000004 5.701129928108512e-05
34864.04102 5.672363168947496e-05
34876.05068 5.594818377077541e-05
34888.06034 5.551675495262515e-05
34900.07 5.439253626049706e-05
34912.07966 5.3544495094154165e-05
34924.08932 5.339678225585555e-05
34936.09898 5.23783440066853e-05
34948.10864 5.173030166488526e-05
34960.1183 5.206193821198659e-05
34972.12796 5.205975501215723e-05
34984.13762 5.26325538632772e-05
34996.14728 5.3171115244433506e-05
35008.15694 5.227890124521193e-05
35020.1666 5.17709518794372e-05
35032.17626 5.155103489862408e-05
35044.18591 5.058519722951036e-05
35056.19557 5.033629343726441e-05
35068.20523 5.003268767331812e-05
35080.21489 4.9616231909030805e-05
35092.224550000006 0.0
35104.23421000001 0.0
