5481.500244140625 0.0
5491.500244140625 0.0
5501.500244140625 2.8028113042085574e-09
5511.500244140625 3.8621230296904326e-09
5521.500244140625 4.852267470228556e-09
5531.500244140625 6.157697847639208e-09
5541.500244140625 6.363620613855486e-09
5551.500244140625 6.937231667280777e-09
5561.500244140625 7.153898034398541e-09
5571.500244140625 7.571424420958297e-09
5581.500244140625 6.070863105577777e-09
5591.500244140625 3.5369193181900247e-09
5601.500244140625 3.350694640226284e-09
5611.500244140625 3.892783219739025e-09
5621.500244140625 3.681094968468056e-09
5631.500244140625 3.7529347511182635e-09
5641.500244140625 4.43565712807333e-09
5651.500244140625 5.914482906237259e-09
5661.500244140625 8.220766388794763e-09
5671.500244140625 9.42130561886146e-09
5681.500244140625 1.212282058274841e-08
5691.500244140625 1.1777826767990554e-08
5701.500244140625 1.4043478946710596e-08
5711.500244140625 1.4052190548191447e-08
5721.500244140625 1.6016106829487173e-08
5731.500244140625 1.3842589643323965e-08
5741.500244140625 1.2746656361132042e-08
5751.500244140625 1.1853064470289121e-08
5761.500244140625 1.3314770010382523e-08
5771.500244140625 1.4368622339440253e-08
5781.500244140625 1.4246442609985042e-08
5791.500244140625 1.4572368677039646e-08
5801.500244140625 1.6760817707213657e-08
5811.500244140625 2.0373332629058918e-08
5821.500244140625 2.3260415744368902e-08
5831.500244140625 2.603455045630445e-08
5841.500244140625 2.669387086998826e-08
5851.500244140625 2.7365595613984215e-08
5861.500244140625 2.7807808775782807e-08
5871.500244140625 3.526768995552309e-08
5881.500244140625 4.1625639424238654e-08
5891.500244140625 4.6489289926975007e-08
5901.500244140625 5.221822410577504e-08
5911.500244140625 5.6471001483723794e-08
5921.500244140625 6.530708354258293e-08
5931.500244140625 6.996988294751201e-08
5941.500244140625 8.682085558472925e-08
5951.500244140625 9.813056035468626e-08
5961.500244140625 1.1499275701205992e-07
5971.500244140625 1.7358710652828703e-07
5981.500244140625 3.9173957827708707e-07
5991.500244140625 1.3407012100578346e-06
6001.500244140625 4.595596834014871e-06
6011.500244140625 1.7272941105394745e-05
6021.500244140625 8.363472606145111e-05
6031.500244140625 0.0003585992413337976
6041.500244140625 0.0014329581185459801
6051.500244140625 0.0047421717675799205
6061.500244140625 0.011984600844586836
6071.500244140625 0.02401036689318556
6081.500244140625 0.03995450631539574
6091.500244140625 0.05730179772468965
6101.500244140625 0.07332002590839969
6111.500244140625 0.08617450443536707
6121.500244140625 0.09575548517731322
6131.500244140625 0.10269994472587861
6141.500244140625 0.1081942339604054
6151.500244140625 0.11307806437026671
6161.500244140625 0.11803282299286078
6171.500244140625 0.12324294391591085
6181.500244140625 0.1284906740972616
6191.500244140625 0.13365355812095608
6201.500244140625 0.1386717755484636
6211.500244140625 0.14265389125571937
6221.500244140625 0.14572931929670802
6231.500244140625 0.14773932375376228
6241.500244140625 0.15015240911980413
6251.500244140625 0.1524348756177993
6261.500244140625 0.15404403021088964
6271.500244140625 0.1552500540559154
6281.500244140625 0.15610751832614134
6291.500244140625 0.1567244217219683
6301.500244140625 0.1569575073421764
6311.500244140625 0.1569786288136644
6321.500244140625 0.1574126690594525
6331.500244140625 0.15881262578373453
6341.500244140625 0.1612409026089888
6351.500244140625 0.16432968682786256
6361.500244140625 0.16754181849598823
6371.500244140625 0.17048765080671838
6381.500244140625 0.1728507623332761
6391.500244140625 0.1748030708036078
6401.500244140626 0.1765622549984146
6411.500244140626 0.17844770433049
6421.500244140626 0.18033558183384973
6431.500244140626 0.18213714084883154
6441.500244140626 0.18362129219741702
6451.500244140626 0.1846903661300928
6461.500244140626 0.18550347934095116
6471.500244140626 0.1864452855289801
6481.500244140626 0.18782729635546244
6491.500244140626 0.1895920792592438
6501.500244140626 0.19137424249063317
6511.500244140624 0.19293740810741708
6521.500244140624 0.19413126523527552
6531.500244140624 0.19471292349209643
6541.500244140624 0.1948923363784654
6551.500244140624 0.19480907910051046
6561.500244140624 0.1945948086481073
6571.500244140624 0.1942424211750547
6581.500244140624 0.1940781399020598
6591.500244140624 0.19439053533617318
6601.500244140624 0.19516326121872463
6611.500244140624 0.19634982658989106
6621.500244140625 0.19825435335943056
6631.500244140625 0.200799302846898
6641.500244140625 0.2036335567545079
6651.500244140625 0.2064149303866989
6661.500244140625 0.20859839539375027
6671.500244140625 0.2097868088751657
6681.500244140625 0.21008736609745765
6691.500244140625 0.21002493847552064
6701.500244140625 0.20984836094264603
6711.500244140625 0.2094894548522218
6721.500244140625 0.20898505923585617
6731.500244140625 0.20865507310089249
6741.500244140625 0.20853735817719476
6751.500244140625 0.20863999087441054
6761.500244140625 0.2090654661183459
6771.500244140625 0.2098486891551223
6781.500244140625 0.2112543530634336
6791.500244140625 0.21320385421534527
6801.500244140625 0.21559149019305804
6811.500244140625 0.2179268400054398
6821.500244140625 0.2198420789461189
6831.500244140625 0.22123275477078888
6841.500244140625 0.22244827355448932
6851.500244140625 0.22356762265809738
6861.500244140625 0.2247061757449776
6871.500244140625 0.22585588917268018
6881.500244140625 0.2272650657875572
6891.500244140625 0.22890279052080473
6901.500244140625 0.23028314531385924
6911.500244140625 0.23080565029325148
6921.500244140625 0.2301259860656603
6931.500244140625 0.22801422251526854
6941.500244140625 0.22482965393546234
6951.500244140625 0.2215261372234717
6961.500244140625 0.2189780710436213
6971.500244140625 0.21816210092972146
6981.500244140625 0.2192741363484828
6991.500244140625 0.2223187664493282
7001.500244140625 0.22659932192940663
7011.500244140625 0.23120646037599504
7021.500244140625 0.23529422705942502
7031.500244140625 0.238377803586944
7041.500244140625 0.24021515814053782
7051.500244140625 0.24127299687615383
7061.500244140625 0.24204576580692752
7071.500244140625 0.24304286502096872
7081.500244140625 0.24436449503944804
7091.500244140625 0.24588596466001084
7101.500244140625 0.24659632012561547
7111.500244140625 0.24594139406578047
7121.500244140625 0.2438796252868701
7131.500244140625 0.24121322858496771
7141.500244140625 0.23940401063429034
7151.500244140625 0.23883666846403534
7161.500244140625 0.2395191976641971
7171.500244140625 0.23994190427293355
7181.500244140625 0.23915232502147307
7191.500244140625 0.23697391175165616
7201.500244140625 0.23425725858134927
7211.500244140625 0.2325840362108021
7221.500244140625 0.2334396143523351
7231.500244140625 0.2373049959761576
7241.500244140625 0.24338610816199102
7251.500244140625 0.250338130923461
7261.500244140625 0.25711142276296345
7271.500244140625 0.26262252436650435
7281.500244140625 0.2666399662130156
7291.500244140625 0.2691010563370103
7301.500244140625 0.2704372033005905
7311.500244140625 0.27033626476471573
7321.500244140625 0.26910933983839636
7331.500244140625 0.26698625666502745
7341.500244140625 0.2641515640178132
7351.500244140625 0.26097836148607884
7361.500244140625 0.2583516325647477
7371.500244140625 0.2568664639470829
7381.500244140625 0.2567378011407549
7391.500244140625 0.257492972034121
7401.500244140625 0.2585949621152134
7411.500244140625 0.259622304569862
7421.500244140625 0.26068170629250065
7431.500244140625 0.26251982421602926
7441.500244140625 0.26555031374899346
7451.500244140625 0.26993579672064283
7461.500244140625 0.2747502556698139
7471.500244140625 0.27953296668296934
7481.500244140625 0.2831808954264426
7491.500244140625 0.285925487053623
7501.500244140625 0.28750338409586795
7511.500244140625 0.2882412657516839
7521.500244140625 0.2880171402615662
7531.500244140625 0.2862945323239573
7541.500244140625 0.28292891146507726
7551.500244140625 0.27811610419719135
7561.500244140625 0.2730066271490744
7571.500244140625 0.2688872424960593
7581.500244140625 0.26656596539659805
7591.500244140625 0.26598452973612663
7601.500244140625 0.2664475599146422
7611.500244140625 0.26749573273673644
7621.500244140625 0.2689992021807556
7631.500244140625 0.2715042663470052
7641.500244140625 0.275495532391393
7651.500244140626 0.28111909282122644
7661.500244140626 0.2869668937556678
7671.500244140626 0.2920137194591328
7681.500244140626 0.29459995383511184
7691.500244140626 0.2950000644466433
7701.500244140626 0.29319786118108054
7711.500244140626 0.2906428391631592
7721.500244140626 0.2872807252732275
7731.500244140626 0.28316339293832954
7741.500244140626 0.2779688868399229
7751.500244140626 0.2717820500845835
7761.500244140624 0.26438698572124775
7771.500244140624 0.25365268562535565
7781.500244140624 0.23775532965079116
7791.500244140624 0.21506345715405129
7801.500244140624 0.1868927260068275
7811.500244140624 0.15528903069391997
7821.500244140624 0.12352180067326929
7831.500244140624 0.09406194418263333
7841.500244140624 0.06881846597850616
7851.500244140624 0.048518940445851866
7861.500244140624 0.03311966209259976
7871.500244140625 0.0221281511412265
7881.500244140625 0.014710800165761175
7891.500244140625 0.009896889005878751
7901.500244140625 0.006836982098673891
7911.500244140625 0.004794769490565461
7921.500244140625 0.003444619059905014
7931.500244140625 0.002451008957826687
7941.500244140625 0.001759899918804816
7951.500244140625 0.0012801528028299066
7961.500244140625 0.0009397092413819162
7971.500244140625 0.0006950271835309083
7981.500244140625 0.0005161900082784308
7991.500244140625 0.0003871081556025059
8001.500244140625 0.0002932966969724458
8011.500244140625 0.00022345678987622107
8021.500244140625 0.00017086662469743727
8031.500244140625 0.00013177453267587504
8041.500244140625 0.00010284689567487502
8051.500244140625 8.151953285516238e-05
8061.500244140625 6.543692816701426e-05
8071.500244140625 5.31564020200167e-05
8081.500244140625 4.357593405132673e-05
8091.500244140625 3.606761212471445e-05
8101.500244140625 3.0159519437152254e-05
8111.500244140625 2.5306975372028785e-05
8121.500244140625 2.1563849757462675e-05
8131.500244140625 1.8533363441730914e-05
8141.500244140625 1.6238984804941503e-05
8151.500244140625 1.4432108048608275e-05
8161.500244140625 1.3130865200879631e-05
8171.500244140625 1.1980918242390145e-05
8181.500244140625 1.100270381819879e-05
8191.500244140625 1.0058722803269307e-05
8201.500244140625 9.361870646820847e-06
8211.500244140625 8.778284484035836e-06
8221.500244140625 8.360989422216319e-06
8231.500244140625 7.940831360922453e-06
8241.500244140625 7.606273899835764e-06
8251.500244140625 7.235713324988084e-06
8261.500244140625 6.985820679432028e-06
8271.500244140625 6.798494222851426e-06
8281.500244140625 6.710136789846814e-06
8291.500244140625 6.56396057038986e-06
8301.500244140625 6.303546538175675e-06
8311.500244140625 6.032088303920953e-06
8321.500244140625 5.891772705827807e-06
8331.500244140625 5.94621389394018e-06
8341.500244140625 6.013624867039209e-06
8351.500244140625 5.873657816301869e-06
8361.500244140625 5.45994481600273e-06
8371.500244140625 4.93074667496345e-06
8381.500244140625 4.442633312971796e-06
8391.500244140625 4.242318569053203e-06
8401.500244140625 4.349014822788366e-06
8411.500244140625 4.690891685953754e-06
8421.500244140625 5.005335699313981e-06
8431.500244140625 5.058183896694967e-06
8441.500244140625 4.958662611149984e-06
8451.500244140625 4.584728369914999e-06
8461.500244140625 4.222781967379531e-06
8471.500244140625 3.7338114751890607e-06
8481.500244140625 3.3704007368349344e-06
8491.500244140625 3.1036584610190807e-06
8501.500244140625 0.0
8511.500244140625 0.0
