23478.883979999995 0.0
23490.89364 0.0
23502.903299999998 5.308017138677832e-06
23514.91296 5.712351525408017e-06
23526.92262 4.595573598758843e-06
23538.93228 3.860919877831335e-06
23550.941939999997 3.7550819123055285e-06
23562.9516 3.903887761308214e-06
23574.96126 4.050521263629616e-06
23586.97092 4.422056078290638e-06
23598.980580000003 4.318954710071546e-06
23610.99024 3.880260497702587e-06
23622.999890000003 4.128268793149085e-06
23635.009550000002 5.219266482287116e-06
23647.01921 6.0127536106042076e-06
23659.028870000002 7.703873484786668e-06
23671.03853 8.410199392647435e-06
23683.04819 1.0425046740963645e-05
23695.057849999997 1.3278597745513543e-05
23707.06751 2.5012464495195363e-05
23719.07717 3.736765177172362e-05
23731.08683 5.279975699372995e-05
23743.096489999996 7.90998263555693e-05
23755.10615 0.00010894449255611239
23767.11581 0.00014813017957750505
23779.12547 0.00019002775336484864
23791.135129999995 0.0002470077475280165
23803.14478 0.0003203139666901535
23815.154440000002 0.00041022221107098915
23827.1641 0.000522129869245172
23839.173759999998 0.0006617365665378659
23851.18342 0.0008377316614112857
23863.19308 0.0010546688266107342
23875.20274 0.001334066291789805
23887.212399999997 0.0016848008601057728
23899.22206 0.002131653266733379
23911.23172 0.002702915089585765
23923.24138 0.0034336884687192247
23935.251039999996 0.004386752871325235
23947.260700000003 0.0056246166687931795
23959.270360000002 0.007247304466237338
23971.280020000002 0.009392024064558753
23983.28967 0.012239865924701844
23995.299329999998 0.016036338999818496
24007.30899 0.021078661393105207
24019.318649999997 0.027780933643088326
24031.328309999997 0.03663952442772009
24043.337969999997 0.04820924417447005
24055.34763 0.06307660569501722
24067.357290000004 0.0818250753404407
24079.36695 0.10482274589892285
24091.376610000003 0.13215818668637783
24103.386270000003 0.16341224959613238
24115.395930000002 0.19746677026878234
24127.40559 0.23258092066791974
24139.415250000002 0.26662742588625055
24151.42491 0.2975768640135137
24163.434559999998 0.3235748329614926
24175.444219999998 0.343996238511891
24187.453879999997 0.35895041338770817
24199.463540000004 0.3691723306179101
24211.4732 0.37583160582270403
24223.48286 0.3800919930869392
24235.49252 0.38288779126780337
24247.502180000003 0.3848354870452044
24259.51184 0.38627526553189423
24271.5215 0.3876284324981338
24283.531160000002 0.38906015742116884
24295.540820000002 0.39046111247029275
24307.550479999998 0.39209559685462814
24319.560139999998 0.3938374288489427
24331.5698 0.39557626648166133
24343.579450000005 0.3971286015297234
24355.58911 0.3987222888149747
24367.59877 0.4001853854409827
24379.60843 0.40149297292266506
24391.618090000004 0.40277574620392403
24403.62775 0.40388270225476647
24415.63741 0.404738248571224
24427.64707 0.405370308143423
24439.656730000002 0.40599885557241
24451.66639 0.4063752406923005
24463.67605 0.4066527702510975
24475.685709999998 0.40693713593357195
24487.69537 0.40713535195945316
24499.705029999997 0.4069246002285275
24511.714689999997 0.40647218061990764
24523.72434 0.40589302556666434
24535.734000000004 0.405432391564113
24547.74366 0.4048477439565665
24559.75332 0.40436852398195666
24571.76298 0.4038805853737739
24583.772640000003 0.40356863347558924
24595.7823 0.4031693369633656
24607.79196 0.4027517244273112
24619.80162 0.40244315307848055
24631.81128 0.40201656371720007
24643.820939999998 0.40164824845881697
24655.830599999998 0.4013740007189142
24667.84026 0.40125124146683516
24679.849920000004 0.40104519916549486
24691.85958 0.40099986006538924
24703.86923 0.40112878654439044
24715.87889 0.40146961993542496
24727.888549999996 0.40172328713834765
24739.89821 0.4020819129415299
24751.90787 0.4025722747508641
24763.917529999995 0.40314531941343595
24775.92719 0.40375274121033744
24787.936850000002 0.4044667107021312
24799.94651 0.40523495014814126
24811.95617 0.4058915074384542
24823.965830000005 0.40668345865667704
24835.97549 0.4074706260563363
24847.98515 0.40821445163044656
24859.99481 0.4087730523054641
24872.004459999996 0.4094150904313752
24884.01412 0.40994162482186003
24896.02378 0.41037133405715126
24908.033440000003 0.4107815272163893
24920.0431 0.4110863365750703
24932.052760000002 0.4113969306513961
24944.062420000002 0.41167598915870385
24956.07208 0.4118423001984884
24968.081739999998 0.4119479573801571
24980.0914 0.4119284025876646
24992.10106 0.4118058673879955
25004.11072 0.4116374558969298
25016.12038 0.41139179581586627
25028.13004 0.41105750828584786
25040.1397 0.41069962985887126
25052.14935 0.41031003443675385
25064.15901 0.4098754395293242
25076.168670000003 0.40944273130676756
25088.178330000002 0.4090334116482767
25100.18799 0.40861021976930867
25112.19765 0.4082180981536714
25124.20731 0.4079423088493644
25136.21697 0.40777533348985023
25148.226629999997 0.40764333201517816
25160.236289999997 0.4075813928656553
25172.24595 0.40756070165802727
25184.25561 0.40757007169848347
25196.265269999996 0.40764715930138873
25208.274929999996 0.40777729289131326
25220.28459 0.407910671313073
25232.294240000003 0.40810356410066484
25244.3039 0.4083291824667654
25256.31356 0.40855806084077106
25268.323220000002 0.4088206271203548
25280.33288 0.40910774846885645
25292.342539999998 0.4093629420981105
25304.352199999998 0.4096437073396971
25316.36186 0.40997668096136963
25328.37152 0.41038942772316933
25340.381179999997 0.4107922519338416
25352.390839999996 0.4111867550251417
25364.4005 0.4115268507675345
25376.410160000003 0.4118403468958754
25388.419820000003 0.41213476229553536
25400.42948 0.4123789785679601
25412.43913 0.41257112277409225
25424.448790000002 0.41273569857132997
25436.45845 0.41284360204927156
25448.468109999998 0.4129079764871583
25460.47777 0.41295181200175324
25472.48743 0.41292977966840333
25484.497089999997 0.41286748285850644
25496.506749999997 0.4127730848925565
25508.516410000004 0.4125992943162255
25520.526070000004 0.4124321737292242
25532.53573 0.41228269817958074
25544.54539 0.4120180583261835
25556.555050000003 0.4116648459304792
25568.564710000002 0.41119474516211685
25580.57437 0.4105985542738153
25592.58402 0.4099229995155721
25604.593679999994 0.4091109888586043
25616.603339999998 0.40817619879227585
25628.613 0.40720513425748195
25640.62266 0.4062025813864063
25652.63232 0.40510337780457795
25664.641980000004 0.40406506738670933
25676.65164 0.40312648137279955
25688.6613 0.40223747186424097
25700.670960000003 0.40162214759898285
25712.680620000003 0.40119706000852917
25724.69028 0.4010577576592349
25736.69994 0.4013747829296337
25748.709600000002 0.4019800801955401
25760.71926 0.4027863424121086
25772.72891 0.40381485087650926
25784.73857 0.4047430349531914
25796.74823 0.4051886380577867
25808.75789 0.4048386455297307
25820.76755 0.40310491423621053
25832.77721 0.3993636334859251
25844.78687 0.39307776168173814
25856.79653 0.3835055364614239
25868.80619 0.3703478346086879
25880.81585 0.35333962881424374
25892.82551 0.33245571669222596
25904.83517 0.30809371842013245
25916.84483 0.28077933632409385
25928.854489999998 0.2512855385680324
25940.864139999998 0.2207874043642356
25952.8738 0.18989456862220674
25964.88346 0.16055843177308282
25976.89312 0.1337645746328884
25988.902779999997 0.1098543127590545
26000.91244 0.0891802280372957
26012.9221 0.07177265954530451
26024.93176 0.05740174705797421
26036.941419999996 0.04582434852212548
26048.95108 0.03657127399555583
26060.96074 0.029149517631120777
26072.9704 0.02336021909277975
26084.980059999994 0.018774226891734642
26096.989720000005 0.015131943955219437
26108.99938 0.01226495289441345
26121.00903 0.009982506207704626
26133.018689999997 0.008147818942444256
26145.028349999997 0.006689022052150545
26157.03801 0.005513754142214228
26169.04767 0.004574010352120016
26181.057329999996 0.0038100410633373507
26193.06699 0.0031833447478393498
26205.07665 0.002680109124100445
26217.086310000002 0.002260794248062496
26229.095970000002 0.0019132494494907303
26241.105630000002 0.001636493123328209
26253.11529 0.0014017206084118187
26265.12495 0.00120725265762624
26277.13461 0.0010457155067397905
26289.14427 0.0009030204031516792
26301.15392 0.0007899593930873034
26313.16358 0.0006924298360148186
26325.173239999996 0.0006058552043297497
26337.1829 0.0005435157405814393
26349.192560000003 0.0004789236988444535
26361.202220000003 0.00042452495210314607
26373.21188 0.0003819277743220325
26385.22154 0.0003420783670403897
26397.231200000002 0.00031533796243604715
26409.24086 0.0002861564799560255
26421.250519999998 0.0002573779954732634
26433.26018 0.00024097987466162898
26445.26984 0.00021980512696823446
26457.2795 0.00020089038557741294
26469.289159999997 0.00018663298859688827
26481.29881 0.00016969035062298367
26493.308470000004 0.00016013927643706026
26505.318130000003 0.0001445718330451213
26517.32779 0.0001354437651068962
26529.33745 0.00013154975724565378
26541.347110000002 0.00011712742087960495
26553.356770000002 0.00011069526760070942
26565.36643 0.00010540855533856454
26577.376089999998 9.483738804728696e-05
26589.38575 9.093289311767388e-05
26601.39541 8.196194126061095e-05
26613.405069999997 7.548056010081584e-05
26625.41473 7.02329659404574e-05
26637.42439 6.496883961542302e-05
26649.43405 6.579729624347817e-05
26661.4437 5.762891405905537e-05
26673.45336 5.460955509010854e-05
26685.463020000003 5.512368923730135e-05
26697.47268 5.101517165500672e-05
26709.48234 5.134255618919309e-05
26721.492 4.712844543248333e-05
26733.50166 4.711964359688072e-05
26745.511319999998 5.164315682238916e-05
26757.520979999998 4.7013376566307926e-05
26769.530639999997 4.8267925856038555e-05
26781.5403 4.552095210394481e-05
26793.549959999997 4.19601392153852e-05
26805.55962 4.216422196010731e-05
26817.56928 4.107648484258924e-05
26829.578940000003 4.446175978709832e-05
26841.58859 4.371047198045847e-05
26853.59825 4.17211590249308e-05
26865.60791 4.280507556050956e-05
26877.617570000002 4.2112470220633975e-05
26889.62723 4.3638515164483505e-05
26901.636889999998 4.420995996580159e-05
26913.646549999998 4.2458397627729956e-05
26925.656210000005 4.371088544003378e-05
26937.665870000004 4.1730880144538504e-05
26949.67553 4.266055321925703e-05
26961.68519 4.361741265591088e-05
26973.694850000003 4.129605715671245e-05
26985.704510000003 4.434167639339788e-05
26997.71417 4.442651093200448e-05
27009.72383 4.229592162484044e-05
27021.733479999995 3.968442236523867e-05
27033.74314 3.900957721018281e-05
27045.7528 3.946714347697647e-05
27057.76246 3.643751546303398e-05
27069.77212 3.938836850753327e-05
27081.78178 3.906318871799429e-05
27093.79144 4.0392262615894216e-05
27105.8011 4.0731769561977985e-05
27117.810760000004 3.845802955186851e-05
27129.82042 3.88059551579198e-05
27141.83008 3.7691695718869886e-05
27153.83974 3.853316017357185e-05
27165.849400000003 3.8707165851167754e-05
27177.85906 3.655676075147245e-05
27189.868710000002 3.813132715294592e-05
27201.878370000002 3.844590244305082e-05
27213.88803 3.895908500670951e-05
27225.89769 3.404761259264069e-05
27237.90735 3.588458647780065e-05
27249.91701 3.73174393949376e-05
27261.926669999997 3.532994128409471e-05
27273.93633 3.677594232259716e-05
27285.94599 3.5619354087847624e-05
27297.95565 3.576551858457082e-05
27309.965309999996 3.395434903424147e-05
27321.97497 3.126133030041739e-05
27333.98463 3.173049450657298e-05
27345.99429 2.8843661450092434e-05
27358.003950000002 2.9851630228723283e-05
27370.013600000002 2.9192602485234433e-05
27382.02326 2.7879449340965405e-05
27394.03292 2.9078518743873772e-05
27406.042579999998 2.741778104960944e-05
27418.05224 2.7984034472399228e-05
27430.0619 2.7197789651037908e-05
27442.07156 2.661636578314134e-05
27454.081219999996 2.4555352566209068e-05
27466.09088 2.3993682260442232e-05
27478.10054 2.6313995794472133e-05
27490.1102 2.515094167015505e-05
27502.119859999995 2.4185715860826112e-05
27514.12952 0.0
27526.139180000002 0.0
