16854.00024414063 0.0
16864.000244140625 0.0
16874.000244140625 8.0660236034493e-05
16884.000244140625 8.754948995810506e-05
16894.000244140625 9.546994721576279e-05
16904.000244140625 0.00010253909782609013
16914.000244140625 0.00011180167186895244
16924.000244140625 0.00012232974018463525
16934.000244140625 0.00013395058617564603
16944.000244140625 0.00014701752464471905
16954.000244140625 0.00016123841115744993
16964.000244140625 0.0001774265822512403
16974.000244140625 0.00019682121932369315
16984.000244140625 0.00021699831246539802
16994.000244140625 0.00024271847874160187
17004.000244140625 0.00027115236947771067
17014.000244140625 0.00030237986717204964
17024.000244140625 0.00034130028078243447
17034.000244140625 0.00038323450676525545
17044.000244140625 0.0004315607426137786
17054.000244140625 0.00048739110775932815
17064.000244140625 0.0005508334081850263
17074.000244140625 0.0006227228499099174
17084.000244140625 0.0007031414358715726
17094.000244140625 0.0007958086150564202
17104.000244140625 0.000901606198182698
17114.000244140625 0.0010175818793977376
17124.000244140625 0.0011529332372739905
17134.000244140625 0.001305608480889846
17144.000244140625 0.001473422107490348
17154.000244140625 0.0016652659090810248
17164.000244140625 0.0018897388150926509
17174.000244140625 0.002137094575653695
17184.000244140625 0.002427303485383933
17194.000244140625 0.0027663445552721716
17204.000244140625 0.0031412064413443514
17214.000244140625 0.0035772003262051788
17224.000244140625 0.004085738698111704
17234.000244140625 0.004671899194490717
17244.000244140625 0.005360425571446568
17254.000244140625 0.006184683749592873
17264.000244140625 0.007141752875544888
17274.000244140625 0.008271143605896439
17284.000244140625 0.009614385318610865
17294.000244140625 0.011253177172942198
17304.000244140625 0.013152601705764036
17314.000244140625 0.015454767209080608
17324.000244140625 0.018227124282992092
17334.000244140625 0.02124943469915972
17344.000244140625 0.024587424505441456
17354.000244140625 0.027964284223482162
17364.000244140625 0.031539265433915095
17374.000244140625 0.035242349217664996
17384.000244140625 0.039582947994462665
17394.000244140625 0.04404957251319454
17404.000244140625 0.04909159086867186
17414.000244140625 0.05476139083633097
17424.000244140625 0.06075663676510464
17434.000244140625 0.06746933133676274
17444.000244140625 0.0749876783599939
17454.000244140625 0.08381469481939811
17464.000244140625 0.09369758098334016
17474.000244140625 0.10549585883483908
17484.000244140625 0.1193380379704907
17494.000244140625 0.13529309942820184
17504.000244140625 0.1538161990590371
17514.000244140625 0.1743220869209071
17524.000244140625 0.1954542048533694
17534.000244140625 0.2183787993238206
17544.000244140625 0.24137801772301407
17554.000244140625 0.26460491148324417
17564.000244140625 0.2873280941500984
17574.000244140625 0.30915593164149835
17584.000244140625 0.32845391530593726
17594.000244140625 0.3464119979349792
17604.000244140625 0.3624100401450493
17614.000244140625 0.37697938517746304
17624.000244140625 0.39055574900955387
17634.000244140625 0.4037419098030197
17644.000244140625 0.4154879988104988
17654.000244140625 0.42685303269446856
17664.000244140625 0.4375260538337481
17674.000244140625 0.4472373175650414
17684.000244140625 0.45682108506119506
17694.000244140625 0.4656733719901195
17704.000244140625 0.4739259531686714
17714.000244140625 0.4806135585144431
17724.000244140625 0.48650189182206177
17734.000244140625 0.4912860527982603
17744.000244140625 0.4949732317060923
17754.000244140625 0.49814323528676796
17764.000244140625 0.4994229398137694
17774.000244140625 0.501310553507932
17784.000244140625 0.5014589698291578
17794.000244140625 0.5027415990247796
17804.000244140625 0.5035899086856354
17814.000244140625 0.5038418147042296
17824.000244140625 0.5044838612279422
17834.000244140625 0.5044832423207386
17844.000244140625 0.5048251110443999
17854.000244140625 0.5056437855661691
17864.000244140625 0.5059895828491189
17874.000244140625 0.5066974047212849
17884.000244140625 0.5080494392729803
17894.000244140625 0.5085407488404156
17904.000244140625 0.5090652751336544
17914.000244140625 0.5094363484645654
17924.000244140625 0.5095892080803258
17934.000244140625 0.5092993338570693
17944.000244140625 0.5093738963662356
17954.000244140625 0.5081741971216432
17964.000244140625 0.5073701937659802
17974.000244140625 0.5058800868832841
17984.000244140625 0.5044057596208587
17994.000244140625 0.5033966403984723
18004.000244140625 0.5017652531645498
18014.000244140625 0.5006954713257061
18024.000244140625 0.4989761989334596
18034.000244140625 0.4974725101517131
18044.000244140625 0.49561275285063233
18054.000244140625 0.49390663496912873
18064.000244140625 0.4928192563044428
18074.000244140625 0.49232831022116474
18084.000244140625 0.4916425853603332
18094.000244140625 0.49110014565365345
18104.000244140625 0.4908872187348715
18114.000244140625 0.48997249383757074
18124.000244140625 0.4907724025401239
18134.000244140625 0.4909368521731169
18144.000244140625 0.49183517599295445
18154.000244140625 0.4926567386035976
18164.000244140625 0.4930985087898014
18174.000244140625 0.49400632930622085
18184.000244140625 0.49554338225591094
18194.000244140625 0.496598982457463
18204.000244140625 0.4972659412127576
18214.000244140625 0.49872991012752876
18224.000244140625 0.5002010352910429
18234.000244140625 0.5005527131035095
18244.000244140625 0.5028651483127038
18254.000244140625 0.5041289905661215
18264.000244140625 0.5052447632262151
18274.000244140625 0.5059714317420618
18284.000244140625 0.5064874764480936
18294.000244140625 0.5072364008808036
18304.000244140625 0.5088198104613446
18314.000244140625 0.5091164817371637
18324.000244140625 0.5105292845738503
18334.000244140625 0.5110766518832416
18344.000244140625 0.5111471249834537
18354.000244140625 0.5112980587164278
18364.000244140625 0.5127538992712537
18374.000244140625 0.5127634832533222
18384.000244140625 0.5131350692643365
18394.000244140625 0.5130589274939049
18404.000244140625 0.5134948433592268
18414.000244140625 0.512983997093394
18424.000244140625 0.5133102691660041
18434.000244140625 0.5132095478155675
18444.000244140625 0.5129708156107755
18454.000244140625 0.5130527067616951
18464.000244140625 0.51197173432398
18474.000244140625 0.5112740775719407
18484.000244140625 0.5114213885887156
18494.000244140625 0.5103422307220564
18504.000244140625 0.5092866891889922
18514.000244140625 0.5087791127745392
18524.000244140625 0.5086224462333859
18534.000244140625 0.5079693443572094
18544.000244140625 0.5062812472711744
18554.000244140625 0.5057922640170157
18564.000244140625 0.5049483095635876
18574.000244140625 0.5053672219581881
18584.000244140625 0.5047169538757722
18594.000244140625 0.5040911136830296
18604.000244140625 0.5035671126932377
18614.000244140625 0.5029284337589157
18624.000244140625 0.5021587813956323
18634.000244140625 0.5017703656780333
18644.000244140625 0.5009900658136066
18654.000244140625 0.5014544593137662
18664.000244140625 0.5017632957762919
18674.000244140625 0.501395697761408
18684.000244140625 0.5017718217913981
18694.000244140625 0.5021320113705202
18704.000244140625 0.5028501233202959
18714.000244140625 0.5035306209268507
18724.000244140625 0.5042440861651283
18734.000244140625 0.5051406615756571
18744.000244140625 0.5059275586593518
18754.000244140625 0.5064806036004648
18764.000244140625 0.5075878242119006
18774.000244140625 0.5076513658347854
18784.000244140625 0.5080692921315214
18794.000244140625 0.5084048681637313
18804.000244140625 0.5095260136623796
18814.000244140625 0.5100900190812989
18824.000244140625 0.5106599040457722
18834.000244140625 0.5111829072647752
18844.000244140625 0.512104039623402
18854.000244140625 0.5127975643626597
18864.000244140625 0.5135498682952655
18874.000244140625 0.5139430334145983
18884.000244140625 0.5139591543133866
18894.000244140625 0.5150126355377717
18904.000244140625 0.5152328864693716
18914.000244140625 0.5151838860110605
18924.000244140625 0.514787981743402
18934.000244140625 0.5148073946911605
18944.000244140625 0.5153554417935182
18954.000244140625 0.515930898338952
18964.000244140625 0.5163999720474455
18974.000244140625 0.5167383240564413
18984.000244140625 0.5169308206989991
18994.000244140625 0.5172167711562201
19004.000244140625 0.5171594074479947
19014.000244140625 0.5172136881861931
19024.000244140625 0.5182077300701987
19034.000244140625 0.518319452710804
19044.000244140625 0.5181815128840297
19054.000244140625 0.5187311345537899
19064.000244140625 0.5188114139178654
19074.000244140625 0.5187068136556112
19084.000244140625 0.518920182712828
19094.000244140625 0.5190333642884792
19104.000244140625 0.5195475479544365
19114.000244140625 0.5194343784147979
19124.000244140625 0.519713762125222
19134.000244140625 0.5200959312814258
19144.000244140625 0.5210464310572571
19154.000244140625 0.5202775755401795
19164.000244140625 0.5197996062495748
19174.000244140625 0.5201289357123837
19184.000244140625 0.5201338741834226
19194.000244140625 0.5200393666804114
19204.000244140625 0.5192988749082837
19214.000244140625 0.5189949421436234
19224.000244140625 0.5197043466858033
19234.000244140625 0.5185533325414062
19244.000244140625 0.5182616375632301
19254.000244140625 0.5178385025628754
19264.000244140625 0.5171372120425375
19274.000244140625 0.5163113418237194
19284.000244140625 0.5154089278726884
19294.000244140625 0.5153956349723869
19304.000244140625 0.5151361789074332
19314.000244140625 0.5143103131038226
19324.000244140625 0.5139737212826747
19334.000244140625 0.513339568206457
19344.000244140625 0.5120889396438963
19354.000244140625 0.5117976924152776
19364.000244140625 0.5111233038932592
19374.000244140625 0.5104709421809723
19384.000244140625 0.5100890323397776
19394.000244140625 0.5097366933084916
19404.000244140625 0.5097407746506271
19414.000244140625 0.5096741927651455
19424.000244140625 0.5098732939971009
19434.000244140625 0.51075941958407
19444.000244140625 0.5112215380067388
19454.000244140625 0.5115181494528681
19464.000244140625 0.511659922536244
19474.000244140625 0.5119652122407206
19484.000244140625 0.5126165688351974
19494.000244140625 0.5128954921459351
19504.000244140625 0.5135737024606789
19514.000244140625 0.5137926981267157
19524.000244140625 0.5140864565645321
19534.000244140625 0.5149566099625913
19544.000244140625 0.5150670689461433
19554.000244140625 0.5153549309268167
19564.000244140625 0.5158917649408652
19574.000244140625 0.5164525083684238
19584.000244140625 0.516527127648663
19594.000244140625 0.5161180526742646
19604.000244140625 0.5167816840362902
19614.000244140625 0.51689357983763
19624.000244140625 0.5168147305187769
19634.000244140625 0.5165118015607129
19644.000244140625 0.516895994946933
19654.000244140625 0.5166325277987098
19664.000244140625 0.5163404421022874
19674.000244140625 0.5161558717565293
19684.000244140625 0.5159126306048731
19694.000244140625 0.5157681342410578
19704.000244140625 0.5147569385121546
19714.000244140625 0.5156463964768668
19724.000244140625 0.5155910048655499
19734.000244140625 0.5144456306007927
19744.000244140625 0.5142421466925161
19754.000244140625 0.5139801657166617
19764.000244140625 0.5139617179679924
19774.000244140625 0.5141462067958176
19784.000244140625 0.5140352513832529
19794.000244140625 0.5136913039241501
19804.000244140625 0.5138160140332997
19814.000244140625 0.513393837349534
19824.000244140625 0.5135273545284579
19834.000244140625 0.5136744795402463
19844.000244140625 0.5138452229538855
19854.000244140625 0.5132137270196485
19864.000244140625 0.5136608914779596
19874.000244140625 0.5139331806212509
19884.000244140625 0.5142997651836715
19894.000244140625 0.5143815805580849
19904.000244140625 0.5146095399148873
19914.000244140625 0.5142291029032948
19924.000244140625 0.5137775075609476
19934.000244140625 0.5141334001768985
19944.000244140625 0.5128734099173656
19954.000244140625 0.5118309435481432
19964.000244140625 0.5091693251395748
19974.000244140625 0.5079739012394251
19984.000244140625 0.5092700205938825
19994.000244140625 0.5111994967088144
20004.00024414062 0.5128265234743647
20014.000244140625 0.5128568015478167
20024.000244140625 0.5142001143738308
20034.000244140625 0.5153035311631282
20044.00024414062 0.5152706759141026
20054.000244140625 0.5146035870240279
20064.000244140625 0.5143183613494575
20074.000244140625 0.5137774010740085
20084.00024414062 0.513398102520636
20094.000244140625 0.5133328769984175
20104.000244140625 0.5135254212872725
20114.000244140625 0.513186892845486
20124.00024414062 0.5138102376131777
20134.000244140625 0.5130369513362133
20144.000244140625 0.5135511227165863
20154.000244140625 0.5143670290699583
20164.00024414062 0.5146625165624802
20174.000244140625 0.5147965085580601
20184.000244140625 0.5155938964533336
20194.000244140625 0.5156360995397635
20204.00024414062 0.5159110859652165
20214.000244140625 0.5149293793387623
20224.000244140625 0.5161700239395446
20234.000244140625 0.5168506343475399
20244.00024414062 0.5174393409159992
20254.000244140625 0.518782670016177
20264.000244140625 0.5192219030229287
20274.000244140625 0.5188876632199007
20284.00024414062 0.5196803253320127
20294.000244140625 0.519757036504296
20304.000244140625 0.5202537696086381
20314.000244140625 0.5205100631280033
20324.00024414062 0.5205871928386437
20334.000244140625 0.5207734246228454
20344.000244140625 0.5205989875732454
20354.000244140625 0.5207798884312351
20364.00024414062 0.5202084403386266
20374.000244140625 0.520312661780579
20384.000244140625 0.5200294169082859
20394.000244140625 0.5199928507792931
20404.000244140625 0.5194570429333051
20414.000244140625 0.5180966146609842
20424.000244140625 0.5180943171778428
20434.000244140625 0.5170034398852704
20444.000244140625 0.5157051255584039
20454.000244140625 0.5152884511751052
20464.000244140625 0.5134685217175876
20474.000244140625 0.5129085688378827
20483.999023437496 0.5119697712736966
20493.9990234375 0.5113537269456667
20503.9990234375 0.5107523057752419
20513.9990234375 0.510390045745611
20523.999023437496 0.509325319659325
20533.9990234375 0.5089137497687364
20543.9990234375 0.5089613092518226
20553.9990234375 0.5087744429182915
20563.999023437496 0.5080878069673676
20573.9990234375 0.5081668939319551
20583.9990234375 0.5083971251879077
20593.9990234375 0.5085083647968136
20603.999023437496 0.5086722130171633
20613.9990234375 0.5090231394597903
20623.9990234375 0.5096499813922383
20633.9990234375 0.5107158635878567
20643.999023437496 0.511144405893911
20653.9990234375 0.5116182935524375
20663.9990234375 0.5124455180749918
20673.9990234375 0.513594083911768
20683.9990234375 0.514728294004696
20693.9990234375 0.5152764797617952
20703.9990234375 0.5162475504625946
20713.9990234375 0.5174141253556219
20723.9990234375 0.5181264853748733
20733.9990234375 0.5201034911079444
20743.9990234375 0.5205943503334438
20753.9990234375 0.5210470577466244
20763.9990234375 0.5216099524668785
20773.9990234375 0.5222069029680931
20783.9990234375 0.5225630994043612
20793.9990234375 0.5230801730458281
20803.9990234375 0.5229978654356796
20813.9990234375 0.5228367287134756
20823.9990234375 0.523695560159936
20833.9990234375 0.523223527539769
20843.9990234375 0.5239188242369935
20853.9990234375 0.5236619880161436
20863.9990234375 0.5241853290269497
20873.9990234375 0.5240970620295411
20883.9990234375 0.5238475569175935
20893.9990234375 0.5227670768854441
20903.9990234375 0.5226133732724493
20913.9990234375 0.5212323664596213
20923.9990234375 0.5208301132631946
20933.9990234375 0.5210897944226864
20943.9990234375 0.5207255619911758
20953.9990234375 0.5205063840881227
20963.9990234375 0.5198199701810521
20973.9990234375 0.5197380386898801
20983.9990234375 0.5196339803338628
20993.9990234375 0.5196518741391594
21003.9990234375 0.5181585753602539
21013.9990234375 0.5186720707354253
21023.9990234375 0.5178483154330719
21033.9990234375 0.5184814221206904
21043.9990234375 0.5186014317998285
21053.999023437504 0.5182736611542191
21063.9990234375 0.5180115697774289
21073.9990234375 0.5174870434195454
21083.9990234375 0.5172917158756414
21093.999023437504 0.5164303492151829
21103.9990234375 0.5170708493279533
21113.9990234375 0.5164002300866759
21123.9990234375 0.5164795092685788
21133.999023437504 0.5159310161024345
21143.9990234375 0.5163649272696753
21153.9990234375 0.5156191243542368
21163.9990234375 0.5154314842772668
21173.999023437504 0.5152835415831887
21183.9990234375 0.515341074336185
21193.9990234375 0.5148872389239891
21203.9990234375 0.5143181965386473
21213.999023437504 0.5138466000169611
21223.9990234375 0.5132083881867395
21233.9990234375 0.5130987624232468
21243.9990234375 0.5122535541476441
21253.999023437504 0.5118535612340926
21263.9990234375 0.5112555696734852
21273.9990234375 0.511382444982302
21283.9990234375 0.5103231284954963
21293.999023437504 0.5110009738502612
21303.9990234375 0.5098918326371128
21313.9990234375 0.5094228814351851
21323.9990234375 0.5099619749580759
21333.999023437504 0.5095959658493769
21343.9990234375 0.5099386853837422
21353.9990234375 0.5092242814062313
21363.9990234375 0.5095638374404047
21373.999023437504 0.5093299583803774
21383.9990234375 0.5093007549561303
21393.9990234375 0.5096745039018565
21403.9990234375 0.5101542291191975
21413.999023437504 0.5099593935857081
21423.9990234375 0.5114409068770297
21433.9990234375 0.5112733638701618
21443.9990234375 0.5120376000149487
21453.999023437504 0.5127837815976548
21463.9990234375 0.5128800588220935
21473.9990234375 0.5131702501818319
21483.9990234375 0.5135610799755358
21493.999023437496 0.5130017478989175
21503.9990234375 0.5140174740046104
21513.9990234375 0.513369148576595
21523.9990234375 0.5137518170726416
21533.999023437496 0.5128420771385676
21543.9990234375 0.5132204317694378
21553.9990234375 0.5124242772942798
21563.9990234375 0.512333280826734
21573.999023437496 0.5117653676333416
21583.9990234375 0.5116087460545323
21593.9990234375 0.5114876891568996
21603.9990234375 0.5101246237091169
21613.999023437496 0.5095727091074089
21623.9990234375 0.5078373139373333
21633.9990234375 0.5069728378814585
21643.9990234375 0.505947332482636
21653.999023437496 0.5049974719760884
21663.9990234375 0.504281125388372
21673.9990234375 0.5027411473593116
21683.9990234375 0.5024881853806538
21693.999023437496 0.5006651215049581
21703.9990234375 0.4997588171531236
21713.9990234375 0.4980558020363732
21723.9990234375 0.4981050276402723
21733.999023437496 0.49693308008054743
21743.9990234375 0.4963120753682033
21753.9990234375 0.49583325924684063
21763.9990234375 0.49542296449057144
21773.999023437496 0.4949604314008697
21783.9990234375 0.4939340312167143
21793.9990234375 0.4937898709364602
21803.9990234375 0.49383022342229943
21813.999023437496 0.4932193620551825
21823.9990234375 0.49259498299983717
21833.9990234375 0.4925042041762428
21843.9990234375 0.49266000809326527
21853.999023437496 0.4941778020494995
21863.9990234375 0.4944427986080846
21873.9990234375 0.49409307196287167
21883.9990234375 0.49506374266150477
21893.999023437496 0.4948614145428412
21903.9990234375 0.49558674334708064
21913.9990234375 0.49663905940814146
21923.9990234375 0.4970103851810297
21933.9990234375 0.49761413484953376
21943.9990234375 0.4986278198127552
21953.9990234375 0.4989466840874274
21963.9990234375 0.4996763953135366
21973.9990234375 0.5010087334245379
21983.9990234375 0.502251427524874
21993.9990234375 0.5031061957321924
22003.9990234375 0.5047177510386628
22013.9990234375 0.5048107176263483
22023.9990234375 0.5061074999164765
22033.9990234375 0.5066038944626615
22043.9990234375 0.5077304735657354
22053.9990234375 0.5078756975561681
22063.9990234375 0.507498942825718
22073.9990234375 0.5066797652167474
22083.9990234375 0.5054611770421422
22093.9990234375 0.5040250288725676
22103.9990234375 0.5021700619451402
22113.9990234375 0.49909735004332484
22123.9990234375 0.49515198064481675
22133.9990234375 0.4899075960391101
22143.9990234375 0.48246043640145486
22153.9990234375 0.47539427046197996
22163.9990234375 0.46470350627509355
22173.9990234375 0.453841421694253
22183.9990234375 0.44077438590974616
22193.9990234375 0.42556750208493305
22203.9990234375 0.40914121025569683
22213.9990234375 0.39127355134494096
22223.9990234375 0.37210596287116826
22233.9990234375 0.35134627089558296
22243.9990234375 0.3294895202522105
22253.9990234375 0.3071427376290231
22263.9990234375 0.2855070389584284
22273.9990234375 0.2646784895473624
22283.9990234375 0.24420903350504966
22293.9990234375 0.22483858609701954
22303.999023437504 0.2066768707357327
22313.9990234375 0.18921274774924596
22323.9990234375 0.1733367924421419
22333.9990234375 0.1587563353379174
22343.999023437504 0.14511598574304121
22353.9990234375 0.1320133987846022
22363.9990234375 0.11994365747611198
22373.9990234375 0.10805865695825193
22383.999023437504 0.0968827917194185
22393.9990234375 0.08698484861091574
22403.9990234375 0.07759750330059985
22413.9990234375 0.06889079239725154
22423.999023437504 0.06106688979036387
22433.9990234375 0.05390309436031898
22443.9990234375 0.04723063802850347
22453.9990234375 0.041509973874418606
22463.999023437504 0.03641197424998113
22473.9990234375 0.03179702174726919
22483.9990234375 0.027782320783744346
22493.9990234375 0.024214809999986677
22503.999023437504 0.021033948663652158
22513.9990234375 0.0183022616404458
22523.9990234375 0.016001272517005033
22533.9990234375 0.013958002200129677
22543.999023437504 0.01215150057505238
22553.9990234375 0.01061076834588057
22563.9990234375 0.009219041867508783
22573.9990234375 0.008015880987773371
22583.999023437504 0.007011623307183636
22593.9990234375 0.006126526473012411
22603.9990234375 0.0053444408251171836
22613.9990234375 0.004676035341270075
22623.999023437504 0.004079009576516004
22633.9990234375 0.0035603933165633418
22643.9990234375 0.003127706118404369
22653.9990234375 0.0027533362485204615
22663.999023437504 0.002418983362033781
22673.9990234375 0.00213799706338858
22683.9990234375 0.0018910389407147386
22693.9990234375 0.0016741407927573942
22703.999023437504 0.001490305549011731
22713.9990234375 0.0013299340019501946
22723.9990234375 0.0011883957254782958
22733.9990234375 0.0010697127375112125
22743.999023437496 0.0009578632769980146
22753.9990234375 0.0008614515884337144
22763.9990234375 0.0007747747730841542
22773.9990234375 0.0007032001564408094
22783.999023437496 0.0006375261672135297
22793.9990234375 0.0005785125006765102
22803.9990234375 0.0005300061246393295
22813.9990234375 0.0004812056519248032
22823.999023437496 0.00043722049369666346
22833.9990234375 0.0004023816325883326
22843.9990234375 0.00037049259280543814
22853.9990234375 0.0003412330417376987
22863.999023437496 0.0003121450920977299
22873.9990234375 0.0002868945025254261
22883.9990234375 0.00026670382173927604
22893.9990234375 0.0002432656249905673
22903.999023437496 0.00022633387036596927
22913.9990234375 0.00020978071189219072
22923.9990234375 0.00019316072164769944
22933.9990234375 0.00017708234639090496
22943.999023437496 0.00016473014246551836
22953.9990234375 0.00015340693263819657
22963.9990234375 0.00014123986858407522
22973.9990234375 0.00013367646945653075
22983.999023437496 0.0001228713147139271
22993.9990234375 0.0001154378321915466
23003.9990234375 0.00010771825599673585
23013.9990234375 0.0
23023.999023437496 0.0
