5000.0 0.0
5010.0 0.0
5020.0 0.0
5030.0 0.0
5040.0 0.0
5050.0 0.0
5060.0 0.0
5070.0 0.0
5080.0 0.0
5090.0 0.0
5100.0 0.0
5110.0 0.0
5120.0 0.0
5130.0 0.0
5140.0 0.0
5150.0 0.0
5160.0 0.0
5170.0 0.0
5180.0 0.0
5190.0 0.0
5200.0 0.0
5210.0 0.0
5220.0 0.0
5230.0 0.0
5240.0 0.0
5250.0 0.0
5260.0 0.0
5270.0 0.0
5280.0 0.0
5290.0 0.0
5300.0 0.0
5310.0 0.0
5320.0 0.0
5330.0 0.0
5340.0 0.0
5350.0 0.0
5360.0 0.0
5370.0 0.0
5380.0 0.0
5390.0 0.0
5400.0 0.0
5410.0 0.0
5420.0 0.0
5430.0 0.0
5440.0 0.0
5450.0 0.0
5460.0 0.0
5470.0 0.0
5480.0 0.0
5490.0 0.0
5500.0 0.0
5510.0 0.0
5520.000000000001 0.0
5530.000000000001 0.0
5540.000000000001 0.0
5550.000000000001 0.0
5560.000000000001 0.0
5570.000000000001 0.0
5580.000000000001 0.0
5590.000000000001 0.0
5600.000000000001 0.0
5610.000000000001 0.0
5620.000000000001 0.0
5629.999999999999 0.0
5639.999999999999 0.0
5649.999999999999 0.0
5659.999999999999 0.0
5669.999999999999 0.0
5679.999999999999 0.0
5689.999999999999 0.0
5699.999999999999 0.0
5709.999999999999 0.0
5719.999999999999 0.0
5729.999999999999 0.0
5740.0 0.0
5750.0 0.0
5760.0 0.0
5770.0 0.0
5780.0 0.0
5790.0 0.0
5800.0 0.0
5810.0 0.0
5820.0 0.0
5830.0 0.0
5840.0 0.0
5850.0 0.0
5860.0 0.0
5870.0 0.0
5880.0 0.0
5890.0 0.0
5900.0 0.0
5910.0 0.0
5920.0 0.0
5930.0 0.0
5940.0 0.0
5950.0 0.0
5960.0 0.0
5970.0 0.0
5980.0 0.0
5990.0 0.0
6000.0 0.0
6010.0 0.0
6020.0 0.0
6030.0 0.0
6040.0 0.0
6050.0 0.0
6060.0 0.0
6070.0 0.0
6080.0 0.0
6090.0 0.0
6100.0 0.0
6110.0 0.0
6120.0 0.0
6130.0 0.0
6140.0 0.0
6150.0 0.0
6160.0 0.0
6170.0 0.0
6180.0 0.0
6190.0 0.0
6200.0 0.0
6210.0 0.0
6220.0 0.0
6230.0 0.0
6240.0 0.0
6250.0 0.0
6260.0 0.0
6270.0 0.0
6280.0 0.0
6290.0 0.0
6300.0 0.0
6310.0 0.0
6320.0 0.0
6330.0 0.0
6340.0 0.0
6350.0 0.0
6360.0 0.0
6370.0 0.0
6380.0 0.0
6390.0 0.0
6400.0 0.0
6410.0 0.0
6420.0 0.0
6430.0 0.0
6440.0 0.0
6450.0 0.0
6460.0 0.0
6470.0 0.0
6480.0 0.0
6490.0 0.0
6500.0 0.0
6510.0 0.0
6520.0 0.0
6530.0 0.0
6540.0 0.0
6550.0 0.0
6560.0 0.0
6570.0 0.0
6580.0 0.0
6590.0 0.0
6600.0 0.0
6610.0 0.0
6620.0 0.0
6630.0 0.0
6640.0 0.0
6650.0 0.0
6660.0 0.0
6670.0 0.0
6680.0 0.0
6690.0 0.0
6700.0 0.0
6710.0 0.0
6720.0 0.0
6730.0 0.0
6740.0 0.0
6750.0 0.0
6760.0 0.0
6770.000000000001 0.0
6780.000000000001 0.0
6790.000000000001 0.0
6800.000000000001 0.0
6810.000000000001 0.0
6820.000000000001 0.0
6830.000000000001 0.0
6840.000000000001 0.0
6850.000000000001 0.0
6860.000000000001 0.0
6870.000000000001 0.0
6879.999999999999 0.0
6889.999999999999 0.0
6899.999999999999 0.0
6909.999999999999 0.0
6919.999999999999 0.0
6929.999999999999 0.0
6939.999999999999 0.0
6949.999999999999 0.0
6959.999999999999 0.0
6969.999999999999 0.0
6979.999999999999 0.0
6990.0 0.0
7000.0 0.0
7010.0 0.0
7020.0 0.0
7030.0 0.0
7040.0 0.0
7050.0 0.0
7060.0 0.0
7070.0 0.0
7080.0 0.0
7090.0 0.0
7100.0 0.0
7110.0 0.0
7120.0 0.0
7130.0 0.0
7140.0 0.0
7150.0 0.0
7160.0 0.0
7170.0 0.0
7180.0 0.0
7190.0 0.0
7200.0 0.0
7210.0 0.0
7220.0 0.0
7230.0 0.0
7240.0 0.0
7250.0 0.0
7260.0 0.0
7270.0 0.0
7280.0 0.0
7290.0 0.0
7300.0 0.0
7310.0 0.0
7320.0 0.0
7330.0 0.0
7340.0 0.0
7350.0 0.0
7360.0 0.0
7370.0 0.0
7380.0 0.0
7390.0 0.0
7400.0 0.0
7410.0 0.0
7420.0 0.0
7430.0 0.0
7440.0 0.0
7450.0 0.0
7460.0 0.0
7470.0 0.0
7480.0 0.0
7490.0 0.0
7500.0 0.0
7510.0 0.0
7520.0 0.0
7530.0 0.0
7540.0 0.0
7550.0 0.0
7560.0 0.0
7570.0 0.0
7580.0 0.0
7590.0 0.0
7600.0 0.0
7610.0 0.0
7620.0 0.0
7630.0 0.0
7640.0 0.0
7650.0 0.0
7660.0 0.0
7670.0 0.0
7680.0 0.0
7690.0 0.0
7700.0 0.0
7710.0 0.0
7720.0 0.0
7730.0 0.0
7740.0 0.0
7750.0 0.0
7760.0 0.0
7770.0 0.0
7780.0 9.24831e-09
7790.0 0.0
7800.0 0.0
7810.0 0.0
7820.0 0.0
7830.0 0.0
7840.0 0.0
7850.0 0.0
7860.0 0.0
7870.0 0.0
7880.0 0.0
7890.0 0.0
7900.0 0.0
7910.0 0.0
7920.0 0.0
7930.0 0.0
7940.0 0.0
7950.0 0.0
7960.0 8.89229e-09
7970.0 1.26925e-08
7980.0 1.58306e-08
7990.0 1.70566e-08
8000.0 1.82538e-08
8010.0 1.95608e-08
8020.000000000001 2.03317e-08
8030.000000000001 2.20433e-08
8040.000000000001 2.41362e-08
8050.000000000001 2.67271e-08
8060.000000000001 2.73806e-08
8070.000000000001 2.49389e-08
8080.000000000001 2.10595e-08
8090.000000000001 1.76241e-08
8100.000000000001 1.41328e-08
8110.000000000001 1.00218e-08
8120.000000000001 0.0
8129.999999999999 0.0
8139.999999999999 0.0
8149.999999999999 0.0
8159.999999999999 0.0
8169.999999999999 0.0
8179.999999999999 0.0
8189.999999999999 0.0
8200.0 0.0
8210.0 0.0
8220.0 0.0
8230.0 0.0
8240.0 0.0
8250.0 0.0
8260.0 0.0
8270.0 0.0
8280.0 0.0
8290.0 0.0
8300.0 0.0
8310.0 0.0
8320.0 0.0
8330.0 0.0
8340.0 0.0
8350.0 0.0
8360.0 0.0
8370.0 0.0
8380.0 0.0
8390.0 0.0
8400.0 0.0
8410.0 0.0
8420.0 0.0
8430.0 0.0
8440.0 0.0
8450.0 0.0
8460.0 0.0
8470.0 0.0
8480.0 0.0
8490.0 0.0
8500.0 0.0
8510.0 0.0
8520.0 0.0
8530.0 0.0
8540.0 0.0
8550.0 0.0
8560.0 0.0
8570.0 0.0
8580.0 0.0
8590.0 0.0
8600.0 0.0
8610.0 0.0
8620.0 0.0
8630.0 0.0
8640.0 0.0
8650.0 0.0
8660.0 0.0
8670.0 0.0
8680.0 0.0
8690.0 0.0
8700.0 0.0
8710.0 0.0
8720.0 0.0
8730.0 0.0
8740.0 0.0
8750.0 0.0
8760.0 0.0
8770.0 0.0
8780.0 0.0
8790.0 0.0
8800.0 0.0
8810.0 0.0
8820.0 0.0
8830.0 0.0
8840.0 0.0
8850.0 0.0
8860.0 0.0
8870.0 0.0
8880.0 0.0
8890.0 0.0
8900.0 0.0
8910.0 0.0
8920.0 0.0
8930.0 0.0
8940.0 0.0
8950.0 8.69137e-09
8960.0 1.39665e-08
8970.0 1.62645e-08
8980.0 1.27323e-08
8990.0 9.79721e-09
9000.0 1.151e-08
9010.0 1.15952e-08
9020.0 1.15594e-08
9030.0 1.25919e-08
9040.0 1.44277e-08
9050.0 1.71452e-08
9060.0 2.00959e-08
9070.0 2.3473e-08
9080.0 2.90458e-08
9090.0 3.72348e-08
9100.0 5.07301e-08
9110.0 5.84607e-08
9120.0 6.25153e-08
9130.0 6.58741e-08
9140.0 6.84512e-08
9150.0 6.96908e-08
9160.0 6.27233e-08
9170.0 5.92006e-08
9180.0 5.17095e-08
9190.0 4.27996e-08
9200.0 3.99338e-08
9210.0 4.50775e-08
9220.0 5.0448e-08
9230.0 5.27791e-08
9240.0 5.60622e-08
9250.0 6.42831e-08
9260.0 7.40392e-08
9270.0 8.11205e-08
9280.0 8.49804e-08
9290.0 9.26309e-08
9300.0 1.07747e-07
9310.0 1.35687e-07
9320.0 1.64088e-07
9330.0 1.85612e-07
9340.0 1.95945e-07
9350.0 2.03637e-07
9360.0 1.94462e-07
9370.0 1.77412e-07
9380.0 1.57624e-07
9390.0 1.37843e-07
9400.0 1.20135e-07
9410.0 1.07826e-07
9420.0 1.03121e-07
9430.0 1.00764e-07
9440.0 9.76823e-08
9450.0 9.37963e-08
9460.0 9.90194e-08
9470.0 1.18766e-07
9480.0 1.41882e-07
9490.0 1.58534e-07
9500.0 1.70726e-07
9510.0 1.91213e-07
9520.0 2.06872e-07
9530.0 2.06849e-07
9540.0 1.84389e-07
9550.0 1.53419e-07
9560.0 1.18812e-07
9570.0 8.99907e-08
9580.0 6.83688e-08
9590.0 5.31392e-08
9600.0 4.58693e-08
9610.0 3.83086e-08
9620.0 3.1174e-08
9630.0 2.6868e-08
9640.0 2.63773e-08
9650.0 2.77008e-08
9660.0 2.84513e-08
9670.0 3.03986e-08
9680.0 3.40991e-08
9690.0 3.88754e-08
9700.0 4.82447e-08
9710.0 6.2834e-08
9720.0 8.27495e-08
9730.0 1.07707e-07
9740.0 1.29485e-07
9750.0 1.27738e-07
9760.0 9.57011e-08
9770.0 6.20053e-08
9780.0 3.98883e-08
9790.0 2.70566e-08
9800.0 1.70616e-08
9810.0 1.09064e-08
9820.0 0.0
9830.0 0.0
9840.0 0.0
9850.0 0.0
9860.0 0.0
9870.0 0.0
9880.0 0.0
9890.0 0.0
9900.0 0.0
9910.0 0.0
9920.0 0.0
9930.0 0.0
9940.0 0.0
9950.0 0.0
9960.0 0.0
9970.0 0.0
9980.0 0.0
9990.0 0.0
10000.0 0.0
10009.999999999998 0.0
10020.0 0.0
10029.999999999998 0.0
10040.0 0.0
10049.999999999998 0.0
10060.0 0.0
10069.999999999998 0.0
10080.0 0.0
10089.999999999998 0.0
10100.0 0.0
10109.999999999998 0.0
10120.0 0.0
10129.999999999998 0.0
10140.0 0.0
10149.999999999998 0.0
10160.0 0.0
10169.999999999998 0.0
10180.0 0.0
10189.999999999998 0.0
10200.0 0.0
10209.999999999998 0.0
10220.0 0.0
10230.0 0.0
10240.0 0.0
10250.0 0.0
10260.0 0.0
10270.0 0.0
10280.0 0.0
10290.0 0.0
10300.0 0.0
10310.0 0.0
10320.0 0.0
10330.0 0.0
10340.0 0.0
10350.0 0.0
10360.0 0.0
10370.0 0.0
10380.0 0.0
10390.0 0.0
10400.0 0.0
10410.0 0.0
10420.0 0.0
10430.0 0.0
10440.0 0.0
10450.0 0.0
10460.0 0.0
10470.0 0.0
10480.0 0.0
10490.0 0.0
10500.0 0.0
10510.0 0.0
10520.0 0.0
10530.0 0.0
10540.0 0.0
10550.0 0.0
10560.0 0.0
10570.0 0.0
10580.0 0.0
10590.0 0.0
10600.0 0.0
10610.0 0.0
10620.0 0.0
10630.0 0.0
10640.0 0.0
10650.0 0.0
10660.0 0.0
10670.0 0.0
10680.0 0.0
10690.0 0.0
10700.0 0.0
10710.0 0.0
10720.0 0.0
10730.0 0.0
10740.0 0.0
10750.0 0.0
10760.0 0.0
10770.0 0.0
10780.0 0.0
10790.0 0.0
10800.0 0.0
10810.0 0.0
10820.0 0.0
10830.0 0.0
10840.0 0.0
10850.0 0.0
10860.0 0.0
10870.0 0.0
10880.0 0.0
10890.0 0.0
10900.0 0.0
10910.0 0.0
10920.0 0.0
10930.0 0.0
10940.0 0.0
10950.0 0.0
10960.0 0.0
10970.0 0.0
10980.0 0.0
10990.0 0.0
11000.0 0.0
11010.0 0.0
11020.0 0.0
11030.0 0.0
11040.000000000002 0.0
11050.0 0.0
11060.000000000002 0.0
11070.0 0.0
11080.000000000002 0.0
11090.0 0.0
11100.000000000002 0.0
11110.0 0.0
11120.000000000002 0.0
11130.0 0.0
11140.000000000002 0.0
11150.0 0.0
11160.000000000002 0.0
11170.0 0.0
11180.000000000002 0.0
11190.0 0.0
11200.000000000002 0.0
11210.0 0.0
11220.000000000002 0.0
11230.0 0.0
11240.000000000002 0.0
11250.0 0.0
11259.999999999998 0.0
11270.0 0.0
11279.999999999998 0.0
11290.0 0.0
11299.999999999998 0.0
11310.0 0.0
11319.999999999998 0.0
11330.0 0.0
11339.999999999998 0.0
11350.0 0.0
11359.999999999998 0.0
11370.0 0.0
11379.999999999998 0.0
11390.0 0.0
11399.999999999998 0.0
11410.0 0.0
11419.999999999998 0.0
11430.0 0.0
11439.999999999998 0.0
11450.0 0.0
11459.999999999998 0.0
11470.0 0.0
11480.0 0.0
11490.0 0.0
11500.0 0.0
11510.0 0.0
11520.0 1.3632e-08
11530.0 2.26619e-08
11540.0 4.34467e-08
11550.0 1.0567e-07
11560.0 2.54102e-07
11570.0 3.34122e-07
11580.0 1.92429e-07
11590.0 8.68635e-08
11600.0 4.88658e-08
11610.0 3.43725e-08
11620.0 2.61248e-08
11630.0 2.10335e-08
11640.0 1.73769e-08
11650.0 1.51943e-08
11660.0 1.39443e-08
11670.0 1.30959e-08
11680.0 1.2975e-08
11690.0 1.32681e-08
11700.0 1.2914e-08
11710.0 1.3281e-08
11720.0 1.39458e-08
11730.0 1.48397e-08
11740.0 1.56344e-08
11750.0 1.80901e-08
11760.0 2.08329e-08
11770.0 2.253e-08
11780.0 2.22163e-08
11790.0 2.21031e-08
11800.0 2.40029e-08
11810.0 2.7955e-08
11820.0 3.42712e-08
11830.0 3.95984e-08
11840.0 4.70153e-08
11850.0 6.08358e-08
11860.0 8.44466e-08
11870.0 1.20996e-07
11880.0 1.72793e-07
11890.0 2.50238e-07
11900.0 3.76357e-07
11910.0 5.44599e-07
11920.0 7.17417e-07
11930.0 7.69608e-07
11940.0 6.6109e-07
11950.0 5.01156e-07
11960.0 3.62729e-07
11970.0 2.66395e-07
11980.0 2.04705e-07
11990.0 1.73422e-07
12000.0 1.47308e-07
12010.0 1.22998e-07
12020.0 1.00902e-07
12030.0 9.00564e-08
12040.0 8.38981e-08
12050.0 8.37104e-08
12060.0 8.1307e-08
12070.0 7.91195e-08
12080.0 7.73534e-08
12090.0 7.60919e-08
12100.0 7.5481e-08
12110.0 7.67896e-08
12120.0 7.93567e-08
12130.0 8.40485e-08
12140.0 8.68888e-08
12150.0 9.34574e-08
12160.0 1.01683e-07
12170.0 1.13734e-07
12180.0 1.2384e-07
12190.0 1.30555e-07
12200.0 1.39499e-07
12210.0 1.54341e-07
12220.0 1.78262e-07
12230.0 1.96524e-07
12240.0 2.05064e-07
12250.0 2.16728e-07
12260.0 2.31285e-07
12270.0 2.49157e-07
12280.0 2.60112e-07
12290.000000000002 2.94115e-07
12300.0 3.31237e-07
12310.000000000002 3.42784e-07
12320.0 3.39137e-07
12330.000000000002 3.53005e-07
12340.0 3.92269e-07
12350.000000000002 4.27049e-07
12360.0 4.43543e-07
12370.000000000002 4.38029e-07
12380.0 4.08711e-07
12390.000000000002 3.68703e-07
12400.0 3.61087e-07
12410.000000000002 3.79603e-07
12420.0 3.80676e-07
12430.000000000002 3.72131e-07
12440.0 3.441e-07
12450.000000000002 3.3122e-07
12460.0 3.1764e-07
12470.000000000002 3.13703e-07
12480.0 3.12513e-07
12490.000000000002 3.05759e-07
12500.0 2.94941e-07
12509.999999999998 2.90716e-07
12520.0 2.69922e-07
12529.999999999998 2.48446e-07
12540.0 2.36683e-07
12549.999999999998 2.44977e-07
12560.0 2.50546e-07
12569.999999999998 2.43703e-07
12580.0 2.2809e-07
12589.999999999998 2.27319e-07
12600.0 2.4742e-07
12609.999999999998 2.78417e-07
12620.0 3.1504e-07
12629.999999999998 3.50518e-07
12640.0 4.14943e-07
12649.999999999998 4.98873e-07
12660.0 5.9489e-07
12669.999999999998 6.5229e-07
12680.0 5.78526e-07
12689.999999999998 4.37501e-07
12700.0 2.91238e-07
12709.999999999998 1.90728e-07
12720.0 1.23796e-07
12730.0 8.22477e-08
12740.0 5.80171e-08
12750.0 4.15328e-08
12760.0 2.85725e-08
12770.0 2.09567e-08
12780.0 1.65183e-08
12790.0 1.35363e-08
12800.0 1.09293e-08
12810.0 9.0628e-09
12820.0 0.0
12830.0 0.0
12840.0 0.0
12850.0 0.0
12860.0 0.0
12870.0 0.0
12880.0 0.0
12890.0 0.0
12900.0 0.0
12910.0 0.0
12920.0 0.0
12930.0 0.0
12940.0 0.0
12950.0 0.0
12960.0 0.0
12970.0 0.0
12980.0 0.0
12990.0 0.0
13000.0 0.0
13010.0 0.0
13020.0 0.0
13030.0 0.0
13040.0 0.0
13050.0 0.0
13060.0 0.0
13070.0 0.0
13080.0 0.0
13090.0 0.0
13100.0 0.0
13110.0 0.0
13120.0 0.0
13130.0 0.0
13140.0 0.0
13150.0 0.0
13160.0 0.0
13170.0 0.0
13180.0 0.0
13190.0 0.0
13200.0 0.0
13210.0 0.0
13220.0 0.0
13230.0 0.0
13240.0 0.0
13250.0 0.0
13260.0 0.0
13270.0 0.0
13280.0 0.0
13290.0 0.0
13300.0 0.0
13310.0 0.0
13320.0 0.0
13330.0 0.0
13340.0 0.0
13350.0 0.0
13360.0 0.0
13370.0 0.0
13380.0 0.0
13390.0 0.0
13400.0 0.0
13410.0 0.0
13420.0 0.0
13430.0 0.0
13440.0 0.0
13450.0 0.0
13460.0 0.0
13470.0 0.0
13480.0 0.0
13490.0 0.0
13500.0 0.0
13510.0 0.0
13520.0 0.0
13530.0 0.0
13540.000000000002 0.0
13550.0 0.0
13560.000000000002 0.0
13570.0 0.0
13580.000000000002 0.0
13590.0 0.0
13600.000000000002 0.0
13610.0 0.0
13620.000000000002 0.0
13630.0 0.0
13640.000000000002 0.0
13650.0 0.0
13660.000000000002 0.0
13670.0 0.0
13680.000000000002 0.0
13690.0 0.0
13700.000000000002 0.0
13710.0 0.0
13720.000000000002 0.0
13730.0 0.0
13740.000000000002 0.0
13750.0 0.0
13759.999999999998 0.0
13770.0 0.0
13779.999999999998 0.0
13790.0 0.0
13799.999999999998 0.0
13810.0 0.0
13819.999999999998 0.0
13830.0 0.0
13839.999999999998 0.0
13850.0 0.0
13859.999999999998 0.0
13870.0 0.0
13879.999999999998 0.0
13890.0 0.0
13899.999999999998 0.0
13910.0 0.0
13919.999999999998 0.0
13930.0 0.0
13939.999999999998 0.0
13950.0 0.0
13959.999999999998 0.0
13970.0 0.0
13980.0 0.0
13990.0 0.0
14000.0 0.0
14010.0 0.0
14020.0 0.0
14030.0 0.0
14040.0 0.0
14050.0 0.0
14060.0 0.0
14070.0 0.0
14080.0 0.0
14090.0 0.0
14100.0 0.0
14110.0 0.0
14120.0 0.0
14130.0 0.0
14140.0 0.0
14150.0 0.0
14160.0 0.0
14170.0 0.0
14180.0 0.0
14190.0 0.0
14200.0 0.0
14210.0 0.0
14220.0 0.0
14230.0 0.0
14240.0 0.0
14250.0 0.0
14260.0 0.0
14270.0 0.0
14280.0 0.0
14290.0 0.0
14300.0 0.0
14310.0 0.0
14320.0 0.0
14330.0 0.0
14340.0 0.0
14350.0 0.0
14360.0 0.0
14370.0 0.0
14380.0 0.0
14390.0 0.0
14400.0 0.0
14410.0 0.0
14420.0 0.0
14430.0 0.0
14440.0 0.0
14450.0 0.0
14460.0 0.0
14470.0 0.0
14480.0 0.0
14490.0 0.0
14500.0 0.0
14510.0 0.0
14520.0 0.0
14530.0 0.0
14540.0 0.0
14550.0 0.0
14560.0 0.0
14570.0 0.0
14580.0 0.0
14590.0 0.0
14600.0 0.0
14610.0 0.0
14620.0 0.0
14630.0 0.0
14640.0 0.0
14650.0 0.0
14660.0 0.0
14670.0 0.0
14680.0 0.0
14690.0 0.0
14700.0 0.0
14710.0 0.0
14720.0 0.0
14730.0 0.0
14740.0 0.0
14750.0 0.0
14760.0 0.0
14770.0 0.0
14780.0 0.0
14790.000000000002 0.0
14800.0 0.0
14810.000000000002 8.20878e-09
14820.0 9.6076e-09
14830.000000000002 1.03619e-08
14840.0 1.1398e-08
14850.000000000002 1.24662e-08
14860.0 1.33911e-08
14870.000000000002 1.48021e-08
14880.0 1.68164e-08
14890.000000000002 1.97565e-08
14900.0 2.4126e-08
14910.000000000002 2.97032e-08
14920.0 3.55622e-08
14930.000000000002 4.05322e-08
14940.0 4.65849e-08
14950.000000000002 5.34476e-08
14960.0 6.50951e-08
14970.000000000002 8.20097e-08
14980.0 9.88667e-08
14990.000000000002 1.15685e-07
15000.0 1.36323e-07
15009.999999999998 1.72856e-07
15020.0 2.33934e-07
15029.999999999998 3.12771e-07
15040.0 4.13945e-07
15049.999999999998 5.43979e-07
15060.0 7.28571e-07
15069.999999999998 9.69631e-07
15080.0 1.30944e-06
15089.999999999998 1.78039e-06
15100.0 2.49491e-06
15109.999999999998 3.22651e-06
15120.0 3.78086e-06
15129.999999999998 4.12491e-06
15140.0 4.37779e-06
15149.999999999998 4.50642e-06
15160.0 4.29801e-06
15169.999999999998 3.8045e-06
15180.0 3.42871e-06
15189.999999999998 3.17391e-06
15200.0 3.06466e-06
15209.999999999998 2.85382e-06
15220.0 2.70889e-06
15230.0 2.56952e-06
15240.0 2.47605e-06
15250.0 2.3429e-06
15260.0 2.27496e-06
15270.0 2.23309e-06
15280.0 2.26978e-06
15290.0 2.40045e-06
15300.0 2.45937e-06
15310.0 2.46866e-06
15320.0 2.33605e-06
15330.0 2.27586e-06
15340.0 2.28789e-06
15350.0 2.37338e-06
15360.0 2.51406e-06
15370.0 2.61244e-06
15380.0 2.74711e-06
15390.0 2.92232e-06
15400.0 3.15366e-06
15410.0 3.25384e-06
15420.0 3.30855e-06
15430.0 3.35751e-06
15440.0 3.47071e-06
15450.0 3.58766e-06
15460.0 3.65717e-06
15470.0 3.61897e-06
15480.0 3.73315e-06
15490.0 3.93868e-06
15500.0 4.24272e-06
15510.0 4.49961e-06
15520.0 4.63243e-06
15530.0 4.78873e-06
15540.0 4.89421e-06
15550.0 5.03886e-06
15560.0 5.25047e-06
15570.0 5.29829e-06
15580.0 5.49748e-06
15590.0 5.53975e-06
15600.0 5.37104e-06
15610.0 5.11749e-06
15620.0 5.08757e-06
15630.0 5.31589e-06
15640.0 5.40922e-06
15650.0 5.43193e-06
15660.0 5.52903e-06
15670.0 5.64104e-06
15680.0 5.75836e-06
15690.0 5.88888e-06
15700.0 6.04931e-06
15710.0 5.96651e-06
15720.0 5.95752e-06
15730.0 5.9489e-06
15740.0 5.93941e-06
15750.0 5.76085e-06
15760.0 5.47611e-06
15770.0 5.46517e-06
15780.0 5.39219e-06
15790.0 5.44886e-06
15800.0 5.41893e-06
15810.0 5.44089e-06
15820.0 5.39041e-06
15830.0 5.31104e-06
15840.0 5.51833e-06
15850.0 5.77234e-06
15860.0 6.05439e-06
15870.0 5.99345e-06
15880.0 5.87275e-06
15890.0 6.08035e-06
15900.0 6.36725e-06
15910.0 6.55554e-06
15920.0 6.43511e-06
15930.0 6.07156e-06
15940.0 5.90173e-06
15950.0 5.92422e-06
15960.0 6.26299e-06
15970.0 6.49624e-06
15980.0 6.37162e-06
15990.0 6.43049e-06
16000.0 6.46887e-06
16010.0 6.39606e-06
16020.0 6.23451e-06
16030.0 6.25023e-06
16040.000000000002 6.40565e-06
16050.0 6.42206e-06
16060.000000000002 6.13404e-06
16070.0 5.90761e-06
16080.000000000002 5.78029e-06
16090.0 5.93807e-06
16100.000000000002 6.33465e-06
16110.0 6.70111e-06
16120.000000000002 6.70628e-06
16130.0 6.52411e-06
16140.000000000002 6.46004e-06
16150.0 6.46223e-06
16160.000000000002 6.67243e-06
16170.0 6.8052e-06
16180.000000000002 6.91061e-06
16190.0 6.91512e-06
16200.000000000002 6.84636e-06
16210.0 7.02135e-06
16220.000000000002 7.19152e-06
16230.0 7.39956e-06
16240.000000000002 7.42762e-06
16250.0 7.21734e-06
16259.999999999998 6.86304e-06
16270.0 6.56421e-06
16279.999999999998 6.72051e-06
16290.0 7.14987e-06
16299.999999999998 7.73954e-06
16310.0 8.02041e-06
16319.999999999998 8.04568e-06
16330.0 8.01519e-06
16339.999999999998 8.39058e-06
16350.0 8.75722e-06
16359.999999999998 8.68711e-06
16370.0 8.65546e-06
16379.999999999998 8.93687e-06
16390.0 9.57225e-06
16400.0 9.79125e-06
16410.0 9.78281e-06
16420.0 9.82299e-06
16430.0 1.00061e-05
16440.0 1.04395e-05
16450.0 1.11612e-05
16460.0 1.16356e-05
16470.0 1.21785e-05
16480.0 1.2815e-05
16490.0 1.35346e-05
16500.0 1.41035e-05
16510.0 1.43866e-05
16520.0 1.48807e-05
16530.0 1.51248e-05
16540.0 1.55909e-05
16550.0 1.61107e-05
16560.0 1.70304e-05
16570.0 1.8192e-05
16580.0 1.90068e-05
16590.0 1.97545e-05
16600.0 2.07184e-05
16610.0 2.22518e-05
16620.0 2.3889e-05
16630.0 2.5201e-05
16640.0 2.67061e-05
16650.0 2.84412e-05
16660.0 3.04303e-05
16670.0 3.28114e-05
16680.0 3.55248e-05
16690.0 3.82799e-05
16700.0 4.05637e-05
16710.0 4.30923e-05
16720.0 4.63297e-05
16730.0 5.0106e-05
16740.0 5.43619e-05
16750.0 5.89913e-05
16760.0 6.42685e-05
16770.0 6.9707e-05
16780.0 7.5111e-05
16790.0 8.07874e-05
16800.0 8.66863e-05
16810.0 9.33681e-05
16820.0 0.000100415
16830.0 0.000108193
16840.0 0.000116626
16850.0 0.000125919
16860.0 0.000136027
16870.0 0.000147196
16880.0 0.000160211
16890.0 0.00017461
16900.0 0.000190561
16910.0 0.000207925
16920.0 0.000227594
16930.0 0.000249818
16940.0 0.000274821
16950.0 0.000303895
16960.0 0.000336899
16970.0 0.00037511
16980.0 0.000418741
16990.0 0.000469321
17000.0 0.000527584
17010.0 0.000594423
17020.0 0.000671329
17030.0 0.000759859
17040.0 0.000860996
17050.0 0.000976458
17060.0 0.00110801
17070.0 0.00125858
17080.0 0.00142955
17090.0 0.00162256
17100.0 0.00184119
17110.0 0.00208867
17120.0 0.00236871
17130.0 0.00268858
17140.0 0.00305412
17150.0 0.00346529
17160.0 0.0039304
17170.0 0.00446818
17180.0 0.00508553
17190.0 0.00579761
17200.0 0.00661866
17210.0 0.00756588
17220.0 0.00866638
17230.0 0.00996737
17240.0 0.0115091
17250.0 0.0133336
17260.0 0.0154951
17270.0 0.0180562
17280.0 0.021104
17290.0 0.0247352
17300.0 0.0289408
17310.0 0.0334315
17320.0 0.0378316
17330.0 0.041937
17340.0 0.0459894
17350.0 0.0503469
17360.0 0.0553055
17370.0 0.0611064
17380.0 0.067925
17390.0 0.0761254
17400.0 0.085246
17410.0 0.0956972
17420.0 0.107272
17430.0 0.121046
17440.0 0.137605
17450.0 0.157847
17460.0 0.181606
17470.0 0.208471
17480.0 0.238109
17490.0 0.269994
17500.0 0.303391
17510.0 0.337449
17520.0 0.370941
17530.0 0.402269
17540.0 0.430515
17550.0 0.455653
17560.0 0.477581
17570.0 0.496765
17580.0 0.51361
17590.0 0.528326
17600.0 0.541748
17610.0 0.553949
17620.0 0.565097
17630.0 0.575563
17640.0 0.58558
17650.0 0.595396
17660.0 0.605069
17670.0 0.613636
17680.0 0.622157
17690.0 0.62911
17700.0 0.63478
17710.0 0.639039
17720.0 0.64264
17730.0 0.645084
17740.0 0.646154
17750.0 0.646646
17760.0 0.647093
17770.0 0.646958
17780.0 0.646117
17790.0 0.645844
17800.0 0.645374
17810.0 0.64457
17820.0 0.64382
17830.0 0.644535
17840.0 0.645713
17850.0 0.646019
17860.0 0.645614
17870.0 0.645378
17880.0 0.645695
17890.0 0.645891
17900.0 0.645331
17910.0 0.643956
17920.0 0.642577
17930.0 0.641584
17940.0 0.640617
17950.0 0.639614
17960.0 0.638194
17970.0 0.635997
17980.0 0.633635
17990.0 0.631572
18000.0 0.629582
18010.0 0.627651
18020.0 0.626264
18030.0 0.625235
18040.0 0.623957
18050.0 0.622363
18060.0 0.621394
18070.0 0.621561
18080.0 0.621728
18090.0 0.621073
18100.0 0.6209
18110.0 0.621868
18120.0 0.623132
18130.0 0.62484
18140.0 0.626364
18150.0 0.628268
18160.0 0.629681
18170.0 0.63125
18180.0 0.63268
18190.0 0.633692
18200.0 0.634801
18210.0 0.635712
18220.0 0.636598
18230.0 0.638399
18240.0 0.640476
18250.0 0.642161
18260.0 0.643151
18270.0 0.644243
18280.0 0.645472
18290.0 0.646149
18300.0 0.646786
18310.0 0.64724
18320.0 0.647196
18330.0 0.647443
18340.0 0.648244
18350.0 0.648745
18360.0 0.649483
18370.0 0.649874
18380.0 0.649835
18390.0 0.650034
18400.0 0.650036
18410.0 0.65066
18420.0 0.650151
18430.0 0.649041
18440.0 0.648106
18450.0 0.648204
18460.0 0.648432
18470.0 0.647847
18480.0 0.645872
18490.0 0.644105
18500.0 0.64312
18510.0 0.642785
18520.0 0.642931
18530.0 0.642575
18540.0 0.641238
18550.0 0.639705
18560.0 0.638295
18570.0 0.637755
18580.0 0.637741
18590.0 0.637852
18600.0 0.637349
18610.0 0.636742
18620.0 0.635577
18630.0 0.634852
18640.0 0.634433
18650.0 0.63434
18660.0 0.634628
18670.0 0.634998
18680.0 0.635313
18690.0 0.635254
18700.0 0.635606
18710.0 0.636628
18720.0 0.638052
18730.0 0.639086
18740.0 0.639807
18750.0 0.641023
18760.0 0.642477
18770.0 0.643375
18780.0 0.644035
18790.0 0.644718
18800.0 0.645307
18810.0 0.645956
18820.0 0.646542
18830.0 0.647628
18840.0 0.64935
18850.0 0.650552
18860.0 0.650739
18870.0 0.65061
18880.0 0.650659
18890.0 0.650814
18900.0 0.65075
18910.0 0.650753
18920.0 0.650877
18930.0 0.651306
18940.0 0.651173
18950.0 0.651205
18960.0 0.650718
18970.0 0.651386
18980.0 0.652068
18990.0 0.652845
19000.0 0.653273
19010.0 0.65346
19020.0 0.653488
19030.0 0.654122
19040.0 0.655214
19050.0 0.656555
19060.0 0.6567
19070.0 0.656907
19080.0 0.657258
19090.0 0.65786
19100.0 0.658479
19110.0 0.659451
19120.0 0.659844
19130.0 0.659621
19140.0 0.659457
19150.0 0.659534
19160.0 0.65963
19170.0 0.660739
19180.0 0.661242
19190.0 0.661933
19200.0 0.662014
19210.0 0.662653
19220.0 0.662158
19230.0 0.660405
19240.0 0.65838
19250.0 0.657004
19260.0 0.656349
19270.0 0.655285
19280.0 0.65516
19290.0 0.65511
19300.0 0.655551
19310.0 0.655201
19320.0 0.655053
19330.0 0.654435
19340.0 0.654071
19350.0 0.653838
19360.0 0.653507
19370.0 0.653218
19380.0 0.653192
19390.0 0.653309
19400.0 0.653841
19410.0 0.653958
19420.0 0.654312
19430.0 0.654732
19440.0 0.655187
19450.0 0.655968
19460.0 0.656691
19470.0 0.656476
19480.0 0.656907
19490.0 0.657159
19500.0 0.657083
19510.0 0.656644
19520.0 0.656603
19530.0 0.657538
19540.0 0.658475
19550.0 0.658452
19560.0 0.658072
19570.0 0.657689
19580.0 0.658261
19590.0 0.658838
19600.0 0.659329
19610.0 0.659382
19620.0 0.658828
19630.0 0.658396
19640.0 0.657504
19650.0 0.657551
19660.0 0.65667
19670.0 0.655123
19680.0 0.65373
19690.0 0.652777
19700.0 0.652736
19710.0 0.652167
19720.0 0.651225
19730.0 0.650142
19740.0 0.649877
19750.0 0.648929
19760.0 0.647795
19770.0 0.646883
19780.0 0.646734
19790.0 0.646276
19800.0 0.644845
19810.0 0.643879
19820.0 0.643576
19830.0 0.64394
19840.0 0.64463
19850.0 0.644847
19860.0 0.644383
19870.0 0.643672
19880.0 0.642669
19890.0 0.642184
19900.0 0.641995
19910.0 0.641592
19920.0 0.641151
19930.0 0.640006
19940.0 0.639208
19950.0 0.638473
19960.0 0.637504
19970.0 0.637103
19980.0 0.636456
19990.0 0.634495
20000.0 0.632112
20010.0 0.631782
20019.999999999996 0.631746
20030.0 0.631041
20040.0 0.629531
20050.0 0.627791
20059.999999999996 0.626047
20070.0 0.624585
20080.0 0.622449
20090.0 0.620981
20099.999999999996 0.620195
20110.0 0.61982
20120.0 0.618951
20130.0 0.617961
20139.999999999996 0.617452
20150.0 0.617643
20160.0 0.617461
20170.0 0.61701
20179.999999999996 0.617262
20190.0 0.617346
20200.0 0.61768
20210.0 0.617535
20219.999999999996 0.617139
20230.0 0.616651
20240.0 0.616711
20250.0 0.617415
20259.999999999996 0.617866
20270.0 0.617834
20280.0 0.616919
20290.0 0.616597
20299.999999999996 0.616358
20310.0 0.616449
20320.0 0.61571
20330.0 0.615166
20339.999999999996 0.615171
20350.0 0.61518
20360.0 0.614391
20370.0 0.613436
20379.999999999996 0.612562
20390.0 0.612179
20400.0 0.611971
20410.0 0.611232
20419.999999999996 0.610459
20430.0 0.609477
20440.0 0.608812
20450.0 0.607919
20460.0 0.606696
20470.0 0.605779
20480.0 0.605102
20490.0 0.604705
20500.0 0.604776
20510.0 0.604891
20520.0 0.605443
20530.0 0.606232
20540.0 0.606166
20550.0 0.606248
20560.0 0.606041
20570.0 0.606452
20580.0 0.606316
20590.0 0.607382
20600.0 0.609037
20610.0 0.610928
20620.0 0.612384
20630.0 0.613329
20640.0 0.614447
20650.0 0.615741
20660.0 0.617503
20670.0 0.619286
20680.0 0.621079
20690.0 0.622625
20700.0 0.624185
20710.0 0.625738
20720.0 0.627706
20730.0 0.629654
20740.0 0.631264
20750.0 0.632762
20760.0 0.633645
20770.0 0.634509
20780.0 0.634866
20790.0 0.636488
20800.0 0.638054
20810.0 0.640061
20820.0 0.641633
20830.000000000004 0.642909
20840.0 0.642765
20850.0 0.643148
20860.0 0.643895
20870.000000000004 0.644375
20880.0 0.644725
20890.0 0.645077
20900.0 0.645848
20910.000000000004 0.647077
20920.0 0.648012
20930.0 0.648643
20940.0 0.648946
20950.000000000004 0.649645
20960.0 0.651221
20970.0 0.652325
20980.0 0.65243
20990.000000000004 0.65276
21000.0 0.653466
21010.0 0.65488
21020.0 0.656177
21030.000000000004 0.656704
21040.0 0.65735
21050.0 0.657992
21060.0 0.659584
21070.000000000004 0.66011
21080.0 0.660012
21090.0 0.660583
21100.0 0.661845
21110.000000000004 0.664223
21120.0 0.665147
21130.0 0.665529
21140.0 0.665347
21150.000000000004 0.665831
21160.0 0.665915
21170.0 0.66603
21180.0 0.665872
21190.000000000004 0.665902
21200.0 0.666356
21210.0 0.667245
21220.0 0.66787
21230.000000000004 0.66848
21240.0 0.667502
21250.0 0.667841
21260.0 0.668342
21269.999999999996 0.668451
21280.0 0.668807
21290.0 0.669122
21300.0 0.670866
21309.999999999996 0.671859
21320.0 0.672452
21330.0 0.673239
21340.0 0.673843
21349.999999999996 0.674443
21360.0 0.675127
21370.0 0.676014
21380.0 0.677034
21389.999999999996 0.677925
21400.0 0.67956
21410.0 0.681678
21420.0 0.683314
21429.999999999996 0.683582
21440.0 0.684286
21450.0 0.685273
21460.0 0.686419
21469.999999999996 0.686813
21480.0 0.687419
21490.0 0.68871
21500.0 0.689204
21509.999999999996 0.688972
21520.0 0.688818
21530.0 0.689781
21540.0 0.690641
21549.999999999996 0.690237
21560.0 0.689194
21570.0 0.687843
21580.0 0.686956
21589.999999999996 0.686133
21600.0 0.68564
21610.0 0.684862
21620.0 0.683797
21629.999999999996 0.682894
21640.0 0.681482
21650.0 0.680267
21660.0 0.678636
21669.999999999996 0.677015
21680.0 0.675812
21690.0 0.674979
21700.0 0.674077
21710.0 0.673079
21720.0 0.672163
21730.0 0.671975
21740.0 0.672217
21750.0 0.672431
21760.0 0.671937
21770.0 0.671536
21780.0 0.671914
21790.0 0.672614
21800.0 0.672571
21810.0 0.672973
21820.0 0.673528
21830.0 0.674428
21840.0 0.674288
21850.0 0.674271
21860.0 0.675218
21870.0 0.675628
21880.0 0.675475
21890.0 0.6749
21900.0 0.675475
21910.0 0.676631
21920.0 0.677586
21930.0 0.678039
21940.0 0.678761
21950.0 0.679358
21960.0 0.680395
21970.0 0.681454
21980.0 0.682397
21990.0 0.68363
22000.0 0.684428
22010.0 0.685534
22020.0 0.686255
22030.0 0.687344
22040.0 0.688674
22050.0 0.688887
22060.0 0.68865
22070.0 0.687558
22080.000000000004 0.68639
22090.0 0.684392
22100.0 0.681683
22110.0 0.678098
22120.000000000004 0.67211
22130.0 0.663723
22140.0 0.653573
22150.0 0.641254
22160.000000000004 0.627084
22170.0 0.610764
22180.0 0.591744
22190.0 0.570164
22200.000000000004 0.545992
22210.0 0.520299
22220.0 0.492657
22230.0 0.463228
22240.000000000004 0.43123
22250.0 0.398821
22260.0 0.36731
22270.0 0.3377
22280.000000000004 0.309901
22290.0 0.28403
22300.0 0.259945
22310.0 0.237839
22320.000000000004 0.217297
22330.0 0.198336
22340.0 0.180438
22350.0 0.163644
22360.000000000004 0.148001
22370.0 0.133346
22380.0 0.119559
22390.0 0.106758
22400.000000000004 0.0950225
22410.0 0.0842677
22420.0 0.0745473
22430.0 0.0657325
22440.000000000004 0.0577455
22450.0 0.0506111
22460.0 0.0442797
22470.0 0.0386842
22480.000000000004 0.0337741
22490.0 0.0294673
22500.0 0.0256956
22510.0 0.0224189
22519.999999999996 0.0195599
22530.0 0.0170655
22540.0 0.0149029
22550.0 0.0130244
22559.999999999996 0.0113868
22570.0 0.00994846
22580.0 0.0087096
22590.0 0.00762657
22599.999999999996 0.00668355
22610.0 0.00586709
22620.0 0.00515551
22630.0 0.00453741
22639.999999999996 0.00399946
22650.0 0.00353131
22660.0 0.00312024
22670.0 0.00276398
22679.999999999996 0.00244948
22690.0 0.00217234
22700.0 0.00193011
22710.0 0.00172185
22719.999999999996 0.00153991
22730.0 0.00137905
22740.0 0.00124014
22750.0 0.00111789
22759.999999999996 0.0010099
22770.0 0.000914567
22780.0 0.000830768
22790.0 0.00075826
22799.999999999996 0.000692931
22810.0 0.000632655
22820.0 0.000576515
22830.0 0.000526338
22839.999999999996 0.000481954
22850.0 0.0004419
22860.0 0.000405726
22870.0 0.000374043
22879.999999999996 0.000344929
22890.0 0.0003191
22900.0 0.000295316
22910.0 0.000272746
22919.999999999996 0.000252495
22930.0 0.000233253
22940.0 0.000215715
22950.0 0.000199377
22960.0 0.000184066
22970.0 0.000172153
22980.0 0.000160921
22990.0 0.000151014
23000.0 0.000141141
23010.0 0.000131787
23020.0 0.000123593
23030.0 0.000115862
23040.0 0.000108568
23050.0 0.000100872
23060.0 9.35722e-05
23070.0 8.73661e-05
23080.0 8.17967e-05
23090.0 7.72558e-05
23100.0 7.38503e-05
23110.0 7.09617e-05
23120.0 6.71467e-05
23130.0 6.25319e-05
23140.0 5.91545e-05
23150.0 5.71428e-05
23160.0 5.42468e-05
23170.0 5.06918e-05
23180.0 4.72285e-05
23190.0 4.4912e-05
23200.0 4.32212e-05
23210.0 4.18611e-05
23220.0 4.03457e-05
23230.0 3.83375e-05
23240.0 3.59773e-05
23250.0 3.39341e-05
23260.0 3.24317e-05
23270.0 3.10912e-05
23280.0 3.05551e-05
23290.0 2.93227e-05
23300.0 2.82434e-05
23310.0 2.69436e-05
23320.0 2.67369e-05
23330.000000000004 2.63695e-05
23340.0 2.56935e-05
23350.0 2.45703e-05
23360.0 2.37324e-05
23370.000000000004 2.29302e-05
23380.0 2.22883e-05
23390.0 2.12996e-05
23400.0 2.08033e-05
23410.000000000004 2.0784e-05
23420.0 2.06399e-05
23430.0 2.04155e-05
23440.0 2.01134e-05
23450.000000000004 2.02761e-05
23460.0 2.00325e-05
23470.0 1.93216e-05
23480.0 1.8491e-05
23490.000000000004 1.80697e-05
23500.0 1.77334e-05
23510.0 1.74407e-05
23520.0 1.77372e-05
23530.000000000004 1.79288e-05
23540.0 1.74345e-05
23550.0 1.67356e-05
23560.0 1.66612e-05
23570.000000000004 1.67755e-05
23580.0 1.68946e-05
23590.0 1.70441e-05
23600.0 1.677e-05
23610.000000000004 1.62921e-05
23620.0 1.59227e-05
23630.0 1.61063e-05
23640.0 1.60351e-05
23650.000000000004 1.55727e-05
23660.0 1.52107e-05
23670.0 1.50657e-05
23680.0 1.51577e-05
23690.000000000004 1.53663e-05
23700.0 1.49404e-05
23710.0 1.49125e-05
23720.0 1.4793e-05
23730.000000000004 1.50042e-05
23740.0 1.5237e-05
23750.0 1.53461e-05
23760.0 1.53138e-05
23769.999999999996 1.51569e-05
23780.0 1.56868e-05
23790.0 1.61939e-05
23800.0 1.61465e-05
23809.999999999996 1.5981e-05
23820.0 1.57792e-05
23830.0 1.57451e-05
23840.0 1.59125e-05
23849.999999999996 1.63875e-05
23860.0 1.61083e-05
23870.0 1.54484e-05
23880.0 1.45238e-05
23889.999999999996 1.41925e-05
23900.0 1.52663e-05
23910.0 1.64656e-05
23920.0 1.71321e-05
23929.999999999996 1.63515e-05
23940.0 1.57641e-05
23950.0 1.55641e-05
23960.0 1.48096e-05
23969.999999999996 1.37054e-05
23980.0 1.34578e-05
23990.0 1.47859e-05
24000.0 1.60787e-05
24009.999999999996 1.6651e-05
24020.0 1.58638e-05
24030.0 1.53438e-05
24040.0 1.58419e-05
24049.999999999996 1.67641e-05
24060.0 1.69395e-05
24070.0 1.57765e-05
24080.0 1.51365e-05
24089.999999999996 1.41437e-05
24100.0 1.39867e-05
24110.0 1.33639e-05
24120.0 1.41326e-05
24129.999999999996 1.42508e-05
24140.0 1.39895e-05
24150.0 1.39945e-05
24160.0 1.39021e-05
24169.999999999996 1.45305e-05
24180.0 1.47109e-05
24190.0 1.48248e-05
24200.0 1.42903e-05
24210.0 1.35486e-05
24220.0 1.29658e-05
24230.0 1.26958e-05
24240.0 1.24004e-05
24250.0 1.20025e-05
24260.0 1.18228e-05
24270.0 1.16001e-05
24280.0 1.12555e-05
24290.0 1.06781e-05
24300.0 1.05301e-05
24310.0 1.03065e-05
24320.0 1.00084e-05
24330.0 9.6848e-06
24340.0 9.15589e-06
24350.0 9.16577e-06
24360.0 9.20512e-06
24370.0 9.37328e-06
24380.0 9.19021e-06
24390.0 8.44044e-06
24400.0 7.81646e-06
24410.0 7.41712e-06
24420.0 7.35526e-06
24430.0 6.82815e-06
24440.0 6.22805e-06
24450.0 5.94121e-06
24460.0 6.26124e-06
24470.0 6.10236e-06
24480.0 5.91339e-06
24490.0 5.79668e-06
24500.0 5.71322e-06
24510.0 5.49718e-06
24520.0 5.20146e-06
24530.0 5.08248e-06
24540.0 4.84002e-06
24550.0 4.4156e-06
24560.0 4.04885e-06
24570.0 3.71479e-06
24580.000000000004 3.60564e-06
24590.0 3.43301e-06
24600.0 3.2767e-06
24610.0 3.35064e-06
24620.000000000004 3.36104e-06
24630.0 3.17506e-06
24640.0 2.97094e-06
24650.0 2.9069e-06
24660.000000000004 3.03335e-06
24670.0 2.85283e-06
24680.0 2.53097e-06
24690.0 2.27211e-06
24700.000000000004 2.19352e-06
24710.0 2.21407e-06
24720.0 2.14367e-06
24730.0 2.00089e-06
24740.000000000004 1.85207e-06
24750.0 1.80772e-06
24760.0 1.71365e-06
24770.0 1.59349e-06
24780.000000000004 1.45275e-06
24790.0 1.37656e-06
24800.0 1.40141e-06
24810.0 1.41615e-06
24820.000000000004 1.38915e-06
24830.0 1.36562e-06
24840.0 1.32125e-06
24850.0 1.25973e-06
24860.000000000004 1.1319e-06
24870.0 1.03802e-06
24880.0 1.01431e-06
24890.0 1.00297e-06
24900.000000000004 9.62806e-07
24910.0 8.73339e-07
24920.0 8.3169e-07
24930.0 8.13348e-07
24940.000000000004 8.09835e-07
24950.0 7.67255e-07
24960.0 7.33224e-07
24970.0 7.18726e-07
24980.000000000004 6.97521e-07
24990.0 6.70388e-07
25000.0 7.34118e-07
25010.0 7.09115e-07
25019.999999999996 6.8269e-07
25030.0 6.74451e-07
25040.0 6.41445e-07
25050.0 6.16719e-07
25059.999999999996 6.02738e-07
25070.0 5.96567e-07
25080.0 5.91608e-07
25090.0 5.7055e-07
25099.999999999996 5.34321e-07
25110.0 4.95914e-07
25120.0 4.72734e-07
25130.0 4.91742e-07
25139.999999999996 5.01844e-07
25150.0 4.70467e-07
25160.0 4.33298e-07
25170.0 4.18003e-07
25179.999999999996 4.31561e-07
25190.0 4.29143e-07
25200.0 4.02806e-07
25210.0 3.70861e-07
25219.999999999996 3.62492e-07
25230.0 3.64793e-07
25240.0 3.63804e-07
25250.0 3.46494e-07
25259.999999999996 3.27169e-07
25270.0 3.15999e-07
25280.0 3.18642e-07
25290.0 3.16662e-07
25299.999999999996 3.09485e-07
25310.0 2.92159e-07
25320.0 2.84481e-07
25330.0 2.76623e-07
25339.999999999996 2.67653e-07
25350.0 2.62627e-07
25360.0 2.59198e-07
25370.0 2.48457e-07
25379.999999999996 2.40558e-07
25390.0 2.51009e-07
25400.0 2.56054e-07
25410.0 2.41748e-07
25419.999999999996 2.08757e-07
25430.0 1.96506e-07
25440.0 2.08704e-07
25450.0 2.25641e-07
25460.0 2.30278e-07
25470.0 2.16854e-07
25480.0 2.05716e-07
25490.0 1.90155e-07
25500.0 1.80109e-07
25510.0 1.73019e-07
25520.0 1.77888e-07
25530.0 1.80694e-07
25540.0 1.77715e-07
25550.0 1.73364e-07
25560.0 1.70948e-07
25570.0 1.69513e-07
25580.0 1.61245e-07
25590.0 1.45006e-07
25600.0 1.36268e-07
25610.0 1.43675e-07
25620.0 1.59428e-07
25630.0 1.61379e-07
25640.0 1.49924e-07
25650.0 1.44185e-07
25660.0 1.39093e-07
25670.0 1.33846e-07
25680.0 1.34299e-07
25690.0 1.32824e-07
25700.0 1.29623e-07
25710.0 1.18455e-07
25720.0 1.12969e-07
25730.0 1.10389e-07
25740.0 1.07001e-07
25750.0 1.08335e-07
25760.0 1.09847e-07
25770.0 1.07282e-07
25780.0 9.93838e-08
25790.0 9.437e-08
25800.0 8.99088e-08
25810.0 8.85443e-08
25820.0 8.44192e-08
25830.000000000004 8.68354e-08
25840.0 8.68046e-08
25850.0 8.75064e-08
25860.0 8.22842e-08
25870.000000000004 8.24573e-08
25880.0 8.29879e-08
25890.0 8.55464e-08
25900.0 8.24373e-08
25910.000000000004 7.90041e-08
25920.0 7.78175e-08
25930.0 7.92414e-08
25940.0 7.79735e-08
25950.000000000004 7.27972e-08
25960.0 6.40325e-08
25970.0 5.60979e-08
25980.0 0.000172543
25990.000000000004 0.000166249
26000.0 0.000159971
26010.0 0.000153654
26020.0 0.000147258
26030.000000000004 0.000140861
26040.0 0.000130306
26050.0 0.00011799
26060.0 0.000107214
26070.000000000004 0.000110293
26080.0 0.000113384
26090.0 0.000111978
26100.0 0.000103837
26110.000000000004 9.56958e-05
26120.0 8.84859e-05
26130.0 8.1494e-05
26140.0 7.4752e-05
26150.000000000004 7.02766e-05
26160.0 6.58076e-05
26170.0 6.22004e-05
26180.0 5.9464e-05
26190.000000000004 5.67271e-05
26200.0 5.4184e-05
26210.0 5.1677e-05
26220.0 4.83638e-05
26230.000000000004 4.18241e-05
26240.0 3.52827e-05
26250.0 3.10138e-05
26260.0 2.90089e-05
26269.999999999996 2.70036e-05
26280.0 2.9102e-05
26290.0 3.22251e-05
26300.0 3.5318e-05
26309.999999999996 3.8267e-05
26320.0 4.12159e-05
26330.0 3.94525e-05
26340.0 3.29757e-05
26349.999999999996 2.65035e-05
26360.0 2.49924e-05
26370.0 2.40337e-05
26380.0 2.14773e-05
26389.999999999996 1.25317e-05
26400.0 3.58465e-06
26410.0 0.0
26420.0 0.0
26429.999999999996 0.0
26440.0 0.0
26450.0 0.0
26460.0 0.0
26469.999999999996 0.0
26480.0 0.0
26490.0 0.0
26500.0 0.0
26509.999999999996 0.0
26520.0 0.0
26530.0 0.0
26540.0 0.0
26549.999999999996 0.0
26560.0 0.0
26570.0 0.0
26580.0 0.0
26589.999999999996 0.0
26600.0 0.0
26610.0 0.0
26620.0 0.0
26629.999999999996 0.0
26640.0 0.0
26650.0 0.0
26660.0 0.0
26669.999999999996 0.0
26680.0 0.0
26690.0 0.0
26700.0 0.0
26710.0 0.0
26720.0 0.0
26730.0 0.0
26740.0 0.0
26750.0 0.0
26760.0 0.0
26770.0 0.0
26780.0 0.0
26790.0 0.0
26800.0 0.0
26810.0 0.0
26820.0 0.0
26830.0 0.0
26840.0 0.0
26850.0 0.0
26860.0 0.0
26870.0 0.0
26880.0 0.0
26890.0 0.0
26900.0 0.0
26910.0 0.0
26920.0 0.0
26930.0 0.0
26940.0 0.0
26950.0 0.0
26960.0 0.0
26970.0 0.0
26980.0 0.0
26990.0 0.0
27000.0 0.0
27010.0 0.0
27020.0 0.0
27030.0 0.0
27040.0 0.0
27050.0 0.0
27060.0 0.0
27070.0 0.0
27080.000000000004 0.0
27090.0 0.0
27100.0 0.0
27110.0 0.0
27120.000000000004 0.0
27130.0 0.0
27140.0 0.0
27150.0 0.0
27160.000000000004 0.0
27170.0 0.0
27180.0 0.0
27190.0 0.0
27200.000000000004 0.0
27210.0 0.0
27220.0 0.0
27230.0 5.18826e-08
27240.000000000004 2.01056e-07
27250.0 3.4944e-07
27260.0 3.2337e-07
27270.0 2.23164e-07
27280.000000000004 1.23483e-07
27290.0 2.25795e-07
27300.0 3.27535e-07
27310.0 3.32411e-07
27320.000000000004 1.90818e-07
27330.0 4.92859e-08
27340.0 0.0
27350.0 0.0
27360.000000000004 0.0
27370.0 0.0
27380.0 0.0
27390.0 0.0
27400.000000000004 0.0
27410.0 0.0
27420.0 0.0
27430.0 0.0
27440.000000000004 0.0
27450.0 0.0
27460.0 0.0
27470.0 0.0
27480.000000000004 0.0
27490.0 0.0
27500.0 0.0
27510.0 0.0
27519.999999999996 0.0
27530.0 0.0
27540.0 0.0
27550.0 4.51058e-08
27559.999999999996 1.21588e-07
27570.0 1.9815e-07
27580.0 1.49949e-07
27590.0 7.04966e-08
27599.999999999996 0.0
27610.0 0.0
27620.0 0.0
27630.0 0.0
27639.999999999996 0.0
27650.0 0.0
27660.0 0.0
27670.0 0.0
27679.999999999996 7.24962e-08
27690.0 4.01023e-07
27700.0 7.29684e-07
27710.0 3.02456e-06
27719.999999999996 7.29078e-06
27730.0 1.1558e-05
27740.0 8.55982e-06
27750.0 4.74774e-06
27759.999999999996 1.79648e-06
27770.0 2.29983e-06
27780.0 2.80393e-06
27790.0 4.38248e-06
27799.999999999996 6.6803e-06
27810.0 8.98562e-06
27820.0 1.20059e-05
27830.0 1.51104e-05
27839.999999999996 1.64546e-05
27850.0 1.36659e-05
27860.0 1.08713e-05
27870.0 1.1988e-05
27879.999999999996 1.57196e-05
27890.0 1.94588e-05
27900.0 2.19153e-05
27910.0 2.43772e-05
27919.999999999996 2.50991e-05
27930.0 2.17657e-05
27940.0 1.84215e-05
27950.0 2.03181e-05
27960.0 2.44721e-05
27970.0 2.86304e-05
27980.0 3.14421e-05
27990.0 3.42635e-05
28000.0 3.47084e-05
28010.0 3.15826e-05
28020.0 2.84468e-05
28030.0 2.38548e-05
28040.0 1.86267e-05
28050.0 1.33939e-05
28060.0 2.06216e-05
28070.0 2.78621e-05
28080.0 3.3248e-05
28090.0 3.58437e-05
28100.0 3.84503e-05
28110.0 3.373e-05
28120.0 2.58607e-05
28130.0 1.87984e-05
28140.0 1.90592e-05
28150.0 1.93204e-05
28160.0 2.05047e-05
28170.0 2.30742e-05
28180.0 2.56499e-05
28190.0 2.99369e-05
28200.0 3.46465e-05
28210.0 3.85781e-05
28220.0 3.5688e-05
28230.0 3.27949e-05
28240.0 3.21253e-05
28250.0 3.36755e-05
28260.0 3.52215e-05
28270.0 3.52452e-05
28280.0 3.48767e-05
28290.0 3.44672e-05
28300.0 3.38654e-05
28310.0 3.32692e-05
28320.0 3.18895e-05
28330.000000000004 2.97328e-05
28340.0 2.7567e-05
28350.0 3.26979e-05
28360.0 3.86335e-05
28370.000000000004 4.26805e-05
28380.0 3.91638e-05
28390.0 3.5653e-05
28400.0 3.41172e-05
28410.000000000004 3.45396e-05
28420.0 3.49725e-05
28430.0 3.88585e-05
28440.0 4.31164e-05
28450.000000000004 4.56661e-05
28460.0 4.13637e-05
28470.0 3.70495e-05
28480.0 3.70547e-05
28490.000000000004 3.99205e-05
28500.0 4.28018e-05
28510.0 4.24988e-05
28520.0 4.18519e-05
28530.000000000004 4.29481e-05
28540.0 4.81472e-05
28550.0 5.33291e-05
28560.0 5.48472e-05
28570.000000000004 5.39008e-05
28580.0 5.29662e-05
28590.0 4.89288e-05
28600.0 4.48823e-05
28610.000000000004 4.21036e-05
28620.0 4.22426e-05
28630.0 4.23772e-05
28640.0 4.1454e-05
28650.000000000004 4.00573e-05
28660.0 3.86611e-05
28670.0 4.63342e-05
28680.0 5.39891e-05
28690.000000000004 5.7718e-05
28700.0 5.55624e-05
28710.0 5.3395e-05
28720.0 5.26435e-05
28730.000000000004 5.24957e-05
28740.0 5.22562e-05
28750.0 5.12393e-05
28760.0 5.02228e-05
28769.999999999996 5.06075e-05
28780.0 5.30609e-05
28790.0 5.55187e-05
28800.0 5.45191e-05
28809.999999999996 5.20576e-05
28820.0 5.02451e-05
28830.0 5.43659e-05
28840.0 5.84875e-05
28849.999999999996 6.2473e-05
28860.0 6.62169e-05
28870.0 6.99683e-05
28880.0 6.68334e-05
28889.999999999996 6.19925e-05
28900.0 5.76433e-05
28910.0 5.7908e-05
28920.0 5.81725e-05
28929.999999999996 5.89787e-05
28940.0 6.03513e-05
28950.0 6.17176e-05
28960.0 6.39804e-05
28969.999999999996 6.64625e-05
28980.0 6.78679e-05
28990.0 6.49565e-05
29000.0 6.20238e-05
29009.999999999996 5.67501e-05
29020.0 4.91272e-05
29030.0 4.1498e-05
29040.0 3.95269e-05
29049.999999999996 3.81828e-05
29060.0 3.75926e-05
29070.0 4.00362e-05
29080.0 4.24699e-05
29089.999999999996 4.42735e-05
29100.0 4.56493e-05
29110.0 4.70216e-05
29120.0 4.75915e-05
29129.999999999996 4.80716e-05
29140.0 4.83642e-05
29150.0 4.80079e-05
29160.0 4.76466e-05
29169.999999999996 4.76471e-05
29180.0 4.78853e-05
29190.0 4.81085e-05
29200.0 4.92601e-05
29210.0 5.05122e-05
29220.0 5.06618e-05
29230.0 4.82208e-05
29240.0 4.57759e-05
29250.0 4.39588e-05
29260.0 4.25682e-05
29270.0 4.11736e-05
29280.0 4.6365e-05
29290.0 5.15652e-05
29300.0 5.39514e-05
29310.0 4.97855e-05
29320.0 4.56111e-05
29330.0 4.24067e-05
29340.0 3.96087e-05
29350.0 3.68151e-05
29360.0 4.05361e-05
29370.0 4.42413e-05
29380.0 4.72083e-05
29390.0 4.90373e-05
29400.0 5.08715e-05
29410.0 5.24876e-05
29420.0 5.40186e-05
29430.0 5.49637e-05
29440.0 5.08176e-05
29450.0 4.6662e-05
29460.0 4.28603e-05
29470.0 3.95866e-05
29480.0 3.63096e-05
29490.0 3.80393e-05
29500.0 4.1911e-05
29510.0 4.54834e-05
29520.0 4.63663e-05
29530.0 4.72447e-05
29540.0 4.68395e-05
29550.0 4.44962e-05
29560.0 4.21529e-05
29570.0 4.23879e-05
29580.000000000004 4.3261e-05
29590.0 4.47027e-05
29600.0 5.11199e-05
29610.0 5.75258e-05
29620.000000000004 6.14247e-05
29630.0 6.2825e-05
29640.0 6.42317e-05
29650.0 6.10489e-05
29660.000000000004 5.67137e-05
29670.0 5.23855e-05
29680.0 4.79919e-05
29690.0 4.36127e-05
29700.000000000004 4.13401e-05
29710.0 4.11834e-05
29720.0 4.10222e-05
29730.0 4.30568e-05
29740.000000000004 4.53245e-05
29750.0 4.76457e-05
29760.0 5.0096e-05
29770.0 5.25396e-05
29780.000000000004 5.07595e-05
29790.0 4.61712e-05
29800.0 4.15782e-05
29810.0 4.10087e-05
29820.000000000004 4.09018e-05
29830.0 4.17258e-05
29840.0 4.62934e-05
29850.0 5.08606e-05
29860.000000000004 5.2876e-05
29870.0 5.3186e-05
29880.0 5.34901e-05
29890.0 5.40762e-05
29900.000000000004 5.46935e-05
29910.0 5.48205e-05
29920.0 5.38259e-05
29930.0 5.28198e-05
29940.000000000004 5.21722e-05
29950.0 5.17495e-05
29960.0 5.13326e-05
29970.0 5.07251e-05
29980.000000000004 5.01286e-05
29990.0 5.0903e-05
30000.0 5.48629e-05
30010.0 5.88339e-05
30019.999999999996 5.80656e-05
30030.0 5.52561e-05
30040.0 5.24593e-05
30050.0 5.0075e-05
30059.999999999996 4.76859e-05
30070.0 4.73766e-05
30080.0 5.01767e-05
30090.0 5.29772e-05
30099.999999999996 5.3306e-05
30110.0 5.25611e-05
30120.0 5.14311e-05
30130.0 4.67806e-05
30139.999999999996 4.21412e-05
30150.0 3.7938e-05
30160.0 3.43949e-05
30170.0 3.0848e-05
30179.999999999996 3.31931e-05
30190.0 3.70162e-05
30200.0 4.02886e-05
30210.0 3.86502e-05
30219.999999999996 3.70165e-05
30230.0 3.45086e-05
30240.0 3.06986e-05
30250.0 2.68914e-05
30259.999999999996 2.36909e-05
30270.0 2.06489e-05
30280.0 1.84029e-05
30290.0 2.33298e-05
30299.999999999996 2.82605e-05
30310.0 3.36082e-05
30320.0 3.93764e-05
30330.0 4.51372e-05
30339.999999999996 4.57726e-05
30350.0 4.51194e-05
30360.0 4.48123e-05
30370.0 4.5883e-05
30379.999999999996 4.69582e-05
30390.0 4.86146e-05
30400.0 5.08419e-05
30410.0 5.307e-05
30419.999999999996 5.01437e-05
30430.0 4.66407e-05
30440.0 4.31982e-05
30450.0 4.00286e-05
30460.0 3.68472e-05
30470.0 3.35106e-05
30480.0 3.00574e-05
30490.0 2.66151e-05
30500.0 2.3631e-05
30510.0 2.0706e-05
30520.0 2.06026e-05
30530.0 2.70917e-05
30540.0 3.35825e-05
30550.0 3.70397e-05
30560.0 3.84777e-05
30570.0 3.99237e-05
30580.0 3.84555e-05
30590.0 3.6673e-05
30600.0 3.4457e-05
30610.0 3.12435e-05
30620.0 2.80275e-05
30630.0 2.78103e-05
30640.0 2.95861e-05
30650.0 3.13622e-05
30660.0 3.32169e-05
30670.0 3.50683e-05
30680.0 3.69022e-05
30690.0 3.8656e-05
30700.0 4.04136e-05
30710.0 4.034e-05
30720.0 3.94981e-05
30730.0 3.86436e-05
30740.0 4.27369e-05
30750.0 4.68172e-05
30760.0 4.87996e-05
30770.0 4.76024e-05
30780.0 4.64103e-05
30790.0 4.63474e-05
30800.0 4.67756e-05
30810.0 4.7125e-05
30820.0 4.66949e-05
30830.000000000004 4.62749e-05
30840.0 4.57096e-05
30850.0 4.49192e-05
30860.0 4.41287e-05
30870.000000000004 4.30847e-05
30880.0 4.19827e-05
30890.0 4.12216e-05
30900.0 4.35236e-05
30910.000000000004 4.58205e-05
30920.0 4.77136e-05
30930.0 4.89965e-05
30940.0 5.02898e-05
30950.000000000004 5.1502e-05
30960.0 5.27019e-05
30970.0 5.31936e-05
30980.0 4.71902e-05
30990.000000000004 4.1185e-05
31000.0 3.85375e-05
31010.0 3.92132e-05
31020.0 3.98929e-05
31030.000000000004 4.23484e-05
31040.0 4.52631e-05
31050.0 4.6856e-05
31060.0 4.3179e-05
31070.000000000004 3.95099e-05
31080.0 3.62794e-05
31090.0 3.3507e-05
31100.0 3.07346e-05
31110.000000000004 3.59613e-05
31120.0 4.20813e-05
31130.0 4.67121e-05
31140.0 4.54136e-05
31150.000000000004 4.41203e-05
31160.0 4.51131e-05
31170.0 4.76424e-05
31180.0 5.0161e-05
31190.000000000004 4.58597e-05
31200.0 4.08175e-05
31210.0 3.58887e-05
31220.0 3.12861e-05
31230.000000000004 2.66772e-05
31240.0 2.78871e-05
31250.0 3.2979e-05
31260.0 3.80573e-05
31269.999999999996 3.75174e-05
31280.0 3.69812e-05
31290.0 3.61373e-05
31300.0 3.46098e-05
31309.999999999996 3.30873e-05
31320.0 3.1839e-05
31330.0 3.07718e-05
31340.0 2.9714e-05
31349.999999999996 3.27824e-05
31360.0 3.58544e-05
31370.0 3.77615e-05
31380.0 3.69453e-05
31389.999999999996 3.61329e-05
31400.0 3.43017e-05
31410.0 3.20384e-05
31420.0 2.97717e-05
31429.999999999996 3.33855e-05
31440.0 3.70004e-05
31450.0 3.63018e-05
31460.0 2.91256e-05
31469.999999999996 2.19505e-05
31480.0 1.7021e-05
31490.0 1.30557e-05
31500.0 1.01449e-05
31509.999999999996 1.67341e-05
31520.0 2.33218e-05
31530.0 2.7398e-05
31540.0 2.76912e-05
31549.999999999996 2.79871e-05
31560.0 2.46524e-05
31570.0 2.04044e-05
31580.0 1.65842e-05
31589.999999999996 1.66208e-05
31600.0 1.66557e-05
31610.0 1.65948e-05
31620.0 1.64345e-05
31629.999999999996 1.62758e-05
31640.0 1.21347e-05
31650.0 7.0012e-06
31660.0 2.38286e-06
31669.999999999996 2.42663e-06
31680.0 2.47012e-06
31690.0 2.20632e-06
31700.0 1.63457e-06
31710.0 1.06313e-06
31720.0 8.59475e-07
31730.0 7.47655e-07
31740.0 9.77855e-07
31750.0 2.57463e-06
31760.0 4.17182e-06
31770.0 4.43156e-06
31780.0 3.35249e-06
31790.0 2.27454e-06
31800.0 1.48467e-06
31810.0 7.26711e-07
31820.0 3.42935e-07
31830.0 1.45719e-06
31840.0 2.57108e-06
31850.0 5.11135e-06
31860.0 8.6013e-06
31870.0 1.2092e-05
31880.0 8.78851e-06
31890.0 4.73127e-06
31900.0 3.1354e-06
31910.0 7.28366e-06
31920.0 1.14313e-05
31930.0 1.34658e-05
31940.0 1.40863e-05
31950.0 1.47066e-05
31960.0 1.70255e-05
31970.0 1.93472e-05
31980.0 2.13902e-05
31990.0 2.27871e-05
32000.0 2.41841e-05
32010.0 1.96567e-05
32020.0 1.11903e-05
32030.0 2.72445e-06
32040.0 2.95729e-06
32050.0 3.18973e-06
32060.0 3.95178e-06
32070.0 5.94671e-06
32080.000000000004 7.94149e-06
32090.0 9.62699e-06
32100.0 1.11793e-05
32110.0 1.27332e-05
32120.000000000004 1.36116e-05
32130.0 1.44914e-05
32140.0 1.53862e-05
32150.0 1.63021e-05
32160.000000000004 1.72179e-05
32170.0 1.75076e-05
32180.0 1.75231e-05
32190.0 1.68923e-05
32200.000000000004 1.04239e-05
32210.0 3.95683e-06
32220.0 5.73365e-07
32230.0 1.81351e-06
32240.000000000004 3.05242e-06
32250.0 5.52135e-06
32260.0 8.29583e-06
32270.0 1.09915e-05
32280.000000000004 1.29772e-05
32290.0 1.49652e-05
32300.0 1.75253e-05
32310.0 2.06636e-05
32320.000000000004 2.38069e-05
32330.0 2.35171e-05
32340.0 2.23719e-05
32350.0 2.10486e-05
32360.000000000004 1.80524e-05
32370.0 1.50577e-05
32380.0 1.2698e-05
32390.0 1.09717e-05
32400.000000000004 9.24749e-06
32410.0 7.49637e-06
32420.0 5.73591e-06
32430.0 4.01206e-06
32440.000000000004 2.42971e-06
32450.0 8.47537e-07
32460.0 4.04004e-07
32470.0 1.09935e-06
32480.000000000004 1.79459e-06
32490.0 3.97668e-06
32500.0 6.322e-06
32510.0 7.59698e-06
32519.999999999996 4.58039e-06
32530.0 1.56439e-06
32540.0 2.80474e-07
32550.0 1.50255e-07
32559.999999999996 2.00646e-08
32570.0 0.0
32580.0 0.0
32590.0 0.0
32599.999999999996 0.0
32610.0 0.0
32620.0 0.0
32630.0 0.0
32639.999999999996 0.0
32650.0 0.0
32660.0 0.0
32670.0 9.4575e-09
32679.999999999996 1.75627e-08
32690.0 2.56661e-08
32700.0 2.12055e-06
32710.0 5.10887e-06
32719.999999999996 8.09791e-06
32730.0 8.46613e-06
32740.0 8.83612e-06
32750.0 9.36171e-06
32759.999999999996 1.02552e-05
32770.0 1.11475e-05
32780.0 1.13056e-05
32790.0 1.11454e-05
32800.0 1.09865e-05
32810.0 6.7981e-06
32820.0 2.61077e-06
32830.0 8.47555e-08
32840.0 5.0956e-08
32850.0 1.71572e-08
32860.0 0.0
32870.0 0.0
32880.0 0.0
32890.0 0.0
32900.0 0.0
32910.0 0.0
32920.0 0.0
32930.0 0.0
32940.0 0.0
32950.0 0.0
32960.0 0.0
32970.0 0.0
32980.0 0.0
32990.0 0.0
33000.0 0.0
33010.0 0.0
33020.0 0.0
33030.0 0.0
33040.0 2.42139e-07
33050.0 1.41871e-06
33060.0 2.59506e-06
33070.0 2.67372e-06
33080.0 1.65564e-06
33090.0 6.3805e-07
33100.0 3.02957e-07
33110.0 1.38494e-07
33120.0 0.0
33130.0 0.0
33140.0 0.0
33150.0 0.0
33160.0 0.0
33170.0 0.0
33180.0 0.0
33190.0 0.0
33200.0 0.0
33210.0 0.0
33220.0 0.0
33230.0 0.0
33240.0 0.0
33250.0 0.0
33260.0 0.0
33270.0 0.0
33280.0 0.0
33290.0 0.0
33300.0 0.0
33310.0 0.0
33320.0 0.0
33330.0 0.0
33340.0 0.0
33350.0 0.0
33360.0 0.0
33370.0 0.0
33380.0 0.0
33390.0 0.0
33400.0 0.0
33410.0 0.0
33420.0 0.0
33430.0 0.0
33440.0 0.0
33450.0 0.0
33460.0 0.0
33470.0 6.43183e-07
33480.0 1.55212e-06
33490.0 2.46063e-06
33500.0 1.51683e-06
33510.0 5.73205e-07
33520.0 0.0
33530.0 0.0
33540.0 0.0
33550.0 0.0
33560.0 0.0
33570.0 0.0
33580.0 0.0
33590.0 0.0
33600.0 0.0
33610.0 0.0
33620.0 0.0
33630.0 0.0
33640.0 0.0
33650.0 0.0
33660.0 0.0
33670.0 0.0
33680.0 0.0
33690.0 0.0
33700.0 0.0
33710.0 9.03839e-08
33720.0 1.94625e-07
33730.0 2.57953e-07
33740.0 1.57519e-07
33750.0 5.71324e-08
33760.0 0.0
33770.0 0.0
33780.0 0.0
33790.0 0.0
33800.0 0.0
33810.0 0.0
33820.0 0.0
33830.0 0.0
33840.0 0.0
33850.0 0.0
33860.0 0.0
33870.0 0.0
33880.0 0.0
33890.0 0.0
33900.0 0.0
33910.0 0.0
33920.0 0.0
33930.0 0.0
33940.0 0.0
33950.0 0.0
33960.0 0.0
33970.0 0.0
33980.0 0.0
33990.0 0.0
34000.0 0.0
34010.0 0.0
34020.0 0.0
34030.0 0.0
34040.0 0.0
34050.0 0.0
34060.0 0.0
34070.0 0.0
34080.0 0.0
34090.0 0.0
34100.0 0.0
34110.0 0.0
34120.0 0.0
34130.0 0.0
34140.0 0.0
34150.0 0.0
34160.0 0.0
34170.0 0.0
34180.0 0.0
34190.0 0.0
34200.0 0.0
34210.0 0.0
34220.0 0.0
34230.0 0.0
34240.0 0.0
34250.0 0.0
34260.0 0.0
34270.0 0.0
34280.0 0.0
34290.0 0.0
34300.0 0.0
34310.0 0.0
34320.0 0.0
34330.0 0.0
34340.0 0.0
34350.0 0.0
34360.0 0.0
34370.0 0.0
34380.0 0.0
34390.0 0.0
34400.0 0.0
34410.0 0.0
34420.0 0.0
34430.0 0.0
34440.0 0.0
34450.0 0.0
34460.0 0.0
34470.0 0.0
34480.0 0.0
34490.0 0.0
34500.0 0.0
34510.0 0.0
34520.0 0.0
34530.0 0.0
34540.0 0.0
34550.0 0.0
34560.0 0.0
34570.0 0.0
34580.0 0.0
34590.0 0.0
34600.0 0.0
34610.0 0.0
34620.0 0.0
34630.0 0.0
34640.0 0.0
34650.0 0.0
34660.0 0.0
34670.0 0.0
34680.0 0.0
34690.0 0.0
34700.0 0.0
34710.0 0.0
34720.0 0.0
34730.0 0.0
34740.0 0.0
34750.0 0.0
34760.0 0.0
34770.0 0.0
34780.0 0.0
34790.0 0.0
34800.0 0.0
34810.0 0.0
34820.0 0.0
34830.0 0.0
34840.0 0.0
34850.0 0.0
34860.0 0.0
34870.0 0.0
34880.0 0.0
34890.0 0.0
34900.0 0.0
34910.0 0.0
34920.0 0.0
34930.0 0.0
34940.0 0.0
34950.0 0.0
34960.0 0.0
34970.0 0.0
34980.0 0.0
34990.0 0.0
35000.0 0.0
35010.0 0.0
35020.0 0.0
35030.0 0.0
35040.0 0.0
35050.0 0.0
35060.0 0.0
35070.0 0.0
35080.0 0.0
35090.0 0.0
35100.0 0.0
35110.0 0.0
35120.0 0.0
35130.0 0.0
35140.0 0.0
35150.0 0.0
35160.0 0.0
35170.0 0.0
35180.0 0.0
35190.0 0.0
35200.0 0.0
35210.0 0.0
35220.0 0.0
35230.0 0.0
35240.0 0.0
35250.0 0.0
35260.0 0.0
35270.0 0.0
35280.0 0.0
35290.0 0.0
35300.0 0.0
35310.0 0.0
35320.0 0.0
35330.0 0.0
35340.0 0.0
35350.0 0.0
35360.0 0.0
35370.0 0.0
35380.0 0.0
35390.0 0.0
35400.0 0.0
35410.0 0.0
35420.0 0.0
35430.0 0.0
35440.0 0.0
35450.0 0.0
35460.0 0.0
35470.0 0.0
35480.0 0.0
35490.0 0.0
35500.0 0.0
35510.0 0.0
35520.0 0.0
35530.0 0.0
35540.0 0.0
35550.0 0.0
35560.0 0.0
35570.0 0.0
35580.0 0.0
35590.0 0.0
35600.0 0.0
35610.0 0.0
35620.0 0.0
35630.0 0.0
35640.0 1.03969e-08
35650.0 1.75295e-08
35660.0 2.46259e-08
35670.0 2.51482e-08
35680.0 1.58658e-08
35690.0 0.0
35700.0 0.0
35710.0 0.0
35720.0 0.0
35730.0 0.0
35740.0 0.0
35750.0 7.63818e-08
35760.0 2.19205e-07
35770.0 3.61337e-07
35780.0 2.77936e-07
35790.0 1.38844e-07
35800.0 2.62609e-08
35810.0 1.7581e-08
35820.0 8.9425e-09
35830.0 0.0
35840.0 0.0
35850.0 0.0
35860.0 0.0
35870.0 0.0
35880.0 0.0
35890.0 0.0
35900.0 0.0
35910.0 0.0
35920.0 0.0
35930.0 0.0
35940.0 0.0
35950.0 0.0
35960.0 0.0
35970.0 0.0
35980.0 0.0
35990.0 0.0
36000.0 0.0
36010.0 0.0
36020.0 0.0
36030.0 0.0
36040.0 0.0
36050.0 0.0
36060.0 0.0
36070.0 2.75636e-08
36080.0 6.60402e-08
36090.0 1.04327e-07
36100.0 1.34361e-06
36110.0 2.57708e-06
36120.0 3.04565e-06
36130.0 1.74723e-06
36140.0 4.54871e-07
36150.0 1.15118e-07
36160.0 1.81236e-07
36170.0 2.47024e-07
36180.0 6.77751e-07
36190.0 1.10619e-06
36200.0 1.16254e-06
36210.0 6.64485e-07
36220.0 1.69196e-07
36230.0 1.1465e-07
36240.0 2.47888e-07
36250.0 4.63454e-07
36260.0 1.42196e-06
36270.0 2.37577e-06
36280.0 2.92454e-06
36290.0 2.8723e-06
36300.0 2.82059e-06
36310.0 2.04618e-06
36320.0 9.70127e-07
36330.0 7.75852e-08
36340.0 7.69969e-07
36350.0 1.45719e-06
36360.0 1.63118e-06
36370.0 1.04318e-06
36380.0 4.59744e-07
36390.0 2.42202e-07
36400.0 1.16356e-07
36410.0 0.0
36420.0 0.0
36430.0 0.0
36440.0 0.0
36450.0 0.0
36460.0 0.0
36470.0 4.8909e-07
36480.0 1.0865e-06
36490.0 1.77035e-06
36500.0 2.81272e-06
36510.0 3.84646e-06
36520.0 3.86182e-06
36530.0 2.86977e-06
36540.0 1.88582e-06
36550.0 1.18883e-06
36560.0 5.28423e-07
36570.0 0.0
36580.0 0.0
36590.0 0.0
36600.0 0.0
36610.0 0.0
36620.0 0.0
36630.0 0.0
36640.0 0.0
36650.0 0.0
36660.0 0.0
36670.0 0.0
36680.0 0.0
36690.0 0.0
36700.0 0.0
36710.0 0.0
36720.0 0.0
36730.0 0.0
36740.0 0.0
36750.0 0.0
36760.0 0.0
36770.0 0.0
36780.0 0.0
36790.0 0.0
36800.0 0.0
36810.0 1.01622e-08
36820.0 2.16422e-08
36830.0 3.30177e-08
36840.0 4.41699e-07
36850.0 1.01607e-06
36860.0 1.5852e-06
36870.0 2.19333e-06
36880.0 2.79566e-06
36890.0 2.874e-06
36900.0 2.17723e-06
36910.0 1.4872e-06
36920.0 1.07075e-06
36930.0 7.72554e-07
36940.0 4.89534e-07
36950.0 3.19083e-07
36960.0 1.50226e-07
36970.0 4.24483e-08
36980.0 2.44426e-08
36990.0 0.0
37000.0 1.3008e-08
37010.0 2.53404e-08
37020.0 3.64401e-08
37030.0 3.73975e-08
37040.0 3.83449e-08
37050.0 3.332e-08
37060.0 1.94445e-08
37070.0 0.0
37080.0 0.0
37090.0 0.0
37100.0 0.0
37110.0 3.85752e-08
37120.0 7.06778e-08
37130.0 6.561e-07
37140.0 1.78734e-06
37150.0 2.90797e-06
37160.0 2.90792e-06
37170.0 2.63085e-06
37180.0 2.34354e-06
37190.0 2.00578e-06
37200.0 1.6708e-06
37210.0 1.73158e-06
37220.0 2.18217e-06
37230.0 2.62799e-06
37240.0 3.95885e-06
37250.0 5.37532e-06
37260.0 6.49128e-06
37270.0 6.45171e-06
37280.0 6.41419e-06
37290.0 6.10817e-06
37300.0 5.62569e-06
37310.0 5.1484e-06
37320.0 5.06908e-06
37330.0 5.0328e-06
37340.0 5.02349e-06
37350.0 5.07401e-06
37360.0 5.12275e-06
37370.0 5.37104e-06
37380.0 5.74806e-06
37390.0 6.12031e-06
37400.0 6.07209e-06
37410.0 5.97792e-06
37420.0 5.83985e-06
37430.0 5.59789e-06
37440.0 5.35995e-06
37450.0 5.02987e-06
37460.0 4.63947e-06
37470.0 4.25405e-06
37480.0 3.66474e-06
37490.0 3.08047e-06
37500.0 2.52826e-06
37510.0 2.0146e-06
37520.0 1.51719e-06
37530.0 1.02572e-06
37540.0 5.46811e-07
37550.0 8.50248e-08
37560.0 5.54372e-08
37570.0 2.6939e-08
37580.0 1.82792e-07
37590.0 6.01894e-07
37600.0 1.0033e-06
37610.0 1.32616e-06
37620.0 1.60984e-06
37630.0 1.92355e-06
37640.0 2.52144e-06
37650.0 3.11423e-06
37660.0 3.46446e-06
37670.0 3.45558e-06
37680.0 3.44667e-06
37690.0 3.67676e-06
37700.0 3.96576e-06
37710.0 4.28622e-06
37720.0 4.90828e-06
37730.0 5.52346e-06
37740.0 5.46899e-06
37750.0 4.41872e-06
37760.0 3.3769e-06
37770.0 2.22314e-06
37780.0 1.04958e-06
37790.0 0.0
37800.0 0.0
37810.0 0.0
37820.0 0.0
37830.0 0.0
37840.0 0.0
37850.0 2.2415e-07
37860.0 5.01405e-07
37870.0 8.27855e-07
37880.0 1.35263e-06
37890.0 1.87622e-06
37900.0 1.96406e-06
37910.0 1.61731e-06
37920.0 1.2711e-06
37930.0 1.45848e-06
37940.0 1.70485e-06
37950.0 1.94208e-06
37960.0 2.14397e-06
37970.0 2.34546e-06
37980.0 2.39873e-06
37990.0 2.35341e-06
38000.0 2.30818e-06
38010.0 2.21191e-06
38020.0 2.11045e-06
38030.0 2.0731e-06
38040.0 2.18479e-06
38050.0 2.29629e-06
38060.0 2.51853e-06
38070.0 2.8142e-06
38080.0 3.10933e-06
38090.0 3.23119e-06
38100.0 3.35241e-06
38110.0 3.43052e-06
38120.0 3.40799e-06
38130.0 3.38551e-06
38140.0 3.30625e-06
38150.0 3.18932e-06
38160.0 3.07264e-06
38170.0 3.00127e-06
38180.0 2.93002e-06
38190.0 3.01983e-06
38200.0 3.48249e-06
38210.0 3.94359e-06
38220.0 4.19719e-06
38230.0 4.36175e-06
38240.0 4.52594e-06
38250.0 3.22724e-06
38260.0 1.93156e-06
38270.0 9.84251e-07
38280.0 5.5646e-07
38290.0 1.29672e-07
38300.0 0.0
38310.0 0.0
38320.0 0.0
38330.0 0.0
38340.0 0.0
38350.0 5.11812e-08
38360.0 1.74693e-07
38370.0 2.97941e-07
38380.0 1.03067e-06
38390.0 1.9138e-06
38400.0 2.74526e-06
38410.0 3.12725e-06
38420.0 3.50805e-06
38430.0 3.39333e-06
38440.0 2.78303e-06
38450.0 2.17419e-06
38460.0 1.83212e-06
38470.0 1.55711e-06
38480.0 1.3283e-06
38490.0 1.50746e-06
38500.0 1.68621e-06
38510.0 2.06271e-06
38520.0 2.63675e-06
38530.0 3.20911e-06
38540.0 3.66772e-06
38550.0 4.09708e-06
38560.0 4.41209e-06
38570.0 4.27404e-06
38580.0 4.13498e-06
38590.0 3.93783e-06
38600.0 3.6828e-06
38610.0 3.42899e-06
38620.0 3.25304e-06
38630.0 3.08612e-06
38640.0 3.04165e-06
38650.0 3.48588e-06
38660.0 3.92851e-06
38670.0 4.21245e-06
38680.0 4.39059e-06
38690.0 4.56927e-06
38700.0 4.76838e-06
38710.0 4.96876e-06
38720.0 5.14869e-06
38730.0 5.2828e-06
38740.0 5.41558e-06
38750.0 5.37799e-06
38760.0 5.22732e-06
38770.0 5.07798e-06
38780.0 5.2554e-06
38790.0 5.43298e-06
38800.0 5.46625e-06
38810.0 5.1694e-06
38820.0 4.87179e-06
38830.0 4.59878e-06
38840.0 4.34262e-06
38850.0 4.08721e-06
38860.0 4.16943e-06
38870.0 4.25157e-06
38880.0 4.37377e-06
38890.0 4.59037e-06
38900.0 4.8064e-06
38910.0 5.00504e-06
38920.0 5.19632e-06
38930.0 5.38737e-06
38940.0 5.32255e-06
38950.0 5.25673e-06
38960.0 4.99446e-06
38970.0 4.4376e-06
38980.0 3.88233e-06
38990.0 3.83854e-06
39000.0 4.01284e-06
39010.0 4.16032e-06
39020.0 4.0706e-06
39030.0 3.98097e-06
39040.0 3.88016e-06
39050.0 3.76373e-06
39060.0 3.64622e-06
39070.0 3.29571e-06
39080.0 2.8875e-06
39090.0 2.51605e-06
39100.0 2.47037e-06
39110.0 2.42513e-06
39120.0 2.57905e-06
39130.0 2.93117e-06
39140.0 3.28276e-06
39150.0 3.58989e-06
39160.0 3.88564e-06
39170.0 4.07854e-06
39180.0 3.85944e-06
39190.0 3.64019e-06
39200.0 3.46878e-06
39210.0 3.34369e-06
39220.0 3.21911e-06
39230.0 3.11171e-06
39240.0 3.00883e-06
39250.0 2.97249e-06
39260.0 3.20242e-06
39270.0 3.43168e-06
39280.0 3.37197e-06
39290.0 3.02446e-06
39300.0 2.67663e-06
39310.0 2.48297e-06
39320.0 2.30629e-06
39330.0 2.1304e-06
39340.0 1.9572e-06
39350.0 1.78441e-06
39360.0 1.34556e-06
39370.0 7.3015e-07
39380.0 1.15476e-07
39390.0 3.58276e-08
39400.0 1.56767e-08
39410.0 0.0
39420.0 0.0
39430.0 0.0
39440.0 0.0
39450.0 0.0
39460.0 0.0
39470.0 0.0
39480.0 0.0
39490.0 0.0
39500.0 0.0
39510.0 0.0
39520.0 6.36195e-08
39530.0 1.52219e-07
39540.0 2.40675e-07
39550.0 6.38175e-07
39560.0 1.03537e-06
39570.0 1.16529e-06
39580.0 6.73949e-07
39590.0 1.83145e-07
39600.0 2.71078e-08
39610.0 1.43335e-08
39620.0 0.0
39630.0 0.0
39640.0 0.0
39650.0 0.0
39660.0 0.0
39670.0 0.0
39680.0 2.33888e-07
39690.0 5.61163e-07
39700.0 8.38299e-07
39710.0 6.68659e-07
39720.0 4.99223e-07
39730.0 3.37051e-07
39740.0 1.85952e-07
39750.0 3.48791e-08
39760.0 0.0
39770.0 0.0
39780.0 0.0
39790.0 0.0
39800.0 0.0
39810.0 0.0
39820.0 0.0
39830.0 0.0
39840.0 0.0
39850.0 0.0
39860.0 0.0
39870.0 0.0
39880.0 0.0
39890.0 3.22621e-07
39900.0 9.61196e-07
39910.0 1.59919e-06
39920.0 1.64538e-06
39930.0 1.54355e-06
39940.0 1.51785e-06
39950.0 1.7958e-06
39960.0 2.07355e-06
39970.0 2.39369e-06
39980.0 2.7557e-06
39990.0 3.11748e-06
40000.0 3.52984e-06
40010.0 3.94784e-06
40020.0 4.36925e-06
40030.0 4.80889e-06
40039.99999999999 5.24783e-06
40050.0 5.42823e-06
40060.0 5.43586e-06
40070.0 5.44349e-06
40080.0 5.27974e-06
40090.0 5.09643e-06
40100.0 5.11405e-06
40110.0 5.59976e-06
40119.99999999999 6.08443e-06
40130.0 6.24536e-06
40140.0 6.19177e-06
40150.0 6.13752e-06
40160.0 6.27586e-06
40170.0 6.41345e-06
40180.0 6.63475e-06
40190.0 7.04748e-06
40199.99999999999 7.45909e-06
40210.0 7.99112e-06
40220.0 8.57537e-06
40230.0 9.15807e-06
40240.0 9.82416e-06
40250.0 1.04903e-05
40260.0 1.10089e-05
40270.0 1.11877e-05
40279.99999999999 1.13651e-05
40290.0 1.11817e-05
40300.0 1.08448e-05
40310.0 1.05074e-05
40320.0 1.03546e-05
40330.0 1.0203e-05
40340.0 1.00788e-05
40350.0 9.9971e-06
40359.99999999999 9.91755e-06
40370.0 9.99894e-06
40380.0 1.01501e-05
40390.0 1.0321e-05
40400.0 1.06591e-05
40410.00000000001 1.09966e-05
40420.0 1.11435e-05
40430.0 1.10011e-05
40439.99999999999 1.0859e-05
40450.0 1.04686e-05
40460.0 1.00151e-05
40470.0 9.53501e-06
40480.0 8.8141e-06
40490.00000000001 8.09294e-06
40500.0 7.63186e-06
40510.0 7.43178e-06
40519.99999999999 7.23104e-06
40530.0 7.35316e-06
40540.0 7.55654e-06
40550.0 7.75839e-06
40560.0 7.95027e-06
40570.00000000001 8.14279e-06
40580.0 8.05335e-06
40590.0 7.68355e-06
40599.99999999999 7.31411e-06
40610.0 7.26071e-06
40620.0 7.24156e-06
40630.0 7.2242e-06
40640.0 7.21477e-06
40650.00000000001 7.20456e-06
40660.0 7.28643e-06
40670.0 7.46017e-06
40679.99999999999 7.63381e-06
40690.0 7.8068e-06
40700.0 7.97965e-06
40710.0 8.13578e-06
40720.0 8.22522e-06
40730.00000000001 8.31448e-06
40740.0 8.41734e-06
40750.0 8.53014e-06
40759.99999999999 8.64187e-06
40770.0 8.49539e-06
40780.0 8.32069e-06
40790.0 8.06508e-06
40800.0 7.61761e-06
40810.00000000001 7.1709e-06
40820.0 6.85759e-06
40830.0 6.63385e-06
40839.99999999999 6.40982e-06
40850.0 6.0095e-06
40860.0 5.60856e-06
40870.0 5.15674e-06
40880.0 4.5834e-06
40890.00000000001 4.01081e-06
40900.0 3.69018e-06
40910.0 3.47742e-06
40920.0 3.2654e-06
40930.0 3.35335e-06
40940.0 3.44116e-06
40950.0 3.44986e-06
40960.0 3.34067e-06
40970.00000000001 3.2314e-06
40980.0 2.98552e-06
40990.0 2.68183e-06
41000.0 2.37841e-06
41010.0 2.29731e-06
41020.0 2.21632e-06
41030.0 2.38715e-06
41040.0 2.93465e-06
41050.00000000001 3.48069e-06
41060.0 4.139e-06
41070.0 4.84462e-06
41080.0 5.42214e-06
41090.0 4.85975e-06
41100.0 4.29911e-06
41110.0 3.83755e-06
41120.0 3.52263e-06
41130.00000000001 3.20828e-06
41140.0 3.08891e-06
41150.0 3.0184e-06
41160.0 2.96274e-06
41170.0 3.04027e-06
41180.0 3.11705e-06
41190.0 3.25837e-06
41200.0 3.46448e-06
41210.00000000001 3.66988e-06
41220.0 3.84971e-06
41230.0 4.02361e-06
41240.0 4.17285e-06
41250.0 4.22778e-06
41260.0 4.2826e-06
41270.0 4.37487e-06
41280.0 4.50543e-06
41289.99999999999 4.63494e-06
41300.0 4.79668e-06
41310.0 4.96175e-06
41320.0 5.07335e-06
41330.0 4.97269e-06
41340.0 4.87318e-06
41350.0 4.76742e-06
41360.0 4.65651e-06
41369.99999999999 4.54579e-06
41380.0 4.41808e-06
41390.0 4.28955e-06
41400.0 4.1848e-06
41410.0 4.17769e-06
41420.0 4.17058e-06
41430.0 4.13637e-06
41440.0 4.08419e-06
41449.99999999999 4.03291e-06
41460.0 3.65181e-06
41470.0 3.23482e-06
41480.0 2.74524e-06
41490.0 2.08476e-06
41500.0 1.42613e-06
41510.0 1.17892e-06
41520.0 1.20521e-06
41529.99999999999 1.23144e-06
41540.0 1.53749e-06
41550.0 1.84313e-06
41560.0 2.20513e-06
41570.0 2.69813e-06
41580.0 3.18987e-06
41590.0 3.31146e-06
41600.0 3.27462e-06
41609.99999999999 3.23778e-06
41620.0 2.99402e-06
41630.0 2.75018e-06
41640.0 2.7074e-06
41650.0 2.9652e-06
41660.00000000001 3.22254e-06
41670.0 3.41977e-06
41680.0 3.59246e-06
41689.99999999999 3.76403e-06
41700.0 3.57741e-06
41710.0 3.39115e-06
41720.0 3.19801e-06
41730.0 2.99438e-06
41740.00000000001 2.79081e-06
41750.0 2.68786e-06
41760.0 2.62711e-06
41769.99999999999 2.60501e-06
41780.0 2.92887e-06
41790.0 3.25212e-06
41800.0 3.70427e-06
41810.0 4.35125e-06
41820.00000000001 4.99772e-06
41830.0 5.5953e-06
41840.0 6.18006e-06
41849.99999999999 6.67912e-06
41860.0 6.42541e-06
41870.0 6.17216e-06
41880.0 5.87062e-06
41890.0 5.52057e-06
41900.00000000001 5.17183e-06
41910.0 4.68662e-06
41920.0 4.1692e-06
41929.99999999999 3.70414e-06
41940.0 3.44083e-06
41950.0 3.17888e-06
41960.0 3.13349e-06
41970.0 3.30296e-06
41980.00000000001 3.4713e-06
41990.0 3.30628e-06
42000.0 3.10494e-06
42009.99999999999 2.93086e-06
42020.0 2.86505e-06
42030.0 2.79949e-06
42040.0 2.8996e-06
42050.0 3.10896e-06
42060.00000000001 3.31774e-06
42070.0 3.77139e-06
42080.0 4.25011e-06
42089.99999999999 4.62879e-06
42100.0 4.6148e-06
42110.0 4.60043e-06
42120.0 4.81126e-06
42130.0 5.17065e-06
42140.00000000001 5.52861e-06
42150.0 5.71971e-06
42160.0 5.89239e-06
42170.0 5.98808e-06
42180.0 5.90725e-06
42190.0 5.82738e-06
42200.0 5.66302e-06
42210.0 5.44223e-06
42220.00000000001 5.2231e-06
42230.0 4.91261e-06
42240.0 4.60402e-06
42250.0 4.2733e-06
42260.0 3.88896e-06
42270.0 3.50658e-06
42280.0 3.03996e-06
42290.0 2.53838e-06
42300.00000000001 2.03934e-06
42310.0 1.64706e-06
42320.0 1.25638e-06
42330.0 1.01751e-06
42340.0 1.00421e-06
42350.0 9.91085e-07
42360.0 1.34491e-06
42370.0 1.85367e-06
42380.00000000001 2.34653e-06
42390.0 2.71393e-06
42400.0 3.07989e-06
42410.0 3.10238e-06
42420.0 2.61284e-06
42430.0 2.1259e-06
42440.0 1.56893e-06
42450.0 9.83972e-07
42460.00000000001 4.43027e-07
42470.0 2.74641e-07
42480.0 1.07172e-07
42490.0 0.0
42500.0 0.0
42510.0 0.0
42520.0 0.0
42530.0 0.0
42539.99999999999 7.42053e-08
42550.0 7.55216e-07
42560.0 1.43278e-06
42570.0 1.86275e-06
42580.0 2.04704e-06
42590.0 2.23017e-06
42600.0 2.50471e-06
42610.0 2.80054e-06
42619.99999999999 3.12188e-06
42630.0 3.5506e-06
42640.0 3.97757e-06
42650.0 4.32817e-06
42660.0 4.60382e-06
42670.0 4.87821e-06
42680.0 4.74354e-06
42690.0 4.56484e-06
42699.99999999999 4.27386e-06
42710.0 3.51685e-06
42720.0 2.77109e-06
42730.0 2.18737e-06
42740.0 1.71184e-06
42750.0 1.24362e-06
42760.0 1.02062e-06
42770.0 8.27238e-07
42779.99999999999 7.10737e-07
42790.0 8.8761e-07
42800.0 1.06152e-06
42810.0 1.05033e-06
42820.0 9.19391e-07
42830.0 7.90587e-07
42840.0 7.11652e-07
42850.0 6.39364e-07
42859.99999999999 6.38347e-07
42870.0 7.99984e-07
42880.0 9.58073e-07
42890.0 1.17834e-06
42900.0 1.43713e-06
42910.00000000001 1.6907e-06
42920.0 1.85642e-06
42930.0 2.01852e-06
42939.99999999999 2.1334e-06
42950.0 2.14404e-06
42960.0 2.15429e-06
42970.0 2.07112e-06
42980.0 1.9496e-06
42990.00000000001 1.83037e-06
43000.0 1.91982e-06
43010.0 1.96522e-06
43019.99999999999 1.94157e-06
43030.0 1.82552e-06
43040.0 1.71302e-06
43050.0 1.56853e-06
43060.0 1.41571e-06
43070.00000000001 1.27326e-06
43080.0 1.16544e-06
43090.0 1.06235e-06
43099.99999999999 1.02095e-06
43110.0 1.05421e-06
43120.0 1.07817e-06
43130.0 1.04599e-06
43140.0 9.91381e-07
43150.00000000001 9.34108e-07
43160.0 8.63618e-07
43170.0 7.94012e-07
43179.99999999999 7.54727e-07
43190.0 7.5154e-07
43200.0 7.366e-07
43210.0 7.25627e-07
43220.0 7.02585e-07
43230.00000000001 6.8093e-07
43240.0 6.7001e-07
43250.0 6.58756e-07
43259.99999999999 6.52685e-07
43270.0 6.51489e-07
43280.0 6.4927e-07
43290.0 6.38671e-07
43300.0 6.2575e-07
43310.00000000001 6.14698e-07
43320.0 6.12269e-07
43330.0 6.08705e-07
43339.99999999999 5.93016e-07
43350.0 5.66507e-07
43360.0 5.40408e-07
43370.0 4.87588e-07
43380.0 4.34328e-07
43390.00000000001 3.75966e-07
43400.0 2.90686e-07
43410.0 2.11508e-07
43420.0 1.88907e-07
43430.0 1.99415e-07
43440.0 2.07877e-07
43450.0 2.33015e-07
43460.0 2.55945e-07
43470.00000000001 2.6492e-07
43480.0 2.49963e-07
43490.0 2.34662e-07
43500.0 2.16953e-07
43510.0 2.15284e-07
43520.0 2.13615e-07
43530.0 2.1791e-07
43540.0 2.22887e-07
43550.00000000001 2.2721e-07
43560.0 2.30012e-07
43570.0 2.32786e-07
43580.0 2.22845e-07
43590.0 2.04417e-07
43600.0 1.86017e-07
43610.0 1.55021e-07
43620.0 1.24062e-07
43630.00000000001 9.75364e-08
43640.0 8.13591e-08
43650.0 6.51807e-08
43660.0 5.65683e-08
43670.0 5.12013e-08
43680.0 4.58406e-08
43690.0 7.00392e-08
43700.0 9.42252e-08
43710.00000000001 1.15901e-07
43720.0 1.33776e-07
43730.0 1.5164e-07
43740.0 1.65617e-07
43750.0 1.7793e-07
43760.0 1.91265e-07
43770.0 2.13792e-07
43780.0 2.36315e-07
43789.99999999999 2.51722e-07
43800.0 2.56402e-07
43810.0 2.61116e-07
43820.0 2.53437e-07
43830.0 2.42655e-07
43840.0 2.31228e-07
43850.0 2.13502e-07
43860.0 1.95787e-07
43869.99999999999 1.83442e-07
43880.0 1.79144e-07
43890.0 1.74847e-07
43900.0 1.86468e-07
43910.0 2.02073e-07
43920.0 2.18877e-07
43930.0 2.46409e-07
43940.0 2.73936e-07
43949.99999999999 2.99438e-07
43960.0 3.22848e-07
43970.0 3.46255e-07
43980.0 3.4874e-07
43990.0 3.46019e-07
44000.0 3.43125e-07
44010.0 3.39669e-07
44020.0 3.36214e-07
44029.99999999999 3.31491e-07
44040.0 3.25366e-07
44050.0 3.19277e-07
44060.0 2.84843e-07
44070.0 2.47282e-07
44080.0 2.08939e-07
44090.0 1.67467e-07
44100.0 1.25984e-07
44109.99999999999 9.30069e-08
44120.0 6.56799e-08
44130.0 3.83515e-08
44140.0 2.50841e-08
44150.0 1.3383e-08
44160.00000000001 0.0
44170.0 1.52742e-08
44180.0 2.30308e-08
44189.99999999999 4.34066e-08
44200.0 7.21896e-08
44210.0 1.00983e-07
44220.0 1.15924e-07
44230.0 1.29322e-07
44240.00000000001 1.3262e-07
44250.0 1.12247e-07
44260.0 9.18753e-08
44269.99999999999 8.74131e-08
44280.0 9.35229e-08
44290.0 9.96519e-08
44300.0 1.2615e-07
44310.0 1.52638e-07
44320.00000000001 1.71607e-07
44330.0 1.73032e-07
44340.0 1.74438e-07
44349.99999999999 1.72963e-07
44360.0 1.70226e-07
44370.0 1.6749e-07
44380.0 1.65999e-07
44390.0 1.6454e-07
44400.00000000001 1.65452e-07
44410.0 1.69954e-07
44420.0 1.74455e-07
44429.99999999999 1.62241e-07
44440.0 1.42839e-07
44450.0 1.2414e-07
44460.0 1.11558e-07
44470.0 9.89904e-08
44480.00000000001 8.87791e-08
44490.0 8.21287e-08
44500.0 7.54845e-08
44509.99999999999 9.26357e-08
44520.0 1.15732e-07
44530.0 1.38935e-07
44540.0 1.63076e-07
44550.0 1.87195e-07
44560.00000000001 2.04972e-07
44570.0 2.16356e-07
44580.0 2.27769e-07
44589.99999999999 2.15938e-07
44600.0 1.98357e-07
44610.0 1.82114e-07
44620.0 1.78011e-07
44630.0 1.73931e-07
44640.00000000001 1.73152e-07
44650.0 1.75718e-07
44660.0 1.78284e-07
44670.0 1.83949e-07
44680.0 1.90435e-07
44690.0 1.96744e-07
44700.0 2.02399e-07
44710.0 2.08073e-07
44720.00000000001 2.10035e-07
44730.0 2.08292e-07
44740.0 2.06526e-07
44750.0 1.92656e-07
44760.0 1.77437e-07
44770.0 1.68144e-07
44780.0 1.82438e-07
44790.0 1.96752e-07
44800.00000000001 2.15596e-07
44810.0 2.37463e-07
44820.0 2.59299e-07
44830.0 2.85198e-07
44840.0 3.11561e-07
44850.0 3.23817e-07
44860.0 3.03178e-07
44870.0 2.82505e-07
44880.00000000001 2.69048e-07
44890.0 2.60473e-07
44900.0 2.51898e-07
44910.0 2.56745e-07
44920.0 2.61565e-07
44930.0 2.61748e-07
44940.0 2.51079e-07
44950.0 2.40441e-07
44960.00000000001 2.27329e-07
44970.0 2.12638e-07
44980.0 1.97953e-07
44990.0 1.77347e-07
45000.0 1.56741e-07
45010.0 1.29082e-07
45020.0 8.50543e-08
45030.0 4.10244e-08
45039.99999999999 2.10672e-08
45050.0 1.14389e-08
45060.0 0.0
45070.0 0.0
45080.0 0.0
45090.0 0.0
45100.0 0.0
45110.0 1.27431e-08
45119.99999999999 3.62743e-08
45130.0 6.7613e-08
45140.0 9.75526e-08
45150.0 1.14804e-07
45160.0 1.32076e-07
45170.0 1.48914e-07
45180.0 1.6508e-07
45190.0 1.81277e-07
45199.99999999999 1.90142e-07
45210.0 1.97212e-07
45220.0 2.03945e-07
45230.0 2.08084e-07
45240.0 2.12201e-07
45250.0 2.2151e-07
45260.0 2.36071e-07
45270.0 2.50605e-07
45279.99999999999 2.35469e-07
45290.0 2.12846e-07
45300.0 1.8914e-07
45310.0 1.55132e-07
45320.0 1.21161e-07
45330.0 9.0809e-08
45340.0 6.41346e-08
45350.0 3.74523e-08
45359.99999999999 3.75213e-08
45370.0 4.42766e-08
45380.0 5.47134e-08
45390.0 7.98076e-08
45400.0 1.04919e-07
45410.00000000001 1.20757e-07
45420.0 1.2733e-07
45430.0 1.33879e-07
45439.99999999999 1.41299e-07
45450.0 1.48785e-07
45460.0 1.55623e-07
45470.0 1.59732e-07
45480.0 1.63871e-07
45490.00000000001 1.58991e-07
45500.0 1.48113e-07
45510.0 1.37199e-07
45519.99999999999 1.38461e-07
45530.0 1.41026e-07
45540.0 1.44987e-07
45550.0 1.52121e-07
45560.0 1.59273e-07
45570.00000000001 1.64358e-07
45580.0 1.68116e-07
45590.0 1.71929e-07
45599.99999999999 1.69775e-07
45610.0 1.67652e-07
45620.0 1.64941e-07
45630.0 1.60885e-07
45640.0 1.56833e-07
45650.00000000001 1.53555e-07
45660.0 1.50751e-07
45670.0 1.47996e-07
45679.99999999999 1.47756e-07
45690.0 1.4753e-07
45700.0 1.48638e-07
45710.0 1.52867e-07
45720.0 1.57116e-07
45730.00000000001 1.7693e-07
45740.0 2.03469e-07
45750.0 2.29967e-07
45759.99999999999 2.43912e-07
45770.0 2.57799e-07
45780.0 2.65661e-07
45790.0 2.6428e-07
45800.0 2.62985e-07
45810.00000000001 2.47467e-07
45820.0 2.25951e-07
45830.0 2.04008e-07
45839.99999999999 1.78328e-07
45850.0 1.52708e-07
45860.0 1.28904e-07
45870.0 1.07936e-07
45880.0 8.69538e-08
45890.00000000001 7.97254e-08
45900.0 7.5964e-08
45910.0 7.28442e-08
45920.0 7.56557e-08
45930.0 7.84588e-08
45940.0 8.50685e-08
45950.0 9.5503e-08
45960.0 1.05954e-07
45970.00000000001 1.22875e-07
45980.0 1.41473e-07
45990.0 1.58459e-07
46000.0 1.69091e-07
46010.0 1.79669e-07
46020.0 1.82494e-07
46030.0 1.77489e-07
46040.0 1.72484e-07
46050.00000000001 1.6641e-07
46060.0 1.60045e-07
46070.0 1.56124e-07
46080.0 1.62036e-07
46090.0 1.6797e-07
46100.0 1.89121e-07
46110.0 2.25523e-07
46120.0 2.61904e-07
46130.00000000001 2.64459e-07
46140.0 2.63214e-07
46150.0 2.60646e-07
46160.0 2.52892e-07
46170.0 2.45169e-07
46180.0 2.41688e-07
46190.0 2.41078e-07
46200.0 2.40441e-07
46210.00000000001 2.47744e-07
46220.0 2.55905e-07
46230.0 2.65667e-07
46240.0 2.79166e-07
46250.0 2.92698e-07
46260.0 3.11972e-07
46270.0 3.35138e-07
46280.0 3.58266e-07
46289.99999999999 3.70566e-07
46300.0 3.82858e-07
46310.0 3.91348e-07
46320.0 3.90901e-07
46330.0 3.90499e-07
46340.0 3.49454e-07
46350.0 2.91022e-07
46360.0 2.3258e-07
46369.99999999999 2.10891e-07
46380.0 1.89176e-07
46390.0 1.72774e-07
46400.0 1.68785e-07
46410.0 1.64773e-07
46420.0 1.75304e-07
46430.0 1.92027e-07
46440.0 2.08771e-07
46449.99999999999 2.25979e-07
46460.0 2.43214e-07
46470.0 2.56296e-07
46480.0 2.6321e-07
46490.0 2.70098e-07
46500.0 2.66483e-07
46510.0 2.58341e-07
46520.0 2.5006e-07
46529.99999999999 2.40246e-07
46540.0 2.30505e-07
46550.0 2.21933e-07
46560.0 2.1524e-07
46570.0 2.08572e-07
46580.0 2.09172e-07
46590.0 2.11622e-07
46600.0 2.14601e-07
46609.99999999999 2.22569e-07
46620.0 2.30515e-07
46630.0 2.38898e-07
46640.0 2.47669e-07
46650.0 2.56517e-07
46660.00000000001 2.61577e-07
46670.0 2.6567e-07
46680.0 2.68614e-07
46689.99999999999 2.66808e-07
46700.0 2.65034e-07
46710.0 2.527e-07
46720.0 2.29841e-07
46730.0 2.07005e-07
46740.00000000001 1.82085e-07
46750.0 1.56605e-07
46760.0 1.31549e-07
46769.99999999999 1.08227e-07
46780.0 8.49152e-08
46790.0 5.97511e-08
46800.0 3.27501e-08
46810.0 0.0
46820.00000000001 0.0
46830.0 0.0
46840.0 0.0
46849.99999999999 0.0
46860.0 0.0
46870.0 1.63589e-08
46880.0 3.39177e-08
46890.0 5.14744e-08
46900.00000000001 7.88165e-08
46910.0 1.07261e-07
46920.0 1.28224e-07
46929.99999999999 1.31749e-07
46940.0 1.3529e-07
46950.0 1.39695e-07
46960.0 1.44683e-07
46970.0 1.49717e-07
46980.00000000001 1.64013e-07
46990.0 1.78309e-07
47000.0 1.93095e-07
47009.99999999999 2.08962e-07
47020.0 2.24819e-07
47030.0 2.42478e-07
47040.0 2.60903e-07
47050.0 2.79297e-07
47060.00000000001 3.10377e-07
47070.0 3.41564e-07
47080.0 3.66462e-07
47089.99999999999 3.76873e-07
47100.0 3.87283e-07
47110.0 3.80132e-07
47120.0 3.6539e-07
47130.0 3.50648e-07
47140.00000000001 3.30941e-07
47150.0 3.1128e-07
47160.0 2.94282e-07
47170.0 2.81183e-07
47180.0 2.68085e-07
47190.0 2.61946e-07
47200.0 2.58745e-07
47210.0 2.55242e-07
47220.00000000001 2.49108e-07
47230.0 2.42975e-07
47240.0 2.36206e-07
47250.0 2.28399e-07
47260.0 2.20545e-07
47270.0 2.08219e-07
47280.0 1.94782e-07
47290.0 1.8208e-07
47300.00000000001 1.7599e-07
47310.0 1.69884e-07
47320.0 1.67861e-07
47330.0 1.69924e-07
47340.0 1.72023e-07
47350.0 1.76453e-07
47360.0 1.81472e-07
47370.0 1.85719e-07
47380.00000000001 1.86777e-07
47390.0 1.87835e-07
47400.0 1.7792e-07
47410.0 1.57015e-07
47420.0 1.36149e-07
47430.0 1.40723e-07
47440.0 1.48117e-07
47450.0 1.62747e-07
47460.00000000001 2.06262e-07
47470.0 2.49796e-07
47480.0 2.85006e-07
47490.0 3.11958e-07
47500.0 3.38875e-07
47510.0 3.56011e-07
47520.0 3.71981e-07
47530.0 3.82292e-07
47539.99999999999 3.69942e-07
47550.0 3.57599e-07
47560.0 3.44126e-07
47570.0 3.29901e-07
47580.0 3.15677e-07
47590.0 3.00648e-07
47600.0 2.85524e-07
47610.0 2.7551e-07
47619.99999999999 2.77228e-07
47630.0 2.78946e-07
47640.0 2.8259e-07
47650.0 2.87439e-07
47660.0 2.9232e-07
47670.0 3.0271e-07
47680.0 3.13095e-07
47690.0 3.16862e-07
47699.99999999999 3.05184e-07
47710.0 2.93574e-07
47720.0 2.76734e-07
47730.0 2.57682e-07
47740.0 2.38621e-07
47750.0 2.63191e-07
47760.0 2.87724e-07
47770.0 3.08187e-07
47779.99999999999 3.22498e-07
47790.0 3.36809e-07
47800.0 3.32763e-07
47810.0 3.20856e-07
47820.0 3.0895e-07
47830.0 2.85821e-07
47840.0 2.62782e-07
47850.0 2.40429e-07
47859.99999999999 2.1919e-07
47870.0 1.97943e-07
47880.0 1.94692e-07
47890.0 1.99162e-07
47900.0 2.03758e-07
47910.00000000001 2.0949e-07
47920.0 2.15195e-07
47930.0 2.22189e-07
47939.99999999999 2.31072e-07
47950.0 2.39979e-07
47960.0 2.52604e-07
47970.0 2.66201e-07
47980.0 2.80254e-07
47990.00000000001 2.98434e-07
48000.0 3.16584e-07
48010.0 3.17936e-07
48019.99999999999 3.02489e-07
48030.0 2.87011e-07
48040.0 2.79891e-07
48050.0 2.74858e-07
48060.0 2.73619e-07
48070.00000000001 2.87707e-07
48080.0 3.01791e-07
48090.0 3.17368e-07
48099.99999999999 3.34507e-07
48110.0 3.51646e-07
48120.0 3.70533e-07
48130.0 3.89707e-07
48140.0 4.09919e-07
48150.00000000001 4.34558e-07
48160.0 4.59099e-07
48170.0 4.80717e-07
48179.99999999999 4.99433e-07
48190.0 5.18084e-07
48200.0 5.1376e-07
48210.0 5.06884e-07
48220.0 4.97222e-07
48230.00000000001 4.76726e-07
48240.0 4.56178e-07
48250.0 4.32967e-07
48259.99999999999 4.07883e-07
48270.0 3.82865e-07
48280.0 3.73931e-07
48290.0 3.66763e-07
48300.0 3.59418e-07
48310.00000000001 3.5162e-07
48320.0 3.43782e-07
48330.0 3.30132e-07
48339.99999999999 3.12555e-07
48350.0 2.9502e-07
48360.0 3.01278e-07
48370.0 3.07533e-07
48380.0 3.21979e-07
48390.00000000001 3.55401e-07
48400.0 3.88903e-07
48410.0 4.15667e-07
48420.0 4.39565e-07
48430.0 4.63507e-07
48440.0 4.86368e-07
48450.0 5.09278e-07
48460.0 5.28148e-07
48470.00000000001 5.41026e-07
48480.0 5.53963e-07
48490.0 5.56666e-07
48500.0 5.55257e-07
48510.0 5.51858e-07
48520.0 5.29701e-07
48530.0 5.07562e-07
48540.0 4.86835e-07
48550.00000000001 4.68076e-07
48560.0 4.49326e-07
48570.0 4.31815e-07
48580.0 4.14682e-07
48590.0 4.02379e-07
48600.0 4.32715e-07
48610.0 4.63091e-07
48620.0 4.9206e-07
48630.00000000001 5.19001e-07
48640.0 5.45931e-07
48650.0 5.45101e-07
48660.0 5.37239e-07
48670.0 5.30081e-07
48680.0 5.3026e-07
48690.0 5.30499e-07
48700.0 5.34213e-07
48710.00000000001 5.41458e-07
48720.0 5.48704e-07
48730.0 5.48864e-07
48740.0 5.47318e-07
48750.0 5.44969e-07
48760.0 5.39505e-07
48770.0 5.34208e-07
48780.0 5.19528e-07
48789.99999999999 4.9545e-07
48800.0 4.71394e-07
48810.0 4.57094e-07
48820.0 4.43822e-07
48830.0 4.33394e-07
48840.0 4.34301e-07
48850.0 4.35208e-07
48860.0 4.34045e-07
48869.99999999999 4.31415e-07
48880.0 4.28876e-07
48890.0 4.24507e-07
48900.0 4.19935e-07
48910.0 4.15759e-07
48920.0 4.13204e-07
48930.0 4.10604e-07
48940.0 4.10303e-07
48949.99999999999 4.1153e-07
48960.0 4.12758e-07
48970.0 4.3601e-07
48980.0 4.61704e-07
48990.0 4.85958e-07
49000.0 5.06829e-07
49010.0 5.27675e-07
49020.0 5.42567e-07
49029.99999999999 5.53489e-07
49040.0 5.64405e-07
49050.0 5.62001e-07
49060.0 5.59485e-07
49070.0 5.54861e-07
49080.0 5.45264e-07
49090.0 5.35671e-07
49100.0 5.37305e-07
49109.99999999999 5.43762e-07
49120.0 5.50218e-07
49130.0 5.5615e-07
49140.0 5.6208e-07
49150.0 5.61364e-07
49160.00000000001 5.50693e-07
49170.0 5.40025e-07
49180.0 5.38688e-07
49189.99999999999 5.4128e-07
49200.0 5.46252e-07
49210.0 5.70938e-07
49220.0 5.95612e-07
49230.0 6.1193e-07
49240.00000000001 6.15705e-07
49250.0 6.19479e-07
49260.0 6.13577e-07
49269.99999999999 6.03647e-07
49280.0 5.89231e-07
49290.0 5.34474e-07
49300.0 4.79742e-07
49310.0 4.28719e-07
49320.00000000001 3.83435e-07
49330.0 3.38174e-07
49340.0 3.1698e-07
49349.99999999999 3.01815e-07
49360.0 2.87072e-07
49370.0 2.76382e-07
49380.0 2.65693e-07
49390.0 2.58579e-07
49400.00000000001 2.55002e-07
49410.0 2.51458e-07
49420.0 2.63818e-07
49429.99999999999 2.80155e-07
49440.0 3.01179e-07
49450.0 3.41186e-07
49460.0 3.81154e-07
49470.0 4.09785e-07
49480.00000000001 4.27191e-07
49490.0 4.4459e-07
49500.0 4.53445e-07
49509.99999999999 4.61409e-07
49520.0 4.63965e-07
49530.0 4.45003e-07
49540.0 4.26011e-07
49550.0 4.11487e-07
49560.00000000001 3.99897e-07
49570.0 3.88361e-07
49580.0 3.94346e-07
49589.99999999999 4.02226e-07
49600.0 4.11053e-07
49610.0 4.23436e-07
49620.0 4.35862e-07
49630.0 4.51805e-07
49640.00000000001 4.70044e-07
49650.0 4.88319e-07
49660.0 4.96366e-07
49670.0 5.03336e-07
49680.0 5.07946e-07
49690.0 5.07048e-07
49700.0 5.06159e-07
49710.0 5.00251e-07
49720.00000000001 4.91101e-07
49730.0 4.81998e-07
49740.0 4.73454e-07
49750.0 4.6486e-07
49760.0 4.66054e-07
49770.0 4.89951e-07
49780.0 5.1388e-07
49790.0 5.34218e-07
49800.00000000001 5.52953e-07
49810.0 5.7167e-07
49820.0 5.68314e-07
49830.0 5.64893e-07
49840.0 5.60337e-07
49850.0 5.53918e-07
49860.0 5.47566e-07
49870.0 5.38317e-07
49880.00000000001 5.27922e-07
49890.0 5.16755e-07
49900.0 4.99241e-07
49910.0 4.81669e-07
49920.0 4.62841e-07
49930.0 4.42064e-07
49940.0 4.21208e-07
49950.0 4.0312e-07
49960.00000000001 3.8567e-07
49970.0 3.6847e-07
49980.0 3.5305e-07
49990.0 3.37641e-07
50000.0 3.3564e-07
50010.0 3.53609e-07
50020.0 3.71608e-07
50030.0 3.90428e-07
50039.99999999999 4.09464e-07
50050.0 4.28468e-07
50060.0 4.46905e-07
50070.0 4.65325e-07
50080.0 4.8181e-07
50090.0 4.96419e-07
50100.0 5.10965e-07
50110.0 5.1904e-07
50119.99999999999 5.25557e-07
50130.0 5.30898e-07
50140.0 5.31811e-07
50150.0 5.32723e-07
50160.0 5.31401e-07
50170.0 5.275e-07
50180.0 5.23603e-07
50190.0 5.26951e-07
50199.99999999999 5.31032e-07
50210.0 5.35873e-07
50220.0 5.43759e-07
50230.0 5.51703e-07
50240.0 5.40708e-07
50250.0 5.17162e-07
50260.0 4.93633e-07
50270.0 4.69263e-07
50279.99999999999 4.4487e-07
50290.0 4.29e-07
50300.0 4.33161e-07
50310.0 4.37317e-07
50320.0 4.43121e-07
50330.0 4.50073e-07
50340.0 4.57012e-07
50350.0 4.75417e-07
50359.99999999999 4.95088e-07
50370.0 5.12143e-07
50380.0 5.23154e-07
50390.0 5.34094e-07
50400.0 5.34359e-07
50410.00000000001 5.27514e-07
50420.0 5.20674e-07
50430.0 5.22169e-07
50439.99999999999 5.23662e-07
50450.0 5.27778e-07
50460.0 5.37807e-07
50470.0 5.47827e-07
50480.0 5.48751e-07
50490.00000000001 5.45783e-07
50500.0 5.42815e-07
50510.0 5.33091e-07
50519.99999999999 5.23375e-07
50530.0 5.17854e-07
50540.0 5.18457e-07
50550.0 5.19058e-07
50560.0 5.21478e-07
50570.00000000001 5.24675e-07
50580.0 5.26472e-07
50590.0 5.15747e-07
50599.99999999999 5.0503e-07
50610.0 4.94812e-07
50620.0 4.85089e-07
50630.0 4.75368e-07
50640.0 4.80197e-07
50650.00000000001 4.88649e-07
50660.0 4.97427e-07
50670.0 5.09261e-07
50679.99999999999 5.21024e-07
50690.0 5.38142e-07
50700.0 5.63319e-07
50710.0 5.88461e-07
50720.0 6.02653e-07
50730.00000000001 6.14095e-07
50740.0 6.22713e-07
50750.0 6.06047e-07
50759.99999999999 5.89385e-07
50770.0 5.74699e-07
50780.0 5.61974e-07
50790.0 5.4926e-07
50800.0 5.38694e-07
50810.00000000001 5.28671e-07
50820.0 5.21273e-07
50830.0 5.24354e-07
50839.99999999999 5.27429e-07
50850.0 5.35157e-07
50860.0 5.47524e-07
50870.0 5.59879e-07
50880.0 5.82276e-07
50890.00000000001 6.05855e-07
50900.0 6.31168e-07
50910.0 6.63506e-07
50920.0 6.95814e-07
50930.0 7.11807e-07
50940.0 7.16929e-07
50950.0 7.22044e-07
50960.0 7.22231e-07
50970.00000000001 7.21868e-07
50980.0 7.16937e-07
50990.0 7.01356e-07
51000.0 6.85649e-07
51010.0 6.70383e-07
51020.0 6.55314e-07
51030.0 6.40189e-07
51040.0 6.29657e-07
51050.00000000001 6.19636e-07
51060.0 6.11057e-07
51070.0 6.05827e-07
51080.0 6.00602e-07
51090.0 6.08667e-07
51100.0 6.25566e-07
51110.0 6.42369e-07
51120.0 6.6048e-07
51130.00000000001 6.78572e-07
51140.0 6.97875e-07
51150.0 7.20036e-07
51160.0 7.42095e-07
51170.0 7.57293e-07
51180.0 7.69515e-07
51190.0 7.81733e-07
51200.0 7.75457e-07
51210.00000000001 7.69094e-07
51220.0 7.61774e-07
51230.0 7.52897e-07
51240.0 7.44022e-07
51250.0 7.32711e-07
51260.0 7.2027e-07
51270.0 7.07267e-07
51280.0 6.88326e-07
51289.99999999999 6.69394e-07
51300.0 6.48345e-07
51310.0 6.2432e-07
51320.0 6.00315e-07
51330.0 5.89234e-07
51340.0 5.81482e-07
51350.0 5.7453e-07
51360.0 5.74746e-07
51369.99999999999 5.74889e-07
51380.0 5.71648e-07
51390.0 5.6496e-07
51400.0 5.5821e-07
51410.0 5.4964e-07
51420.0 5.40605e-07
51430.0 5.3327e-07
51440.0 5.41745e-07
51449.99999999999 5.50211e-07
51460.0 5.6094e-07
51470.0 5.74011e-07
51480.0 5.87004e-07
51490.0 6.08302e-07
51500.0 6.31706e-07
51510.0 6.55584e-07
51520.0 6.81824e-07
51529.99999999999 7.08036e-07
51540.0 7.20415e-07
51550.0 7.19148e-07
51560.0 7.1788e-07
51570.0 7.15241e-07
51580.0 7.1255e-07
51590.0 7.1368e-07
51600.0 7.30494e-07
51609.99999999999 7.47297e-07
51620.0 7.63384e-07
51630.0 7.7913e-07
51640.0 7.94761e-07
51650.0 7.95584e-07
51660.00000000001 7.9465e-07
51670.0 7.93771e-07
51680.0 7.92762e-07
51689.99999999999 7.91661e-07
51700.0 7.89884e-07
51710.0 7.8751e-07
51720.0 7.85228e-07
51730.0 7.81504e-07
51740.00000000001 7.77874e-07
51750.0 7.72355e-07
51760.0 7.62831e-07
51769.99999999999 7.53419e-07
51780.0 7.43e-07
51790.0 7.32072e-07
51800.0 7.21059e-07
51810.0 7.06562e-07
51820.00000000001 6.92001e-07
51830.0 6.77529e-07
51840.0 6.62955e-07
51849.99999999999 6.4848e-07
51860.0 6.34421e-07
51870.0 6.20663e-07
51880.0 6.06836e-07
51890.0 5.99645e-07
51900.00000000001 5.92385e-07
51910.0 5.90168e-07
51920.0 5.95309e-07
51929.99999999999 6.00517e-07
51940.0 6.10215e-07
51950.0 6.2194e-07
51960.0 6.34522e-07
51970.0 6.57036e-07
51980.00000000001 6.79439e-07
51990.0 6.95894e-07
52000.0 7.03223e-07
52009.99999999999 7.10633e-07
52020.0 6.99072e-07
52030.0 6.82706e-07
52040.0 6.66997e-07
52050.0 6.56173e-07
52060.00000000001 6.45445e-07
52070.0 6.38134e-07
52080.0 6.34233e-07
52089.99999999999 6.3026e-07
52100.0 6.29972e-07
52110.0 6.30586e-07
52120.0 6.31727e-07
52130.0 6.37616e-07
52140.00000000001 6.43499e-07
52150.0 6.49828e-07
52160.0 6.57026e-07
52170.0 6.64215e-07
52180.0 6.73015e-07
52190.0 6.82208e-07
52200.0 6.90095e-07
52210.0 6.93224e-07
52220.00000000001 6.96258e-07
52230.0 6.96492e-07
52240.0 6.93933e-07
52250.0 6.91374e-07
52260.0 6.86228e-07
52270.0 6.80796e-07
52280.0 6.74843e-07
52290.0 6.66784e-07
52300.00000000001 6.58733e-07
52310.0 6.5377e-07
52320.0 6.51086e-07
52330.0 6.48486e-07
52340.0 6.49469e-07
52350.0 6.50856e-07
52360.0 6.49652e-07
52370.0 6.42411e-07
52380.00000000001 6.35177e-07
52390.0 6.2391e-07
52400.0 6.09965e-07
52410.0 5.96029e-07
52420.0 5.9174e-07
52430.0 5.87456e-07
52440.0 5.8522e-07
52450.0 5.87747e-07
52460.00000000001 5.90271e-07
52470.0 5.89277e-07
52480.0 5.86951e-07
52490.0 5.84626e-07
52500.0 5.78698e-07
52510.0 5.72777e-07
52520.0 5.69204e-07
52530.0 5.71351e-07
52539.99999999999 5.73495e-07
52550.0 5.80052e-07
52560.0 5.88414e-07
52570.0 5.96837e-07
52580.0 6.08124e-07
52590.0 6.19317e-07
52600.0 6.31343e-07
52610.0 6.44519e-07
52619.99999999999 6.57897e-07
52630.0 6.59258e-07
52640.0 6.5551e-07
52650.0 6.50474e-07
52660.0 6.33019e-07
52670.0 6.15568e-07
52680.0 5.96549e-07
52690.0 5.75389e-07
52699.99999999999 5.54169e-07
52710.0 5.32269e-07
52720.0 5.1021e-07
52730.0 4.89482e-07
52740.0 4.80534e-07
52750.0 4.71695e-07
52760.0 4.68714e-07
52770.0 4.71695e-07
52779.99999999999 4.74675e-07
52790.0 4.84853e-07
52800.0 4.96844e-07
52810.0 5.11032e-07
52820.0 5.33723e-07
52830.0 5.5639e-07
52840.0 5.76494e-07
52850.0 5.9404e-07
52859.99999999999 6.11567e-07
52870.0 6.2249e-07
52880.0 6.31905e-07
52890.0 6.42031e-07
52900.0 6.55112e-07
52910.00000000001 6.68096e-07
52920.0 6.8456e-07
52930.0 7.04334e-07
52939.99999999999 7.24168e-07
52950.0 7.36834e-07
52960.0 7.48601e-07
52970.0 7.57693e-07
52980.0 7.56119e-07
52990.00000000001 7.5436e-07
53000.0 7.50941e-07
53010.0 7.46491e-07
53019.99999999999 7.42042e-07
53030.0 7.32956e-07
53040.0 7.23296e-07
53050.0 7.14413e-07
53060.0 7.07752e-07
53070.00000000001 7.00836e-07
53080.0 6.97559e-07
53090.0 6.96526e-07
53099.99999999999 6.95304e-07
53110.0 6.91055e-07
53120.0 6.86497e-07
53130.0 6.79298e-07
53140.0 6.65853e-07
53150.00000000001 6.52406e-07
53160.0 6.39775e-07
53170.0 6.27525e-07
53179.99999999999 6.15191e-07
53190.0 6.04848e-07
53200.0 5.94492e-07
53210.0 5.84352e-07
53220.0 5.74905e-07
53230.00000000001 5.65335e-07
53240.0 5.60305e-07
53250.0 5.57027e-07
53259.99999999999 5.53748e-07
53270.0 5.51507e-07
53280.0 5.49248e-07
53290.0 5.52524e-07
53300.0 5.63928e-07
53310.00000000001 5.75027e-07
53320.0 5.86988e-07
53330.0 5.99088e-07
53339.99999999999 6.09314e-07
53350.0 6.07785e-07
53360.0 6.06106e-07
53370.0 6.04438e-07
53380.0 6.02634e-07
53390.00000000001 6.00865e-07
53400.0 6.01949e-07
53410.0 6.03688e-07
53420.0 6.05274e-07
53430.0 6.07332e-07
53440.0 6.09177e-07
53450.0 6.08117e-07
53460.0 6.04325e-07
53470.00000000001 6.00475e-07
53480.0 5.95913e-07
53490.0 5.91171e-07
53500.0 5.85297e-07
53510.0 5.75058e-07
53520.0 5.64801e-07
53530.0 5.53994e-07
53540.0 5.42652e-07
53550.00000000001 5.31332e-07
53560.0 5.22524e-07
53570.0 5.14379e-07
53580.0 5.06637e-07
53590.0 4.99873e-07
53600.0 4.93213e-07
53610.0 4.86001e-07
53620.0 4.78446e-07
53630.00000000001 4.70924e-07
53640.0 4.63048e-07
53650.0 4.55173e-07
53660.0 4.48237e-07
53670.0 4.4535e-07
53680.0 4.42388e-07
53690.0 4.41855e-07
53700.0 4.42924e-07
53710.00000000001 4.4381e-07
53720.0 4.4186e-07
53730.0 4.39492e-07
53740.0 4.35665e-07
53750.0 4.28757e-07
53760.0 4.21976e-07
53770.0 4.16304e-07
53780.0 4.11651e-07
53789.99999999999 4.06973e-07
53800.0 4.06384e-07
53810.0 4.05549e-07
53820.0 4.04338e-07
53830.0 4.0197e-07
53840.0 3.99727e-07
53850.0 3.93318e-07
53860.0 3.85317e-07
53869.99999999999 3.7742e-07
53880.0 3.69181e-07
53890.0 3.61236e-07
53900.0 3.52052e-07
53910.0 3.40978e-07
53920.0 3.30172e-07
53930.0 3.19885e-07
53940.0 3.10052e-07
53949.99999999999 3.00367e-07
53960.0 2.99935e-07
53970.0 2.99366e-07
53980.0 2.9886e-07
53990.0 2.98359e-07
54000.0 2.97879e-07
54010.0 2.98593e-07
54020.0 2.99947e-07
54029.99999999999 3.01111e-07
54040.0 3.02458e-07
54050.0 3.0381e-07
54060.0 3.04498e-07
54070.0 3.04479e-07
54080.0 3.0441e-07
54090.0 3.03912e-07
54100.0 3.03133e-07
54109.99999999999 3.01533e-07
54120.0 2.92085e-07
54130.0 2.8289e-07
54140.0 2.71893e-07
54150.0 2.59278e-07
54160.00000000001 2.46902e-07
54170.0 2.37762e-07
54180.0 2.29584e-07
54189.99999999999 2.22219e-07
54200.0 2.1774e-07
54210.0 2.1321e-07
54220.0 2.08902e-07
54230.0 2.04902e-07
54240.00000000001 2.00931e-07
54250.0 1.97566e-07
54260.0 1.94234e-07
54269.99999999999 1.9094e-07
54280.0 1.87592e-07
54290.0 1.8426e-07
54300.0 1.80879e-07
54310.0 1.77281e-07
54320.00000000001 1.73794e-07
54330.0 1.70667e-07
54340.0 1.67588e-07
54349.99999999999 1.65233e-07
54360.0 1.65621e-07
54370.0 1.66028e-07
54380.0 1.66336e-07
54390.0 1.66467e-07
54400.00000000001 1.66591e-07
54410.0 1.6477e-07
54420.0 1.62604e-07
54429.99999999999 1.6046e-07
54440.0 1.58177e-07
54450.0 1.55845e-07
54460.0 1.54869e-07
54470.0 1.54704e-07
54480.00000000001 1.54537e-07
54490.0 1.54882e-07
54500.0 1.55102e-07
54509.99999999999 1.54832e-07
54520.0 1.53357e-07
54530.0 1.51824e-07
54540.0 1.49501e-07
54550.0 1.46924e-07
54560.00000000001 1.44363e-07
54570.0 1.41081e-07
54580.0 1.37815e-07
54589.99999999999 1.34375e-07
54600.0 1.30525e-07
54610.0 1.26829e-07
54620.0 1.23129e-07
54630.0 1.19452e-07
54640.00000000001 1.15799e-07
54650.0 1.12092e-07
54660.0 1.08442e-07
54670.0 1.0506e-07
54680.0 1.01881e-07
54690.0 9.87514e-08
54700.0 9.66183e-08
54710.0 9.49837e-08
54720.00000000001 9.34282e-08
54730.0 9.18362e-08
54740.0 9.02031e-08
54750.0 8.82386e-08
54760.0 8.58878e-08
54770.0 8.36579e-08
54780.0 8.14237e-08
54790.0 7.91997e-08
54800.00000000001 7.70154e-08
54810.0 7.41507e-08
54820.0 7.13365e-08
54830.0 6.86987e-08
54840.0 6.59679e-08
54850.0 6.33862e-08
54860.0 6.19474e-08
54870.0 6.07589e-08
54880.00000000001 5.9734e-08
54890.0 5.94606e-08
54900.0 5.91446e-08
54910.0 5.88441e-08
54920.0 5.8551e-08
54930.0 5.82397e-08
54940.0 5.7781e-08
54950.0 5.72767e-08
54960.00000000001 5.68508e-08
54970.0 5.63651e-08
54980.0 5.58675e-08
54990.0 0.0
55000.0 0.0
