44968.98228999998 0.0
44982.49459999998 0.0
44996.00691 0.00014510964055537625
45009.51922 0.00015386056959508732
45023.031539999996 0.00015448283069367214
45036.54385 0.00015956613109021573
45050.05617 0.00016775655868691913
45063.56848 0.00017815517046810653
45077.08079000001 0.00018042699137515883
45090.593109999994 0.00018717211971962656
45104.10542 0.00019964868673938847
45117.61774 0.00021229003842052646
45131.13005 0.0002197415655459964
45144.64237 0.00022763466763623178
45158.15467999999 0.000246168866358044
45171.666990000005 0.00026144169883587703
45185.17931 0.0002719759827926523
45198.69162 0.0002768492901230228
45212.20394 0.0002949249764048116
45225.71625 0.00031670646723265614
45239.22857 0.0003352629990152428
45252.74088 0.0003504503497907941
45266.2532 0.0003723915557053102
45279.76551 0.00040409845941547374
45293.27782 0.00042660019054643303
45306.790140000005 0.00045059895438230135
45320.302449999996 0.00047796344528313727
45333.81477 0.0005208777415745492
45347.32708 0.0005578588075595355
45360.839400000004 0.000589934314193891
45374.35171 0.000623734389509412
45387.864030000004 0.0006696246499552826
45401.376339999995 0.0007222234238879348
45414.88865 0.0007673279471347252
45428.40097 0.0008181855044906879
45441.91328 0.0008764909998979268
45455.425599999995 0.0009458819855249666
45468.93791000001 0.0010084414260543603
45482.45023000001 0.0010733706958783278
45495.96254 0.0011476180962417956
45509.47485 0.0012292537144460833
45522.98716999999 0.001311834098542547
45536.499480000006 0.0013887145275081414
45550.01180000001 0.0014819921449423816
45563.52411 0.0015837706202594618
45577.03643 0.001692277518911635
45590.54874 0.0017929093169765343
45604.06106 0.0019046541282829684
45617.573370000006 0.0020339610212488325
45631.08568 0.002168757465578172
45644.598 0.002305578645762341
45658.11031 0.002442720372642128
45671.62263 0.0026070196282415373
45685.134939999996 0.002778148033784535
45698.64726 0.002954372322466337
45712.15957 0.0031286432658677596
45725.67188 0.003325347761805826
45739.1842 0.0035484058515933446
45752.696509999994 0.0037752001970185944
45766.208829999996 0.00401010257685023
45779.72114 0.004253683245981589
45793.233459999996 0.00453639304614541
45806.74577 0.004831580219461552
45820.25809 0.005139797791546384
45833.7704 0.00546465112629168
45847.28271000001 0.005822553234970792
45860.795029999994 0.006216233344533032
45874.30734 0.006617794664272864
45887.81966 0.007046229635193174
45901.33197 0.007503948707518459
45914.84429 0.0080143290970967
45928.35659999999 0.008548352859387452
45941.868910000005 0.009106497060999386
45955.38123 0.009712160721029952
45968.89354 0.010370884815700141
45982.40586 0.011088145520056422
45995.918170000004 0.01183166544067332
46009.430490000006 0.012631489480800964
46022.9428 0.013493565178778616
46036.45512 0.014435401676688154
46049.96743 0.015433411828559316
46063.47974 0.016486712594980232
46076.992060000004 0.01763640932719983
46090.504369999995 0.018875306022409853
46104.01669 0.020213032929318912
46117.52900000001 0.021623340914343148
46131.041320000004 0.023139793904155923
46144.55363 0.024782501253614253
46158.065950000004 0.026553427434422093
46171.578259999995 0.028443440081920714
46185.09057 0.03045419267543016
46198.60289 0.03264001517087371
46212.1152 0.03498911702438665
46225.627519999995 0.0375145148686844
46239.13983000001 0.040204039304877606
46252.65215000001 0.04308621731843923
46266.16446 0.046206759990902124
46279.67677 0.04954508444750497
46293.18908999999 0.05311011437866116
46306.701400000005 0.05691009122175136
46320.21372000001 0.06099818395076753
46333.72603 0.06539090563265035
46347.23835 0.07006568811512504
46360.75066 0.07503378913413747
46374.26298 0.08033757771984104
46387.775290000005 0.08602115883471925
46401.287599999996 0.09205165929381874
46414.79992 0.09847324208649465
46428.312229999996 0.10523758821519094
46441.824550000005 0.1124217766715063
46455.336859999996 0.12007140871443371
46468.84918 0.12807799485470833
46482.36149 0.1365157570555293
46495.8738 0.1454032669116101
46509.38612 0.1547129024395804
46522.898429999994 0.1644708522195062
46536.410749999995 0.1746225788568032
46549.92306000001 0.18513079452412443
46563.435379999995 0.19607852743112614
46576.94769 0.20739134804344583
46590.46001 0.21897067675984
46603.97232 0.23098088968396452
46617.484630000006 0.24310543329884643
46630.99694999999 0.2554884849608096
46644.509260000006 0.26825972001176634
46658.02158 0.2808251408374358
46671.53389 0.29356648672605035
46685.04621 0.30644430251808574
46698.55852 0.31902834432121346
46712.070830000004 0.3316169952900655
46725.58315 0.3439868891435499
46739.09546 0.3559072479726689
46752.60778 0.3676701174265996
46766.120090000004 0.37890602024150244
46779.632410000006 0.38960608934910823
46793.14472 0.3999602210439792
46806.65704 0.40942237733425857
46820.169350000004 0.4183578518509027
46833.68166 0.42693923343409645
46847.193980000004 0.4343979342539259
46860.706289999995 0.4413926635540884
46874.218609999996 0.44782812467002386
46887.73092 0.45342221682008044
46901.24324 0.4585474613999023
46914.75555 0.463007927544555
46928.267869999996 0.46685886003661003
46941.780179999994 0.4702810352819667
46955.29249 0.47308398041499866
46968.80481 0.4755078844121754
46982.31712 0.47754347855130663
46995.829439999994 0.47906902399020573
47009.34175000001 0.4803916672598175
47022.85407000001 0.4813569854531504
47036.36638 0.48204811716779655
47049.87869 0.48258870943199483
47063.39100999999 0.48282574049594884
47076.903320000005 0.48298590105859734
47090.41564000001 0.4829949975370952
47103.92795 0.48289838517202666
47117.44027 0.48273880813825476
47130.95258 0.48245741752905635
47144.464900000006 0.4821736740773366
47157.97721 0.48186317651414773
47171.489519999996 0.481453070890989
47185.001840000004 0.48107610543760315
47198.51415 0.48068977462165097
47212.026470000004 0.48024792163929964
47225.538779999995 0.47984276078584553
47239.0511 0.4794262483718744
47252.56341 0.4789552061582924
47266.07572 0.4785372049409994
47279.58804 0.47812845405850257
47293.10035 0.47767405575562505
47306.61267 0.4772645817317437
47320.12498000001 0.4768335417894241
47333.637299999995 0.47645989548892004
47347.14961 0.47609942146698453
47360.66193 0.4757000922344363
47374.17424 0.4753364314302694
47387.68654999999 0.4749767089281936
47401.19886999999 0.47459931008977574
47414.711180000006 0.47425147493405007
47428.2235 0.47387992320619177
47441.73581 0.47347796102686024
47455.24813 0.4730926348065223
47468.76044 0.47268999789068605
47482.27276 0.47225584597237746
47495.78507 0.4718109356567003
47509.297379999996 0.471360512712602
47522.8097 0.47089657400277835
47536.32201 0.47043937035428907
47549.834330000005 0.46996610600302074
47563.346639999996 0.46947304854161126
47576.85896 0.4689957515665383
47590.37127 0.46852048285965225
47603.88358 0.46805229634913026
47617.3959 0.4675740222413484
47630.908209999994 0.46707751793152363
47644.420529999996 0.4665938646131841
47657.93284 0.4661189246569605
47671.44516 0.46564718268184785
47684.95747 0.46516435895923003
47698.469789999996 0.46468102412043505
47711.982099999994 0.4642079041536368
47725.49441 0.46374093740243383
47739.00673 0.4632754433174653
47752.51904 0.4628160062261073
47766.03135999999 0.46236913151697145
47779.54367000001 0.4619533266589674
47793.05599000001 0.4615565547131769
47806.5683 0.4611560990143736
47820.08061000001 0.4607816585626683
47833.59293 0.4604209141923959
47847.105240000004 0.46009103785362804
47860.617560000006 0.45978518907762245
47874.12987 0.4594704312581812
47887.64219 0.4591719513610459
47901.1545 0.45891361962903643
47914.666820000006 0.458659583819638
47928.17913 0.45839271653972236
47941.69144 0.4581467152371743
47955.203760000004 0.4578798744072339
47968.71607 0.4576267640166927
47982.228390000004 0.4574086362065521
47995.740699999995 0.4571439267324703
48009.25302 0.4568853429495446
48022.76533000001 0.4566647323940912
48036.27764 0.45643263248406424
48049.78996 0.45620750646500174
48063.30227 0.4559853990890761
48076.81459 0.4557341459170662
48090.32690000001 0.4555185577626952
48103.839219999994 0.45526631214583935
48117.35153 0.45500283033799355
48130.863849999994 0.45472941212196394
48144.37616 0.454420336794946
48157.88846999999 0.45411080976881063
48171.40079 0.45382416367990985
48184.913100000005 0.45348908822878603
48198.42542 0.4530969937377002
48211.93773 0.4527479196285812
48225.45005 0.4523575150396659
48238.96236 0.45194940861819655
48252.47468 0.4515683499789952
48265.98699 0.451106374433195
48279.499299999996 0.4506532855351557
48293.011620000005 0.4502497039002312
48306.52393 0.4497986783333219
48320.036250000005 0.4493784006991598
48333.548559999996 0.44889068033807966
48347.06088 0.4484101612363107
48360.57318999999 0.4479773177114462
48374.0855 0.4474963243359512
48387.59782 0.4470084852875643
48401.110129999994 0.4465325781875736
48414.622449999995 0.4460244848266698
48428.13476 0.4455265154718264
48441.64708 0.44503656105019085
48455.15939 0.4444956098850734
48468.671709999995 0.4439268867411373
48482.18402000001 0.44340130593440963
48495.69633 0.44284662666100116
48509.20865 0.4422692299797335
48522.72096 0.4417193710732542
48536.23327999999 0.4411197306409222
48549.745590000006 0.440525058684888
48563.25791000001 0.4399732716993483
48576.77022 0.43935235561335007
48590.28253 0.43874885997192015
48603.79485 0.43809541282196496
48617.307160000004 0.4374340523005835
48630.81948 0.4367923110265711
48644.33179 0.4360614598812017
48657.84411 0.43530091834113194
48671.356420000004 0.4345400294834071
48684.868740000005 0.43374438047040736
48698.381049999996 0.4329345177887584
48711.89336 0.432101187199572
48725.40568 0.43121040141355593
48738.91799 0.43031500228692715
48752.43031 0.4294395261505601
48765.942619999994 0.42853522201468747
48779.454939999996 0.42760770860571823
48792.96725000001 0.42654374091768765
48806.47956 0.42548727513661255
48819.99188 0.4244417711246593
48833.50419 0.4232930166626758
48847.01651 0.42225598220810745
48860.52881999999 0.42109795001845796
48874.041139999994 0.4201025267506374
48887.55345 0.41912783205092635
48901.065769999994 0.41805772673886593
48914.57808 0.41710956939512867
48928.09039 0.41617491755220204
48941.60271 0.4151759844958498
48955.115020000005 0.41433995130193035
48968.62734 0.4135427625368095
48982.13965 0.41263541144788074
48995.65197 0.41189502502639797
49009.164280000005 0.41120249757009697
49022.676600000006 0.4104452356564983
49036.18891 0.4098269476887316
49049.70122 0.4092124896690105
49063.213540000004 0.4084814116515709
49076.72585 0.4078849290267385
49090.238170000004 0.4071755922852489
49103.750479999995 0.4065341495873396
49117.2628 0.4058465064003013
49130.77511 0.4049030517837026
49144.28742 0.4040441243786611
49157.79974 0.4030144302834827
49171.31204999999 0.4016954542960015
49184.824369999995 0.4002858378986299
49198.33668 0.3986037434581845
49211.849 0.39665906706369275
49225.36131 0.3944059737037577
49238.873629999995 0.39199797161668415
49252.38594000001 0.38895505268792246
49265.89825 0.38575544893714453
49279.41057 0.3822631779908132
49292.92288 0.37815558914418196
49306.43519999999 0.37406850769545497
49319.947510000005 0.36925658170358083
49333.45983000001 0.3642134066614432
49346.97214 0.35891354093764904
49360.484449999996 0.3532401411833151
49373.99677 0.34755646693922715
49387.50908 0.3414565573710874
49401.0214 0.3352760450101055
49414.533709999996 0.3289280270213159
49428.04603 0.322675465697682
49441.55834 0.31623902169509066
49455.070660000005 0.3099279895310291
49468.582969999996 0.3037203072215271
49482.09528 0.2974639525435222
49495.60760000001 0.2915676948470849
49509.11991 0.2857609134735597
49522.63223 0.2800679116890974
49536.144539999994 0.27463194044473666
49549.656859999996 0.269438754402518
49563.16917000001 0.26438688373864666
49576.68148 0.2596304182892918
49590.1938 0.25500003381235004
49603.70611 0.25061290060408503
49617.21843 0.24645096567684788
49630.73073999999 0.24239932306160777
49644.24306 0.23860355679777126
49657.755370000006 0.2349602244977173
49671.26769 0.23130889746856803
49684.78 0.22789115291946177
49698.29231 0.22458054870853417
49711.80463 0.22127961720377196
49725.316940000004 0.21809785486955396
49738.82926 0.214948899927139
49752.34157 0.21174681662017275
49765.853890000006 0.20864620820159652
49779.366200000004 0.2056160684585127
49792.878520000006 0.20235645227412974
49806.39083 0.19921555286792988
49819.90314 0.1959593457133381
49833.41545999999 0.19260681926423123
49846.92777 0.1892931554818773
49860.440090000004 0.1857473482036983
49873.952399999995 0.18225731858578553
49887.464719999996 0.17853847101459983
49900.97703 0.17477008493870036
49914.48934 0.1708809979658542
49928.00166 0.16694741012172026
49941.51396999999 0.16277228795058857
49955.026289999994 0.15855713668679688
49968.5386 0.15429719746880405
49982.05092 0.14980735747087337
49995.56323 0.1454458130841752
50009.075549999994 0.14077759924988
50022.58786000001 0.13616649856769764
50036.10017 0.13146915678078258
50049.61249 0.1268008137503909
50063.12479999999 0.12208528913915045
50076.63711999999 0.11733632149272599
50090.149430000005 0.11262552079108398
50103.66175 0.10789820083761362
50117.17406 0.10332288862165885
50130.686369999996 0.09867815522345227
50144.198690000005 0.09421157513151106
50157.711 0.08975573606012055
50171.22332 0.08540089179686543
50184.735629999996 0.08119629526250884
50198.247950000004 0.07710204869975174
50211.76026 0.07314878060109833
50225.272580000004 0.06927856568284871
50238.784889999995 0.06559195974888823
50252.29720000001 0.06200518968840672
50265.80952000001 0.058615745923102286
50279.32183 0.05535903072454218
50292.83415 0.05222297580114349
50306.34646 0.0492344425543733
50319.85878 0.0464044680553017
50333.37108999999 0.04371777801195402
50346.883409999995 0.04117787010131162
50360.39572 0.038767946657585435
50373.90803 0.036462812102953795
50387.42035 0.0342977401377111
50400.93266 0.03225478052078345
50414.44498 0.030341419249593972
50427.957290000006 0.028537960637469655
50441.46961 0.026819675736909836
50454.98192 0.02520607760002455
50468.49423 0.02370829102656629
50482.00655 0.02229696165270191
50495.518860000004 0.02097159044355494
50509.03118 0.019722912253539927
50522.543490000004 0.018529761849812774
50536.055810000005 0.01742531257946225
50549.56812 0.016405431654485016
50563.080440000005 0.01543883645412819
50576.592749999996 0.014533466662779958
50590.10506 0.013670657724603307
50603.61737999999 0.012861586834362886
50617.12969 0.01212422864575494
50630.64201 0.011428808009251723
50644.154319999994 0.01077566923473132
50657.666639999996 0.01015916458217921
50671.17895 0.009573422689826656
50684.69126 0.009031464131431547
50698.20358 0.008534425338336801
50711.71588999999 0.008058772799955732
50725.228209999994 0.007606706703343492
50738.74052 0.007180177299871098
50752.25284 0.006776842683160742
50765.76515 0.00641578752900303
50779.27746999999 0.006076931005633496
50792.78978000001 0.0057438882600329404
50806.30209 0.005430439895099625
50819.81441 0.005135772112297841
50833.32671999999 0.004862551122354251
50846.83904 0.004616427697630121
50860.351350000004 0.0043759594979304265
50873.86367 0.004142561092671837
50887.37598 0.003924773627342858
50900.88829 0.0037194659193479796
50914.400610000004 0.003536430533781882
50927.91292 0.0033654072137245623
50941.42524 0.003188761795490695
50954.93755 0.0030219711359805116
50968.44987000001 0.0028691959070022916
50981.96218 0.002726058229075182
50995.474500000004 0.0025979767952244246
51008.98681000001 0.0
51022.49912000002 0.0
