5000.0 0.0
5010.0 0.0
5020.0 0.0
5030.0 0.0
5040.0 0.0
5050.0 0.0
5060.0 0.0
5070.0 0.0
5080.0 0.0
5090.0 0.0
5100.0 0.0
5110.0 0.0
5120.0 0.0
5130.0 0.0
5140.0 0.0
5150.0 0.0
5160.0 0.0
5170.0 0.0
5180.0 0.0
5190.0 0.0
5200.0 0.0
5210.0 0.0
5220.0 0.0
5230.0 0.0
5240.0 0.0
5250.0 0.0
5260.0 0.0
5270.0 0.0
5280.0 0.0
5290.0 0.0
5300.0 0.0
5310.0 0.0
5320.0 0.0
5330.0 0.0
5340.0 0.0
5350.0 0.0
5360.0 0.0
5370.0 0.0
5380.0 0.0
5390.0 0.0
5400.0 0.0
5410.0 0.0
5420.0 0.0
5430.0 0.0
5440.0 0.0
5450.0 0.0
5460.0 0.0
5470.0 0.0
5480.0 0.0
5490.0 0.0
5500.0 0.0
5510.0 0.0
5520.000000000001 0.0
5530.000000000001 0.0
5540.000000000001 0.0
5550.000000000001 0.0
5560.000000000001 0.0
5570.000000000001 0.0
5580.000000000001 0.0
5590.000000000001 0.0
5600.000000000001 0.0
5610.000000000001 0.0
5620.000000000001 0.0
5629.999999999999 0.0
5639.999999999999 0.0
5649.999999999999 0.0
5659.999999999999 0.0
5669.999999999999 0.0
5679.999999999999 0.0
5689.999999999999 0.0
5699.999999999999 0.0
5709.999999999999 0.0
5719.999999999999 0.0
5729.999999999999 0.0
5740.0 0.0
5750.0 0.0
5760.0 0.0
5770.0 0.0
5780.0 0.0
5790.0 0.0
5800.0 0.0
5810.0 0.0
5820.0 0.0
5830.0 0.0
5840.0 0.0
5850.0 0.0
5860.0 0.0
5870.0 0.0
5880.0 0.0
5890.0 0.0
5900.0 0.0
5910.0 0.0
5920.0 0.0
5930.0 0.0
5940.0 0.0
5950.0 0.0
5960.0 0.0
5970.0 0.0
5980.0 0.0
5990.0 0.0
6000.0 0.0
6010.0 0.0
6020.0 0.0
6030.0 0.0
6040.0 0.0
6050.0 0.0
6060.0 0.0
6070.0 0.0
6080.0 0.0
6090.0 0.0
6100.0 0.0
6110.0 0.0
6120.0 0.0
6130.0 0.0
6140.0 0.0
6150.0 0.0
6160.0 0.0
6170.0 0.0
6180.0 0.0
6190.0 0.0
6200.0 0.0
6210.0 0.0
6220.0 0.0
6230.0 0.0
6240.0 0.0
6250.0 0.0
6260.0 0.0
6270.0 0.0
6280.0 0.0
6290.0 0.0
6300.0 0.0
6310.0 0.0
6320.0 0.0
6330.0 0.0
6340.0 0.0
6350.0 0.0
6360.0 0.0
6370.0 0.0
6380.0 0.0
6390.0 0.0
6400.0 0.0
6410.0 0.0
6420.0 0.0
6430.0 0.0
6440.0 0.0
6450.0 5.24163e-09
6460.0 0.0
6470.0 0.0
6480.0 0.0
6490.0 0.0
6500.0 0.0
6510.0 0.0
6520.0 0.0
6530.0 0.0
6540.0 0.0
6550.0 0.0
6560.0 0.0
6570.0 0.0
6580.0 0.0
6590.0 0.0
6600.0 0.0
6610.0 0.0
6620.0 0.0
6630.0 0.0
6640.0 0.0
6650.0 0.0
6660.0 0.0
6670.0 0.0
6680.0 0.0
6690.0 0.0
6700.0 0.0
6710.0 0.0
6720.0 0.0
6730.0 0.0
6740.0 0.0
6750.0 0.0
6760.0 0.0
6770.000000000001 0.0
6780.000000000001 0.0
6790.000000000001 0.0
6800.000000000001 0.0
6810.000000000001 0.0
6820.000000000001 0.0
6830.000000000001 0.0
6840.000000000001 0.0
6850.000000000001 0.0
6860.000000000001 0.0
6870.000000000001 0.0
6879.999999999999 0.0
6889.999999999999 8.08259e-09
6899.999999999999 2.4866e-08
6909.999999999999 3.65586e-08
6919.999999999999 2.94173e-08
6929.999999999999 0.0
6939.999999999999 0.0
6949.999999999999 0.0
6959.999999999999 0.0
6969.999999999999 0.0
6979.999999999999 0.0
6990.0 1.60148e-08
7000.0 2.49747e-08
7010.0 2.45451e-08
7020.0 1.91749e-08
7030.0 2.06409e-08
7040.0 2.30089e-08
7050.0 2.98945e-08
7060.0 3.36976e-08
7070.0 1.74636e-08
7080.0 0.0
7090.0 0.0
7100.0 0.0
7110.0 0.0
7120.0 0.0
7130.0 0.0
7140.0 0.0
7150.0 0.0
7160.0 0.0
7170.0 0.0
7180.0 0.0
7190.0 0.0
7200.0 0.0
7210.0 0.0
7220.0 0.0
7230.0 0.0
7240.0 0.0
7250.0 0.0
7260.0 0.0
7270.0 0.0
7280.0 0.0
7290.0 0.0
7300.0 0.0
7310.0 0.0
7320.0 0.0
7330.0 0.0
7340.0 0.0
7350.0 0.0
7360.0 0.0
7370.0 0.0
7380.0 0.0
7390.0 0.0
7400.0 0.0
7410.0 0.0
7420.0 0.0
7430.0 0.0
7440.0 0.0
7450.0 0.0
7460.0 0.0
7470.0 0.0
7480.0 0.0
7490.0 0.0
7500.0 0.0
7510.0 0.0
7520.0 0.0
7530.0 0.0
7540.0 0.0
7550.0 0.0
7560.0 0.0
7570.0 0.0
7580.0 0.0
7590.0 0.0
7600.0 0.0
7610.0 0.0
7620.0 0.0
7630.0 0.0
7640.0 0.0
7650.0 0.0
7660.0 0.0
7670.0 0.0
7680.0 0.0
7690.0 0.0
7700.0 0.0
7710.0 0.0
7720.0 0.0
7730.0 0.0
7740.0 0.0
7750.0 0.0
7760.0 0.0
7770.0 0.0
7780.0 0.0
7790.0 0.0
7800.0 0.0
7810.0 0.0
7820.0 0.0
7830.0 0.0
7840.0 0.0
7850.0 0.0
7860.0 0.0
7870.0 0.0
7880.0 0.0
7890.0 0.0
7900.0 0.0
7910.0 0.0
7920.0 0.0
7930.0 0.0
7940.0 0.0
7950.0 0.0
7960.0 0.0
7970.0 0.0
7980.0 0.0
7990.0 0.0
8000.0 0.0
8010.0 0.0
8020.000000000001 0.0
8030.000000000001 0.0
8040.000000000001 0.0
8050.000000000001 0.0
8060.000000000001 0.0
8070.000000000001 0.0
8080.000000000001 0.0
8090.000000000001 0.0
8100.000000000001 0.0
8110.000000000001 0.0
8120.000000000001 0.0
8129.999999999999 0.0
8139.999999999999 0.0
8149.999999999999 0.0
8159.999999999999 0.0
8169.999999999999 0.0
8179.999999999999 0.0
8189.999999999999 0.0
8200.0 0.0
8210.0 0.0
8220.0 0.0
8230.0 0.0
8240.0 0.0
8250.0 0.0
8260.0 0.0
8270.0 0.0
8280.0 0.0
8290.0 0.0
8300.0 0.0
8310.0 0.0
8320.0 0.0
8330.0 0.0
8340.0 0.0
8350.0 0.0
8360.0 0.0
8370.0 0.0
8380.0 0.0
8390.0 0.0
8400.0 0.0
8410.0 0.0
8420.0 0.0
8430.0 0.0
8440.0 0.0
8450.0 0.0
8460.0 0.0
8470.0 0.0
8480.0 0.0
8490.0 0.0
8500.0 0.0
8510.0 0.0
8520.0 0.0
8530.0 0.0
8540.0 0.0
8550.0 0.0
8560.0 8.28958e-09
8570.0 8.46235e-09
8580.0 0.0
8590.0 9.53068e-09
8600.0 2.07776e-08
8610.0 4.52676e-08
8620.0 6.90335e-08
8630.0 7.49604e-08
8640.0 7.41068e-08
8650.0 6.59143e-08
8660.0 6.49695e-08
8670.0 4.82438e-08
8680.0 4.89264e-08
8690.0 2.62872e-08
8700.0 2.03169e-08
8710.0 0.0
8720.0 2.91277e-08
8730.0 3.7935e-08
8740.0 8.8363e-08
8750.0 1.92609e-07
8760.0 3.19605e-07
8770.0 2.66128e-07
8780.0 1.60743e-07
8790.0 1.65305e-07
8800.0 1.8927e-07
8810.0 1.96585e-07
8820.0 1.8558e-07
8830.0 2.52913e-07
8840.0 3.14158e-07
8850.0 4.10283e-07
8860.0 4.34416e-07
8870.0 4.01533e-07
8880.0 4.12832e-07
8890.0 4.05542e-07
8900.0 7.93779e-07
8910.0 5.71596e-07
8920.0 6.10397e-07
8930.0 5.82109e-07
8940.0 7.94289e-07
8950.0 1.41236e-06
8960.0 9.1086e-07
8970.0 7.04812e-07
8980.0 9.49873e-08
8990.0 1.17387e-07
9000.0 7.877e-08
9010.0 8.46167e-08
9020.0 6.44317e-08
9030.0 9.90959e-08
9040.0 1.36985e-07
9050.0 1.78138e-07
9060.0 1.69292e-07
9070.0 1.34262e-07
9080.0 1.24602e-07
9090.0 1.37581e-07
9100.0 1.31595e-07
9110.0 1.55903e-07
9120.0 2.04594e-07
9130.0 2.44493e-07
9140.0 2.46519e-07
9150.0 2.058e-07
9160.0 2.37066e-07
9170.0 2.29805e-07
9180.0 2.23516e-07
9190.0 2.30495e-07
9200.0 2.32237e-07
9210.0 2.61987e-07
9220.0 2.76691e-07
9230.0 2.92702e-07
9240.0 3.15564e-07
9250.0 2.94982e-07
9260.0 2.71046e-07
9270.0 2.94392e-07
9280.0 3.76004e-07
9290.0 4.75279e-07
9300.0 4.56428e-07
9310.0 4.53701e-07
9320.0 4.65731e-07
9330.0 4.79958e-07
9340.0 4.74211e-07
9350.0 4.73518e-07
9360.0 5.26891e-07
9370.0 5.20526e-07
9380.0 5.21662e-07
9390.0 4.70936e-07
9400.0 4.47008e-07
9410.0 3.99563e-07
9420.0 4.41758e-07
9430.0 4.61458e-07
9440.0 4.49264e-07
9450.0 3.88321e-07
9460.0 4.13982e-07
9470.0 4.80772e-07
9480.0 5.36398e-07
9490.0 4.8649e-07
9500.0 4.9512e-07
9510.0 5.09933e-07
9520.0 5.88386e-07
9530.0 6.28629e-07
9540.0 6.34562e-07
9550.0 6.14219e-07
9560.0 5.97666e-07
9570.0 6.6916e-07
9580.0 6.83647e-07
9590.0 6.30599e-07
9600.0 5.54306e-07
9610.0 5.25081e-07
9620.0 4.84312e-07
9630.0 4.72979e-07
9640.0 4.72027e-07
9650.0 5.54995e-07
9660.0 5.60371e-07
9670.0 5.56471e-07
9680.0 5.9663e-07
9690.0 6.35632e-07
9700.0 6.70088e-07
9710.0 6.55729e-07
9720.0 6.81772e-07
9730.0 6.56536e-07
9740.0 6.13548e-07
9750.0 5.86979e-07
9760.0 5.81738e-07
9770.0 5.22949e-07
9780.0 4.16924e-07
9790.0 4.12722e-07
9800.0 4.43474e-07
9810.0 5.04611e-07
9820.0 4.51046e-07
9830.0 4.24801e-07
9840.0 4.184e-07
9850.0 4.971e-07
9860.0 5.75739e-07
9870.0 5.48587e-07
9880.0 5.624e-07
9890.0 5.8491e-07
9900.0 6.461e-07
9910.0 6.01575e-07
9920.0 5.43392e-07
9930.0 5.41057e-07
9940.0 5.86964e-07
9950.0 6.13554e-07
9960.0 6.13732e-07
9970.0 8.52874e-07
9980.0 2.11653e-06
9990.0 3.55965e-06
10000.0 4.24348e-06
10009.999999999998 3.90288e-06
10020.0 3.45471e-06
10029.999999999998 3.51219e-06
10040.0 3.84933e-06
10049.999999999998 3.86326e-06
10060.0 4.10496e-06
10069.999999999998 3.8396e-06
10080.0 3.77642e-06
10089.999999999998 3.60167e-06
10100.0 3.46339e-06
10109.999999999998 3.5276e-06
10120.0 3.77894e-06
10129.999999999998 3.77048e-06
10140.0 3.55331e-06
10149.999999999998 3.36941e-06
10160.0 3.54434e-06
10169.999999999998 3.90628e-06
10180.0 3.82477e-06
10189.999999999998 3.68412e-06
10200.0 3.5776e-06
10209.999999999998 3.58432e-06
10220.0 3.70779e-06
10230.0 3.48105e-06
10240.0 3.28384e-06
10250.0 3.50319e-06
10260.0 3.95203e-06
10270.0 3.90881e-06
10280.0 3.40699e-06
10290.0 3.28215e-06
10300.0 3.46271e-06
10310.0 3.63782e-06
10320.0 3.48415e-06
10330.0 3.34139e-06
10340.0 3.03517e-06
10350.0 2.92259e-06
10360.0 2.86784e-06
10370.0 3.19526e-06
10380.0 3.12306e-06
10390.0 3.15363e-06
10400.0 2.773e-06
10410.0 2.69289e-06
10420.0 2.60473e-06
10430.0 2.71105e-06
10440.0 2.73495e-06
10450.0 2.83372e-06
10460.0 3.19611e-06
10470.0 3.04238e-06
10480.0 2.92044e-06
10490.0 2.67962e-06
10500.0 2.75743e-06
10510.0 2.79683e-06
10520.0 2.82899e-06
10530.0 3.07237e-06
10540.0 3.09461e-06
10550.0 2.93596e-06
10560.0 2.87901e-06
10570.0 2.79427e-06
10580.0 2.75197e-06
10590.0 2.43321e-06
10600.0 2.34951e-06
10610.0 2.45386e-06
10620.0 2.49965e-06
10630.0 2.9157e-06
10640.0 2.95284e-06
10650.0 3.1389e-06
10660.0 2.82051e-06
10670.0 2.70951e-06
10680.0 2.64148e-06
10690.0 2.58341e-06
10700.0 2.69547e-06
10710.0 2.80613e-06
10720.0 3.25131e-06
10730.0 3.34917e-06
10740.0 3.51469e-06
10750.0 3.15777e-06
10760.0 2.99822e-06
10770.0 2.87277e-06
10780.0 2.68963e-06
10790.0 2.80323e-06
10800.0 2.64519e-06
10810.0 2.79294e-06
10820.0 2.73801e-06
10830.0 2.62055e-06
10840.0 2.77315e-06
10850.0 2.61535e-06
10860.0 2.74857e-06
10870.0 2.69514e-06
10880.0 2.72246e-06
10890.0 2.62207e-06
10900.0 2.8604e-06
10910.0 3.00943e-06
10920.0 3.32628e-06
10930.0 2.93516e-06
10940.0 2.91533e-06
10950.0 2.55865e-06
10960.0 2.70961e-06
10970.0 2.70485e-06
10980.0 3.08222e-06
10990.0 3.02976e-06
11000.0 3.13044e-06
11010.0 3.09985e-06
11020.0 3.03629e-06
11030.0 3.06104e-06
11040.000000000002 3.01944e-06
11050.0 3.18611e-06
11060.000000000002 3.24626e-06
11070.0 3.32488e-06
11080.000000000002 3.14853e-06
11090.0 3.13974e-06
11100.000000000002 2.89161e-06
11110.0 3.01126e-06
11120.000000000002 2.85522e-06
11130.0 3.10956e-06
11140.000000000002 3.16913e-06
11150.0 2.82716e-06
11160.000000000002 2.40721e-06
11170.0 2.33501e-06
11180.000000000002 2.69598e-06
11190.0 2.75014e-06
11200.000000000002 2.56552e-06
11210.0 2.41123e-06
11220.000000000002 2.21503e-06
11230.0 2.32613e-06
11240.000000000002 2.39239e-06
11250.0 2.71027e-06
11259.999999999998 2.71235e-06
11270.0 2.56366e-06
11279.999999999998 2.42219e-06
11290.0 2.41863e-06
11299.999999999998 2.67337e-06
11310.0 2.82601e-06
11319.999999999998 2.57138e-06
11330.0 2.30116e-06
11339.999999999998 2.45808e-06
11350.0 2.87456e-06
11359.999999999998 3.19243e-06
11370.0 2.92942e-06
11379.999999999998 2.60966e-06
11390.0 2.51896e-06
11399.999999999998 2.56375e-06
11410.0 2.49447e-06
11419.999999999998 2.4701e-06
11430.0 2.49969e-06
11439.999999999998 2.54517e-06
11450.0 2.41652e-06
11459.999999999998 2.55136e-06
11470.0 2.86762e-06
11480.0 3.31375e-06
11490.0 3.20865e-06
11500.0 2.89087e-06
11510.0 2.33146e-06
11520.0 2.31806e-06
11530.0 2.38294e-06
11540.0 2.59626e-06
11550.0 2.6751e-06
11560.0 2.84158e-06
11570.0 2.92377e-06
11580.0 2.69939e-06
11590.0 2.63517e-06
11600.0 2.5252e-06
11610.0 2.73227e-06
11620.0 2.81302e-06
11630.0 3.11107e-06
11640.0 3.10862e-06
11650.0 3.20675e-06
11660.0 2.87139e-06
11670.0 2.62452e-06
11680.0 2.51483e-06
11690.0 2.65132e-06
11700.0 2.65222e-06
11710.0 2.63766e-06
11720.0 2.47967e-06
11730.0 2.77301e-06
11740.0 2.74027e-06
11750.0 2.9016e-06
11760.0 2.76576e-06
11770.0 2.5813e-06
11780.0 2.35978e-06
11790.0 2.1921e-06
11800.0 2.47651e-06
11810.0 2.74464e-06
11820.0 3.08177e-06
11830.0 3.03413e-06
11840.0 3.14915e-06
11850.0 3.18883e-06
11860.0 3.0675e-06
11870.0 2.94038e-06
11880.0 2.87144e-06
11890.0 2.76415e-06
11900.0 2.65401e-06
11910.0 2.91563e-06
11920.0 3.32435e-06
11930.0 3.51268e-06
11940.0 3.23188e-06
11950.0 2.89837e-06
11960.0 2.63896e-06
11970.0 2.50439e-06
11980.0 2.63428e-06
11990.0 2.95564e-06
12000.0 3.19017e-06
12010.0 3.22012e-06
12020.0 3.02429e-06
12030.0 2.9056e-06
12040.0 2.71937e-06
12050.0 2.76084e-06
12060.0 2.694e-06
12070.0 3.15854e-06
12080.0 3.26647e-06
12090.0 3.25456e-06
12100.0 3.12257e-06
12110.0 3.33521e-06
12120.0 3.44816e-06
12130.0 3.40766e-06
12140.0 3.28175e-06
12150.0 3.56015e-06
12160.0 3.61848e-06
12170.0 3.62983e-06
12180.0 3.6299e-06
12190.0 3.72204e-06
12200.0 3.85093e-06
12210.0 3.6187e-06
12220.0 3.69938e-06
12230.0 3.47785e-06
12240.0 3.42241e-06
12250.0 3.36081e-06
12260.0 3.88111e-06
12270.0 4.51546e-06
12280.0 4.82536e-06
12290.000000000002 4.78022e-06
12300.0 4.91396e-06
12310.000000000002 5.18675e-06
12320.0 5.35874e-06
12330.000000000002 5.38877e-06
12340.0 5.52195e-06
12350.000000000002 5.8717e-06
12360.0 6.1769e-06
12370.000000000002 6.21468e-06
12380.0 6.31432e-06
12390.000000000002 6.3945e-06
12400.0 6.77389e-06
12410.000000000002 6.8764e-06
12420.0 7.49719e-06
12430.000000000002 7.70595e-06
12440.0 8.16554e-06
12450.000000000002 8.26466e-06
12460.0 8.93549e-06
12470.000000000002 9.50651e-06
12480.0 1.01313e-05
12490.000000000002 1.09129e-05
12500.0 1.20435e-05
12509.999999999998 1.31672e-05
12520.0 1.43635e-05
12529.999999999998 1.55291e-05
12540.0 1.72142e-05
12549.999999999998 1.87911e-05
12560.0 2.07361e-05
12569.999999999998 2.25254e-05
12580.0 2.44548e-05
12589.999999999998 2.65403e-05
12600.0 2.89499e-05
12609.999999999998 3.18411e-05
12620.0 3.45189e-05
12629.999999999998 3.79397e-05
12640.0 4.19735e-05
12649.999999999998 4.66538e-05
12660.0 5.17238e-05
12669.999999999998 5.71018e-05
12680.0 6.34008e-05
12689.999999999998 7.03326e-05
12700.0 7.8413e-05
12709.999999999998 8.75704e-05
12720.0 9.82713e-05
12730.0 0.000110533
12740.0 0.000125156
12750.0 0.000141875
12760.0 0.000161436
12770.0 0.000183637
12780.0 0.000209372
12790.0 0.000238924
12800.0 0.000273572
12810.0 0.000313297
12820.0 0.000359283
12830.0 0.000412133
12840.0 0.00047351
12850.0 0.000545055
12860.0 0.000628432
12870.0 0.000725035
12880.0 0.000836713
12890.0 0.000968334
12900.0 0.00112051
12910.0 0.00129896
12920.0 0.0015109
12930.0 0.00176235
12940.0 0.00206188
12950.0 0.00241902
12960.0 0.00285194
12970.0 0.00338097
12980.0 0.00402584
12990.0 0.00482108
13000.0 0.00579447
13010.0 0.00699533
13020.0 0.00847898
13030.0 0.0102997
13040.0 0.0125187
13050.0 0.0150402
13060.0 0.0175686
13070.0 0.0201018
13080.0 0.0223121
13090.0 0.0242105
13100.0 0.0261821
13110.0 0.0288453
13120.0 0.0322215
13130.0 0.0360268
13140.0 0.0403137
13150.0 0.0452719
13160.0 0.0512746
13170.0 0.0579945
13180.0 0.0665093
13190.0 0.0769324
13200.0 0.0902938
13210.0 0.106163
13220.0 0.124969
13230.0 0.146645
13240.0 0.172145
13250.0 0.200518
13260.0 0.233406
13270.0 0.27066
13280.0 0.312716
13290.0 0.358508
13300.0 0.407848
13310.0 0.458891
13320.0 0.509017
13330.0 0.557728
13340.0 0.603872
13350.0 0.64531
13360.0 0.680813
13370.0 0.710511
13380.0 0.734929
13390.0 0.752922
13400.0 0.765399
13410.0 0.7745
13420.0 0.781487
13430.0 0.785616
13440.0 0.787731
13450.0 0.788701
13460.0 0.790582
13470.0 0.793591
13480.0 0.794214
13490.0 0.79478
13500.0 0.793603
13510.0 0.793817
13520.0 0.79331
13530.0 0.792616
13540.000000000002 0.791944
13550.0 0.790873
13560.000000000002 0.789806
13570.0 0.787704
13580.000000000002 0.78632
13590.0 0.785927
13600.000000000002 0.785984
13610.0 0.785251
13620.000000000002 0.784565
13630.0 0.783543
13640.000000000002 0.782614
13650.0 0.782139
13660.000000000002 0.781557
13670.0 0.780546
13680.000000000002 0.778751
13690.0 0.776167
13700.000000000002 0.774403
13710.0 0.773812
13720.000000000002 0.772696
13730.0 0.771105
13740.000000000002 0.768878
13750.0 0.766976
13759.999999999998 0.765783
13770.0 0.764999
13779.999999999998 0.764226
13790.0 0.762206
13799.999999999998 0.76094
13810.0 0.759778
13819.999999999998 0.759003
13830.0 0.75692
13839.999999999998 0.754975
13850.0 0.75355
13859.999999999998 0.752155
13870.0 0.750286
13879.999999999998 0.748499
13890.0 0.746958
13899.999999999998 0.747786
13910.0 0.748105
13919.999999999998 0.748494
13930.0 0.748264
13939.999999999998 0.748152
13950.0 0.74852
13959.999999999998 0.748291
13970.0 0.748207
13980.0 0.747712
13990.0 0.746952
14000.0 0.746329
14010.0 0.745408
14020.0 0.745143
14030.0 0.744484
14040.0 0.744876
14050.0 0.745239
14060.0 0.744859
14070.0 0.74446
14080.0 0.744815
14090.0 0.746652
14100.0 0.747827
14110.0 0.74821
14120.0 0.748846
14130.0 0.749819
14140.0 0.749399
14150.0 0.750235
14160.0 0.751088
14170.0 0.751787
14180.0 0.750901
14190.0 0.750442
14200.0 0.750115
14210.0 0.751013
14220.0 0.751405
14230.0 0.752997
14240.0 0.753643
14250.0 0.754046
14260.0 0.753195
14270.0 0.753076
14280.0 0.753031
14290.0 0.75368
14300.0 0.752742
14310.0 0.751656
14320.0 0.750793
14330.0 0.749855
14340.0 0.748049
14350.0 0.745903
14360.0 0.743361
14370.0 0.741593
14380.0 0.739875
14390.0 0.738583
14400.0 0.738479
14410.0 0.738772
14420.0 0.739814
14430.0 0.740988
14440.0 0.739923
14450.0 0.738899
14460.0 0.737585
14470.0 0.738134
14480.0 0.738364
14490.0 0.739174
14500.0 0.739336
14510.0 0.739905
14520.0 0.73935
14530.0 0.739445
14540.0 0.73933
14550.0 0.740254
14560.0 0.740083
14570.0 0.738754
14580.0 0.737646
14590.0 0.736104
14600.0 0.734043
14610.0 0.731923
14620.0 0.730187
14630.0 0.726567
14640.0 0.723649
14650.0 0.720082
14660.0 0.71752
14670.0 0.713998
14680.0 0.709641
14690.0 0.705008
14700.0 0.700845
14710.0 0.697118
14720.0 0.693954
14730.0 0.692749
14740.0 0.692026
14750.0 0.69127
14760.0 0.690466
14770.0 0.690895
14780.0 0.691588
14790.000000000002 0.692734
14800.0 0.694666
14810.000000000002 0.697509
14820.0 0.700497
14830.000000000002 0.702842
14840.0 0.705317
14850.000000000002 0.707458
14860.0 0.709493
14870.000000000002 0.711285
14880.0 0.71332
14890.000000000002 0.714559
14900.0 0.716249
14910.000000000002 0.717154
14920.0 0.717669
14930.000000000002 0.716305
14940.0 0.713836
14950.000000000002 0.712644
14960.0 0.713162
14970.000000000002 0.714514
14980.0 0.714805
14990.000000000002 0.715101
15000.0 0.715367
15009.999999999998 0.714698
15020.0 0.713502
15029.999999999998 0.713494
15040.0 0.715085
15049.999999999998 0.715763
15060.0 0.715795
15069.999999999998 0.715303
15080.0 0.715539
15089.999999999998 0.7163
15100.0 0.716838
15109.999999999998 0.717902
15120.0 0.718207
15129.999999999998 0.718754
15140.0 0.71831
15149.999999999998 0.718517
15160.0 0.719062
15169.999999999998 0.71901
15180.0 0.718064
15189.999999999998 0.717241
15200.0 0.716801
15209.999999999998 0.715631
15220.0 0.713918
15230.0 0.710567
15240.0 0.707872
15250.0 0.706934
15260.0 0.705764
15270.0 0.704393
15280.0 0.702898
15290.0 0.70055
15300.0 0.69937
15310.0 0.699107
15320.0 0.698937
15330.0 0.697635
15340.0 0.696107
15350.0 0.695078
15360.0 0.694308
15370.0 0.694531
15380.0 0.694106
15390.0 0.69476
15400.0 0.693305
15410.0 0.69256
15420.0 0.691126
15430.0 0.690755
15440.0 0.688903
15450.0 0.687098
15460.0 0.685521
15470.0 0.68333
15480.0 0.680969
15490.0 0.67949
15500.0 0.678156
15510.0 0.677057
15520.0 0.674752
15530.0 0.67406
15540.0 0.673991
15550.0 0.673639
15560.0 0.673242
15570.0 0.673794
15580.0 0.675231
15590.0 0.676266
15600.0 0.675474
15610.0 0.674506
15620.0 0.673783
15630.0 0.673709
15640.0 0.674323
15650.0 0.675208
15660.0 0.676601
15670.0 0.676142
15680.0 0.675403
15690.0 0.67466
15700.0 0.674563
15710.0 0.67408
15720.0 0.67468
15730.0 0.675207
15740.0 0.674857
15750.0 0.674207
15760.0 0.674476
15770.0 0.675693
15780.0 0.676903
15790.0 0.677784
15800.0 0.679062
15810.0 0.680452
15820.0 0.681896
15830.0 0.683276
15840.0 0.684694
15850.0 0.686002
15860.0 0.686549
15870.0 0.686975
15880.0 0.687715
15890.0 0.689013
15900.0 0.689455
15910.0 0.689386
15920.0 0.688557
15930.0 0.688563
15940.0 0.687823
15950.0 0.687888
15960.0 0.687165
15970.0 0.685814
15980.0 0.684703
15990.0 0.683839
16000.0 0.684262
16010.0 0.682773
16020.0 0.681792
16030.0 0.681165
16040.000000000002 0.68207
16050.0 0.681999
16060.000000000002 0.680465
16070.0 0.680173
16080.000000000002 0.679853
16090.0 0.680455
16100.000000000002 0.680387
16110.0 0.681908
16120.000000000002 0.683003
16130.0 0.683134
16140.000000000002 0.682491
16150.0 0.682419
16160.000000000002 0.681098
16170.0 0.679658
16180.000000000002 0.677992
16190.0 0.677329
16200.000000000002 0.676837
16210.0 0.675002
16220.000000000002 0.673485
16230.0 0.67215
16240.000000000002 0.67128
16250.0 0.670907
16259.999999999998 0.670474
16270.0 0.670349
16279.999999999998 0.670649
16290.0 0.67036
16299.999999999998 0.669527
16310.0 0.668593
16319.999999999998 0.668108
16330.0 0.668735
16339.999999999998 0.670167
16350.0 0.669942
16359.999999999998 0.668869
16370.0 0.667435
16379.999999999998 0.666755
16390.0 0.666681
16400.0 0.666098
16410.0 0.664857
16420.0 0.663778
16430.0 0.66189
16440.0 0.660981
16450.0 0.659569
16460.0 0.658656
16470.0 0.657754
16480.0 0.656195
16490.0 0.65456
16500.0 0.653474
16510.0 0.653388
16520.0 0.654119
16530.0 0.655112
16540.0 0.656348
16550.0 0.65697
16560.0 0.658694
16570.0 0.658818
16580.0 0.657548
16590.0 0.653884
16600.0 0.64832
16610.0 0.640144
16620.0 0.626572
16630.0 0.607242
16640.0 0.582715
16650.0 0.554357
16660.0 0.520068
16670.0 0.481414
16680.0 0.439881
16690.0 0.398217
16700.0 0.355739
16710.0 0.313951
16720.0 0.273804
16730.0 0.23677
16740.0 0.203366
16750.0 0.173844
16760.0 0.148888
16770.0 0.128351
16780.0 0.11154
16790.0 0.097808
16800.0 0.0855911
16810.0 0.0749989
16820.0 0.065567
16830.0 0.0579555
16840.0 0.0514613
16850.0 0.0460229
16860.0 0.0407025
16870.0 0.035501
16880.0 0.0302881
16890.0 0.0255854
16900.0 0.0214977
16910.0 0.0180821
16920.0 0.015162
16930.0 0.0127264
16940.0 0.0106659
16950.0 0.00896567
16960.0 0.00754361
16970.0 0.00637035
16980.0 0.0053897
16990.0 0.00457323
17000.0 0.00388609
17010.0 0.00331504
17020.0 0.00283836
17030.0 0.00243837
17040.0 0.00210072
17050.0 0.00181334
17060.0 0.0015708
17070.0 0.00136609
17080.0 0.00119091
17090.0 0.00104194
17100.0 0.000913919
17110.0 0.000803667
17120.0 0.000707878
17130.0 0.000625161
17140.0 0.000554156
17150.0 0.000492561
17160.0 0.000439473
17170.0 0.000392665
17180.0 0.000350347
17190.0 0.000314035
17200.0 0.000281999
17210.0 0.000255029
17220.0 0.00022951
17230.0 0.000207156
17240.0 0.000187284
17250.0 0.00016986
17260.0 0.0001539
17270.0 0.000139292
17280.0 0.000126812
17290.0 0.000116067
17300.0 0.000106173
17310.0 9.67305e-05
17320.0 8.81414e-05
17330.0 8.07526e-05
17340.0 7.46605e-05
17350.0 6.86396e-05
17360.0 6.32895e-05
17370.0 5.82487e-05
17380.0 5.35214e-05
17390.0 4.95774e-05
17400.0 4.53292e-05
17410.0 4.19557e-05
17420.0 3.85193e-05
17430.0 3.61462e-05
17440.0 3.38866e-05
17450.0 3.11632e-05
17460.0 2.86808e-05
17470.0 2.64707e-05
17480.0 2.52563e-05
17490.0 2.39198e-05
17500.0 2.2308e-05
17510.0 2.07659e-05
17520.0 1.96805e-05
17530.0 1.91011e-05
17540.0 1.82886e-05
17550.0 1.66815e-05
17560.0 1.52078e-05
17570.0 1.45011e-05
17580.0 1.43619e-05
17590.0 1.44836e-05
17600.0 1.42937e-05
17610.0 1.35367e-05
17620.0 1.20618e-05
17630.0 1.13538e-05
17640.0 1.14126e-05
17650.0 1.19643e-05
17660.0 1.15164e-05
17670.0 1.06942e-05
17680.0 9.54753e-06
17690.0 9.1437e-06
17700.0 9.41618e-06
17710.0 9.73089e-06
17720.0 9.61508e-06
17730.0 8.89744e-06
17740.0 8.4526e-06
17750.0 8.40317e-06
17760.0 8.18419e-06
17770.0 7.84946e-06
17780.0 7.43088e-06
17790.0 7.82065e-06
17800.0 8.25819e-06
17810.0 8.46125e-06
17820.0 8.38542e-06
17830.0 8.10674e-06
17840.0 7.81241e-06
17850.0 6.84164e-06
17860.0 6.75309e-06
17870.0 6.23191e-06
17880.0 6.86578e-06
17890.0 7.10786e-06
17900.0 7.58827e-06
17910.0 7.72415e-06
17920.0 7.40837e-06
17930.0 6.92199e-06
17940.0 6.68316e-06
17950.0 6.80986e-06
17960.0 7.11697e-06
17970.0 6.96341e-06
17980.0 6.40248e-06
17990.0 6.0212e-06
18000.0 6.0611e-06
18010.0 6.63689e-06
18020.0 7.15996e-06
18030.0 6.85174e-06
18040.0 6.65856e-06
18050.0 6.62924e-06
18060.0 6.65844e-06
18070.0 6.52343e-06
18080.0 6.33291e-06
18090.0 7.10495e-06
18100.0 7.69404e-06
18110.0 8.34322e-06
18120.0 7.8729e-06
18130.0 7.64156e-06
18140.0 6.83445e-06
18150.0 7.31794e-06
18160.0 7.58615e-06
18170.0 8.49423e-06
18180.0 7.70665e-06
18190.0 7.34627e-06
18200.0 6.95859e-06
18210.0 6.8359e-06
18220.0 6.69324e-06
18230.0 7.16603e-06
18240.0 8.26238e-06
18250.0 8.34013e-06
18260.0 7.57623e-06
18270.0 6.45668e-06
18280.0 6.43609e-06
18290.0 6.53991e-06
18300.0 7.09584e-06
18310.0 7.60111e-06
18320.0 7.43666e-06
18330.0 6.97685e-06
18340.0 6.3077e-06
18350.0 6.11243e-06
18360.0 6.89739e-06
18370.0 6.94091e-06
18380.0 7.26841e-06
18390.0 6.76612e-06
18400.0 7.28043e-06
18410.0 7.20816e-06
18420.0 7.54846e-06
18430.0 7.27037e-06
18440.0 7.80574e-06
18450.0 7.34068e-06
18460.0 7.76683e-06
18470.0 8.06456e-06
18480.0 8.65623e-06
18490.0 7.68238e-06
18500.0 6.55149e-06
18510.0 6.32136e-06
18520.0 7.01517e-06
18530.0 7.4742e-06
18540.0 7.21639e-06
18550.0 7.89214e-06
18560.0 8.27019e-06
18570.0 8.2384e-06
18580.0 6.6528e-06
18590.0 6.41592e-06
18600.0 6.68697e-06
18610.0 7.56667e-06
18620.0 8.22774e-06
18630.0 8.26895e-06
18640.0 7.95009e-06
18650.0 6.14725e-06
18660.0 5.7195e-06
18670.0 5.92838e-06
18680.0 7.13459e-06
18690.0 7.34613e-06
18700.0 6.96942e-06
18710.0 6.74851e-06
18720.0 6.79458e-06
18730.0 7.23348e-06
18740.0 7.16717e-06
18750.0 7.17374e-06
18760.0 7.71923e-06
18770.0 8.13234e-06
18780.0 7.91818e-06
18790.0 7.01824e-06
18800.0 6.83791e-06
18810.0 7.21612e-06
18820.0 7.1155e-06
18830.0 7.55383e-06
18840.0 7.62782e-06
18850.0 9.2733e-06
18860.0 8.86423e-06
18870.0 7.99676e-06
18880.0 6.92201e-06
18890.0 6.67421e-06
18900.0 7.29412e-06
18910.0 6.86394e-06
18920.0 7.71481e-06
18930.0 9.08567e-06
18940.0 9.33716e-06
18950.0 8.64034e-06
18960.0 7.24387e-06
18970.0 6.66975e-06
18980.0 7.05117e-06
18990.0 6.77086e-06
19000.0 7.61119e-06
19010.0 7.31619e-06
19020.0 7.81181e-06
19030.0 7.96678e-06
19040.0 7.90612e-06
19050.0 6.87827e-06
19060.0 6.40066e-06
19070.0 5.86973e-06
19080.0 6.61827e-06
19090.0 7.44226e-06
19100.0 8.36014e-06
19110.0 9.01384e-06
19120.0 9.36502e-06
19130.0 9.20387e-06
19140.0 8.37151e-06
19150.0 7.5116e-06
19160.0 8.10498e-06
19170.0 8.87638e-06
19180.0 8.88461e-06
19190.0 7.80117e-06
19200.0 7.05712e-06
19210.0 6.69993e-06
19220.0 7.35518e-06
19230.0 7.76284e-06
19240.0 8.80536e-06
19250.0 8.19059e-06
19260.0 8.01427e-06
19270.0 7.51319e-06
19280.0 7.28829e-06
19290.0 7.21577e-06
19300.0 6.88337e-06
19310.0 6.95037e-06
19320.0 7.18215e-06
19330.0 7.07967e-06
19340.0 7.67352e-06
19350.0 7.67747e-06
19360.0 7.36288e-06
19370.0 7.04758e-06
19380.0 6.91871e-06
19390.0 7.96216e-06
19400.0 7.63046e-06
19410.0 7.85009e-06
19420.0 7.23151e-06
19430.0 7.36579e-06
19440.0 6.914e-06
19450.0 6.77432e-06
19460.0 7.04578e-06
19470.0 7.3288e-06
19480.0 7.32274e-06
19490.0 7.08375e-06
19500.0 6.66182e-06
19510.0 6.52636e-06
19520.0 6.60792e-06
19530.0 6.6499e-06
19540.0 6.62732e-06
19550.0 6.74582e-06
19560.0 7.63627e-06
19570.0 7.58657e-06
19580.0 7.0787e-06
19590.0 5.98977e-06
19600.0 6.84957e-06
19610.0 7.88736e-06
19620.0 8.98898e-06
19630.0 8.35081e-06
19640.0 7.66614e-06
19650.0 6.59729e-06
19660.0 6.68571e-06
19670.0 7.09086e-06
19680.0 7.33971e-06
19690.0 7.76251e-06
19700.0 7.51892e-06
19710.0 7.14932e-06
19720.0 6.46986e-06
19730.0 6.07914e-06
19740.0 6.51283e-06
19750.0 6.97405e-06
19760.0 7.85122e-06
19770.0 8.20787e-06
19780.0 8.44016e-06
19790.0 8.13539e-06
19800.0 7.76957e-06
19810.0 6.85052e-06
19820.0 6.33183e-06
19830.0 7.09627e-06
19840.0 8.33235e-06
19850.0 8.6722e-06
19860.0 8.62839e-06
19870.0 8.4888e-06
19880.0 8.77548e-06
19890.0 8.79654e-06
19900.0 8.55285e-06
19910.0 8.98321e-06
19920.0 8.08628e-06
19930.0 8.32911e-06
19940.0 7.56018e-06
19950.0 8.52825e-06
19960.0 7.95554e-06
19970.0 8.10919e-06
19980.0 8.34925e-06
19990.0 8.95437e-06
20000.0 8.86758e-06
20010.0 8.47226e-06
20019.999999999996 8.36528e-06
20030.0 8.04842e-06
20040.0 7.19629e-06
20050.0 6.46955e-06
20059.999999999996 6.9743e-06
20070.0 7.4178e-06
20080.0 7.05645e-06
20090.0 6.31595e-06
20099.999999999996 6.23934e-06
20110.0 7.20667e-06
20120.0 7.96233e-06
20130.0 7.8669e-06
20139.999999999996 7.12799e-06
20150.0 6.67095e-06
20160.0 7.60225e-06
20170.0 8.05785e-06
20179.999999999996 7.61223e-06
20190.0 6.39651e-06
20200.0 6.33253e-06
20210.0 7.10017e-06
20219.999999999996 6.72702e-06
20230.0 5.79493e-06
20240.0 6.44049e-06
20250.0 7.88723e-06
20259.999999999996 8.6495e-06
20270.0 7.54917e-06
20280.0 7.42787e-06
20290.0 7.96614e-06
20299.999999999996 8.40257e-06
20310.0 7.74271e-06
20320.0 7.72961e-06
20330.0 7.64018e-06
20339.999999999996 7.98378e-06
20350.0 8.36457e-06
20360.0 8.33113e-06
20370.0 7.65051e-06
20379.999999999996 6.82363e-06
20390.0 7.29976e-06
20400.0 7.56546e-06
20410.0 7.2428e-06
20419.999999999996 6.51899e-06
20430.0 6.27349e-06
20440.0 6.67717e-06
20450.0 6.03148e-06
20460.0 6.36697e-06
20470.0 6.68039e-06
20480.0 7.68523e-06
20490.0 8.33116e-06
20500.0 8.33217e-06
20510.0 8.31978e-06
20520.0 8.15471e-06
20530.0 7.89331e-06
20540.0 8.02204e-06
20550.0 7.1786e-06
20560.0 6.74617e-06
20570.0 6.50638e-06
20580.0 7.28207e-06
20590.0 7.32106e-06
20600.0 7.8267e-06
20610.0 7.74444e-06
20620.0 7.26989e-06
20630.0 6.94198e-06
20640.0 7.4738e-06
20650.0 8.61077e-06
20660.0 8.14805e-06
20670.0 7.10892e-06
20680.0 7.45727e-06
20690.0 7.95039e-06
20700.0 9.06657e-06
20710.0 8.191e-06
20720.0 8.51696e-06
20730.0 6.9741e-06
20740.0 6.83806e-06
20750.0 7.15581e-06
20760.0 7.61595e-06
20770.0 8.25465e-06
20780.0 8.23038e-06
20790.0 8.89449e-06
20800.0 8.88621e-06
20810.0 7.94268e-06
20820.0 7.04154e-06
20830.000000000004 6.80203e-06
20840.0 7.39131e-06
20850.0 8.17623e-06
20860.0 8.5287e-06
20870.000000000004 8.31683e-06
20880.0 7.66821e-06
20890.0 7.63537e-06
20900.0 8.05715e-06
20910.000000000004 8.5123e-06
20920.0 8.18051e-06
20930.0 7.95907e-06
20940.0 8.18349e-06
20950.000000000004 7.82883e-06
20960.0 7.69625e-06
20970.0 7.51571e-06
20980.0 7.82619e-06
20990.000000000004 8.08476e-06
21000.0 8.05884e-06
21010.0 7.67156e-06
21020.0 7.02459e-06
21030.000000000004 7.38682e-06
21040.0 8.28597e-06
21050.0 7.81289e-06
21060.0 7.68331e-06
21070.000000000004 6.81725e-06
21080.0 7.15325e-06
21090.0 7.01974e-06
21100.0 7.2011e-06
21110.000000000004 8.10939e-06
21120.0 8.47822e-06
21130.0 8.20971e-06
21140.0 8.12582e-06
21150.000000000004 8.35666e-06
21160.0 9.36847e-06
21170.0 8.78385e-06
21180.0 8.35817e-06
21190.000000000004 7.97755e-06
21200.0 8.39681e-06
21210.0 8.35425e-06
21220.0 8.7152e-06
21230.000000000004 9.0701e-06
21240.0 8.68317e-06
21250.0 8.30298e-06
21260.0 7.31174e-06
21269.999999999996 7.10138e-06
21280.0 6.79913e-06
21290.0 6.69879e-06
21300.0 6.98242e-06
21309.999999999996 7.50208e-06
21320.0 8.67784e-06
21330.0 8.7618e-06
21340.0 8.90241e-06
21349.999999999996 8.04781e-06
21360.0 7.76128e-06
21370.0 8.42561e-06
21380.0 8.25182e-06
21389.999999999996 8.59671e-06
21400.0 8.14793e-06
21410.0 9.02937e-06
21420.0 9.43636e-06
21429.999999999996 8.9403e-06
21440.0 9.06261e-06
21450.0 8.28321e-06
21460.0 9.24084e-06
21469.999999999996 8.93781e-06
21480.0 9.71883e-06
21490.0 9.03228e-06
21500.0 8.39804e-06
21509.999999999996 8.88832e-06
21520.0 8.96666e-06
21530.0 9.29932e-06
21540.0 8.27023e-06
21549.999999999996 8.48124e-06
21560.0 8.80355e-06
21570.0 8.8388e-06
21580.0 7.66217e-06
21589.999999999996 7.32529e-06
21600.0 8.14645e-06
21610.0 8.42544e-06
21620.0 8.96699e-06
21629.999999999996 8.52822e-06
21640.0 8.35107e-06
21650.0 7.75015e-06
21660.0 7.61905e-06
21669.999999999996 8.03596e-06
21680.0 7.54492e-06
21690.0 7.15971e-06
21700.0 6.85169e-06
21710.0 7.32932e-06
21720.0 7.33869e-06
21730.0 7.0416e-06
21740.0 6.83397e-06
21750.0 7.826e-06
21760.0 8.15035e-06
21770.0 7.83234e-06
21780.0 6.32342e-06
21790.0 5.84053e-06
21800.0 6.62134e-06
21810.0 7.94303e-06
21820.0 8.6358e-06
21830.0 7.65235e-06
21840.0 6.24528e-06
21850.0 6.26879e-06
21860.0 6.9905e-06
21870.0 7.81613e-06
21880.0 7.79711e-06
21890.0 8.38378e-06
21900.0 8.29643e-06
21910.0 8.5066e-06
21920.0 8.30128e-06
21930.0 8.15638e-06
21940.0 7.87917e-06
21950.0 7.38463e-06
21960.0 7.777e-06
21970.0 8.03682e-06
21980.0 8.74174e-06
21990.0 9.61191e-06
22000.0 1.05067e-05
22010.0 1.00003e-05
22020.0 9.75555e-06
22030.0 9.13123e-06
22040.0 9.67906e-06
22050.0 9.42943e-06
22060.0 9.84083e-06
22070.0 9.5927e-06
22080.000000000004 9.21916e-06
22090.0 9.46096e-06
22100.0 1.02435e-05
22110.0 9.45591e-06
22120.000000000004 9.51441e-06
22130.0 9.54176e-06
22140.0 1.21794e-05
22150.0 1.19627e-05
22160.000000000004 1.15488e-05
22170.0 1.12614e-05
22180.0 1.17601e-05
22190.0 1.2499e-05
22200.000000000004 1.11367e-05
22210.0 9.81004e-06
22220.0 9.12955e-06
22230.0 1.04435e-05
22240.000000000004 1.15996e-05
22250.0 1.05329e-05
22260.0 1.02466e-05
22270.0 1.00963e-05
22280.000000000004 1.16322e-05
22290.0 1.17117e-05
22300.0 1.18085e-05
22310.0 1.20109e-05
22320.000000000004 1.22567e-05
22330.0 1.18092e-05
22340.0 1.17089e-05
22350.0 1.08876e-05
22360.000000000004 1.14712e-05
22370.0 1.10695e-05
22380.0 1.00959e-05
22390.0 9.95373e-06
22400.000000000004 1.03736e-05
22410.0 1.09224e-05
22420.0 1.12422e-05
22430.0 1.17337e-05
22440.000000000004 1.25606e-05
22450.0 1.19554e-05
22460.0 1.19584e-05
22470.0 1.1749e-05
22480.000000000004 1.08897e-05
22490.0 9.61092e-06
22500.0 9.64711e-06
22510.0 1.22522e-05
22519.999999999996 1.22598e-05
22530.0 1.29707e-05
22540.0 1.14761e-05
22550.0 1.26653e-05
22559.999999999996 1.24936e-05
22570.0 1.37813e-05
22580.0 1.37872e-05
22590.0 1.39674e-05
22599.999999999996 1.18103e-05
22610.0 1.13701e-05
22620.0 1.11139e-05
22630.0 1.41508e-05
22639.999999999996 1.50438e-05
22650.0 1.53399e-05
22660.0 1.26477e-05
22670.0 1.09173e-05
22679.999999999996 9.26117e-06
22690.0 9.05567e-06
22700.0 9.17014e-06
22710.0 9.29114e-06
22719.999999999996 1.01336e-05
22730.0 1.0572e-05
22740.0 9.9983e-06
22750.0 8.85345e-06
22759.999999999996 7.46703e-06
22770.0 7.54231e-06
22780.0 7.71749e-06
22790.0 7.54337e-06
22799.999999999996 7.51342e-06
22810.0 6.89495e-06
22820.0 7.42432e-06
22830.0 7.35583e-06
22839.999999999996 7.14758e-06
22850.0 6.5095e-06
22860.0 6.18848e-06
22870.0 6.08263e-06
22879.999999999996 5.91107e-06
22890.0 5.67071e-06
22900.0 4.81637e-06
22910.0 4.75374e-06
22919.999999999996 4.51823e-06
22930.0 5.32839e-06
22940.0 5.06959e-06
22950.0 4.79268e-06
22960.0 4.533e-06
22970.0 4.26202e-06
22980.0 4.20483e-06
22990.0 3.58642e-06
23000.0 3.7331e-06
23010.0 3.84181e-06
23020.0 4.13453e-06
23030.0 4.18089e-06
23040.0 3.89293e-06
23050.0 3.77085e-06
23060.0 3.32811e-06
23070.0 3.47097e-06
23080.0 3.70374e-06
23090.0 3.90875e-06
23100.0 3.9413e-06
23110.0 3.77045e-06
23120.0 3.81378e-06
23130.0 3.79959e-06
23140.0 3.54996e-06
23150.0 3.40398e-06
23160.0 2.87457e-06
23170.0 3.0045e-06
23180.0 3.07396e-06
23190.0 3.05013e-06
23200.0 2.52153e-06
23210.0 2.21602e-06
23220.0 2.29378e-06
23230.0 2.4287e-06
23240.0 2.33572e-06
23250.0 2.0044e-06
23260.0 1.87905e-06
23270.0 1.93123e-06
23280.0 2.14389e-06
23290.0 1.93862e-06
23300.0 1.73448e-06
23310.0 1.46637e-06
23320.0 1.60503e-06
23330.000000000004 1.55891e-06
23340.0 1.49241e-06
23350.0 1.32307e-06
23360.0 1.22216e-06
23370.000000000004 1.19497e-06
23380.0 1.21243e-06
23390.0 1.2003e-06
23400.0 1.21545e-06
23410.000000000004 1.08544e-06
23420.0 1.01201e-06
23430.0 9.75853e-07
23440.0 8.5391e-07
23450.000000000004 7.65684e-07
23460.0 6.56141e-07
23470.0 6.19559e-07
23480.0 5.52662e-07
23490.000000000004 5.22684e-07
23500.0 4.84478e-07
23510.0 4.2994e-07
23520.0 3.44571e-07
23530.000000000004 3.01553e-07
23540.0 2.77594e-07
23550.0 2.2158e-07
23560.0 1.82643e-07
23570.000000000004 1.50749e-07
23580.0 1.4113e-07
23590.0 1.20247e-07
23600.0 1.02782e-07
23610.000000000004 9.72753e-08
23620.0 9.36888e-08
23630.0 8.77402e-08
23640.0 7.68337e-08
23650.000000000004 6.44387e-08
23660.0 4.9342e-08
23670.0 4.51118e-08
23680.0 4.14239e-08
23690.000000000004 4.43238e-08
23700.0 3.67735e-08
23710.0 3.35934e-08
23720.0 2.4596e-08
23730.000000000004 2.15581e-08
23740.0 2.27924e-08
23750.0 2.33802e-08
23760.0 2.15056e-08
23769.999999999996 1.81499e-08
23780.0 1.92949e-08
23790.0 1.96394e-08
23800.0 1.90059e-08
23809.999999999996 1.83713e-08
23820.0 1.78271e-08
23830.0 1.74878e-08
23840.0 1.69676e-08
23849.999999999996 1.62308e-08
23860.0 1.51026e-08
23870.0 1.679e-08
23880.0 1.78684e-08
23889.999999999996 1.88289e-08
23900.0 1.84181e-08
23910.0 1.37825e-08
23920.0 1.34837e-08
23929.999999999996 1.33037e-08
23940.0 1.45983e-08
23950.0 1.35312e-08
23960.0 1.29336e-08
23969.999999999996 1.25205e-08
23980.0 1.31386e-08
23990.0 1.31594e-08
24000.0 1.27435e-08
24009.999999999996 1.10266e-08
24020.0 8.67733e-09
24030.0 8.07236e-09
24040.0 0.0
24049.999999999996 0.0
24060.0 0.0
24070.0 0.0
24080.0 0.0
24089.999999999996 0.0
24100.0 0.0
24110.0 0.0
24120.0 0.0
24129.999999999996 0.0
24140.0 0.0
24150.0 0.0
24160.0 0.0
24169.999999999996 0.0
24180.0 0.0
24190.0 0.0
24200.0 0.0
24210.0 0.0
24220.0 0.0
24230.0 0.0
24240.0 0.0
24250.0 0.0
24260.0 0.0
24270.0 0.0
24280.0 0.0
24290.0 0.0
24300.0 0.0
24310.0 0.0
24320.0 0.0
24330.0 0.0
24340.0 0.0
24350.0 0.0
24360.0 0.0
24370.0 0.0
24380.0 0.0
24390.0 0.0
24400.0 0.0
24410.0 0.0
24420.0 0.0
24430.0 0.0
24440.0 0.0
24450.0 0.0
24460.0 0.0
24470.0 0.0
24480.0 0.0
24490.0 0.0
24500.0 0.0
24510.0 0.0
24520.0 0.0
24530.0 0.0
24540.0 0.0
24550.0 0.0
24560.0 0.0
24570.0 0.0
24580.000000000004 0.0
24590.0 0.0
24600.0 0.0
24610.0 0.0
24620.000000000004 0.0
24630.0 0.0
24640.0 0.0
24650.0 0.0
24660.000000000004 0.0
24670.0 0.0
24680.0 0.0
24690.0 0.0
24700.000000000004 0.0
24710.0 0.0
24720.0 0.0
24730.0 0.0
24740.000000000004 0.0
24750.0 0.0
24760.0 0.0
24770.0 0.0
24780.000000000004 0.0
24790.0 0.0
24800.0 0.0
24810.0 0.0
24820.000000000004 0.0
24830.0 0.0
24840.0 0.0
24850.0 0.0
24860.000000000004 0.0
24870.0 0.0
24880.0 0.0
24890.0 0.0
24900.000000000004 0.0
24910.0 0.0
24920.0 0.0
24930.0 0.0
24940.000000000004 0.0
24950.0 0.0
24960.0 0.0
24970.0 0.0
24980.000000000004 0.0
24990.0 0.0
25000.0 0.0
25010.0 0.0
25019.999999999996 0.0
25030.0 0.0
25040.0 0.0
25050.0 0.0
25059.999999999996 0.0
25070.0 0.0
25080.0 0.0
25090.0 0.0
25099.999999999996 0.0
25110.0 0.0
25120.0 0.0
25130.0 0.0
25139.999999999996 0.0
25150.0 0.0
25160.0 0.0
25170.0 0.0
25179.999999999996 0.0
25190.0 0.0
25200.0 0.0
25210.0 0.0
25219.999999999996 0.0
25230.0 0.0
25240.0 0.0
25250.0 0.0
25259.999999999996 0.0
25270.0 0.0
25280.0 0.0
25290.0 0.0
25299.999999999996 0.0
25310.0 0.0
25320.0 0.0
25330.0 0.0
25339.999999999996 0.0
25350.0 0.0
25360.0 0.0
25370.0 0.0
25379.999999999996 0.0
25390.0 0.0
25400.0 0.0
25410.0 0.0
25419.999999999996 0.0
25430.0 0.0
25440.0 0.0
25450.0 0.0
25460.0 0.0
25470.0 0.0
25480.0 0.0
25490.0 0.0
25500.0 0.0
25510.0 0.0
25520.0 0.0
25530.0 0.0
25540.0 0.0
25550.0 0.0
25560.0 0.0
25570.0 0.0
25580.0 0.0
25590.0 0.0
25600.0 0.0
25610.0 0.0
25620.0 0.0
25630.0 0.0
25640.0 0.0
25650.0 0.0
25660.0 0.0
25670.0 0.0
25680.0 0.0
25690.0 0.0
25700.0 0.0
25710.0 0.0
25720.0 0.0
25730.0 0.0
25740.0 0.0
25750.0 0.0
25760.0 0.0
25770.0 0.0
25780.0 0.0
25790.0 0.0
25800.0 0.0
25810.0 0.0
25820.0 0.0
25830.000000000004 0.0
25840.0 0.0
25850.0 0.0
25860.0 0.0
25870.000000000004 0.0
25880.0 0.0
25890.0 0.0
25900.0 0.0
25910.000000000004 0.0
25920.0 0.0
25930.0 0.0
25940.0 0.0
25950.000000000004 0.0
25960.0 0.0
25970.0 0.0
25980.0 0.0
25990.000000000004 0.0
26000.0 0.0
26010.0 0.0
26020.0 0.0
26030.000000000004 0.0
26040.0 0.0
26050.0 0.0
26060.0 0.0
26070.000000000004 0.0
26080.0 0.0
26090.0 0.0
26100.0 0.0
26110.000000000004 0.0
26120.0 0.0
26130.0 0.0
26140.0 0.0
26150.000000000004 0.0
26160.0 0.0
26170.0 0.0
26180.0 0.0
26190.000000000004 0.0
26200.0 0.0
26210.0 0.0
26220.0 0.0
26230.000000000004 0.0
26240.0 0.0
26250.0 0.0
26260.0 0.0
26269.999999999996 0.0
26280.0 0.0
26290.0 0.0
26300.0 0.0
26309.999999999996 0.0
26320.0 0.0
26330.0 0.0
26340.0 0.0
26349.999999999996 0.0
26360.0 0.0
26370.0 0.0
26380.0 0.0
26389.999999999996 0.0
26400.0 0.0
26410.0 0.0
26420.0 0.0
26429.999999999996 0.0
26440.0 0.0
26450.0 0.0
26460.0 0.0
26469.999999999996 0.0
26480.0 0.0
26490.0 0.0
26500.0 0.0
26509.999999999996 0.0
26520.0 8.42719e-07
26530.0 1.678e-06
26540.0 2.51299e-06
26549.999999999996 9.25659e-06
26560.0 1.59993e-05
26570.0 1.62389e-05
26580.0 1.64782e-05
26589.999999999996 1.67194e-05
26600.0 2.00372e-05
26610.0 2.3353e-05
26620.0 2.66683e-05
26629.999999999996 1.72452e-05
26640.0 7.82597e-06
26650.0 1.6017e-05
26660.0 2.42091e-05
26669.999999999996 3.23998e-05
26680.0 3.08235e-05
26690.0 2.92474e-05
26700.0 2.76712e-05
26710.0 1.47652e-05
26720.0 1.86816e-06
26730.0 4.24163e-06
26740.0 6.61283e-06
26750.0 8.98329e-06
26760.0 9.97438e-06
26770.0 1.09623e-05
26780.0 1.19515e-05
26790.0 1.74944e-05
26800.0 2.30346e-05
26810.0 1.64606e-05
26820.0 9.89155e-06
26830.0 3.32602e-06
26840.0 2.21931e-06
26850.0 1.1131e-06
26860.0 0.0
26870.0 0.0
26880.0 0.0
26890.0 0.0
26900.0 0.0
26910.0 0.0
26920.0 0.0
26930.0 0.0
26940.0 0.0
26950.0 0.0
26960.0 0.0
26970.0 0.0
26980.0 0.0
26990.0 0.0
27000.0 0.0
27010.0 0.0
27020.0 0.0
27030.0 0.0
27040.0 0.0
27050.0 0.0
27060.0 0.0
27070.0 0.0
27080.000000000004 0.0
27090.0 0.0
27100.0 2.6372e-08
27110.0 4.53393e-08
27120.000000000004 6.41768e-08
27130.0 4.44383e-06
27140.0 8.79242e-06
27150.0 1.31109e-05
27160.000000000004 8.83975e-06
27170.0 4.59931e-06
27180.0 3.05882e-06
27190.0 1.5286e-06
27200.000000000004 9.40616e-09
27210.0 6.71772e-06
27220.0 1.33911e-05
27230.0 2.00313e-05
27240.000000000004 2.05537e-05
27250.0 2.1071e-05
27260.0 2.61003e-05
27270.0 3.11015e-05
27280.000000000004 3.60759e-05
27290.0 4.21564e-05
27300.0 4.82026e-05
27310.0 5.43686e-05
27320.000000000004 5.216e-05
27330.0 4.99624e-05
27340.0 4.72927e-05
27350.0 4.46222e-05
27360.000000000004 4.19504e-05
27370.0 4.0762e-05
27380.0 3.95734e-05
27390.0 3.83841e-05
27400.000000000004 3.55293e-05
27410.0 3.26946e-05
27420.0 3.16644e-05
27430.0 3.06367e-05
27440.000000000004 2.96045e-05
27450.0 2.91639e-05
27460.0 2.87287e-05
27470.0 2.82903e-05
27480.000000000004 3.44795e-05
27490.0 4.06685e-05
27500.0 3.45775e-05
27510.0 2.84801e-05
27519.999999999996 2.23701e-05
27530.0 2.35509e-05
27540.0 2.47328e-05
27550.0 2.59083e-05
27559.999999999996 2.24998e-05
27570.0 1.90876e-05
27580.0 1.9333e-05
27590.0 1.95827e-05
27599.999999999996 1.98264e-05
27610.0 1.04873e-05
27620.0 1.13318e-06
27630.0 7.59096e-07
27639.999999999996 3.84396e-07
27650.0 9.33864e-09
27660.0 6.60233e-06
27670.0 1.32027e-05
27679.999999999996 1.98086e-05
27690.0 1.83489e-05
27700.0 1.68823e-05
27710.0 1.40525e-05
27719.999999999996 1.12219e-05
27730.0 8.38553e-06
27740.0 1.11424e-05
27750.0 1.39029e-05
27759.999999999996 1.66641e-05
27770.0 2.47716e-05
27780.0 3.289e-05
27790.0 3.00954e-05
27799.999999999996 2.73072e-05
27810.0 2.45278e-05
27820.0 2.1244e-05
27830.0 1.79508e-05
27839.999999999996 1.46515e-05
27850.0 1.79454e-05
27860.0 2.12459e-05
27870.0 2.69955e-05
27879.999999999996 3.27574e-05
27890.0 3.85311e-05
27900.0 3.51492e-05
27910.0 3.17579e-05
27919.999999999996 2.83518e-05
27930.0 2.4962e-05
27940.0 2.1561e-05
27950.0 2.49697e-05
27960.0 2.83856e-05
27970.0 3.18033e-05
27980.0 2.77686e-05
27990.0 2.37274e-05
28000.0 1.96696e-05
28010.0 2.08962e-05
28020.0 2.212e-05
28030.0 2.03076e-05
28040.0 1.84884e-05
28050.0 1.667e-05
28060.0 1.8822e-05
28070.0 2.09805e-05
28080.0 2.31401e-05
28090.0 2.53092e-05
28100.0 2.74863e-05
28110.0 2.85702e-05
28120.0 2.96552e-05
28130.0 3.07448e-05
28140.0 3.69096e-05
28150.0 4.30843e-05
28160.0 4.9266e-05
28170.0 5.37353e-05
28180.0 5.82167e-05
28190.0 5.64139e-05
28200.0 5.45912e-05
28210.0 5.2732e-05
28220.0 5.57535e-05
28230.0 5.87686e-05
28240.0 6.1789e-05
28250.0 5.85681e-05
28260.0 5.53425e-05
28270.0 5.97068e-05
28280.0 6.40518e-05
28290.0 6.84063e-05
28300.0 6.75425e-05
28310.0 6.66899e-05
28320.0 6.47079e-05
28330.000000000004 6.27326e-05
28340.0 6.0738e-05
28350.0 6.2364e-05
28360.0 6.39832e-05
28370.000000000004 6.56022e-05
28380.0 5.95752e-05
28390.0 5.35576e-05
28400.0 5.44373e-05
28410.000000000004 5.52963e-05
28420.0 5.61719e-05
28430.0 6.07794e-05
28440.0 6.5368e-05
28450.000000000004 6.99674e-05
28460.0 7.16345e-05
28470.0 7.32788e-05
28480.0 7.10603e-05
28490.000000000004 6.88209e-05
28500.0 6.6611e-05
28510.0 6.76192e-05
28520.0 6.86407e-05
28530.000000000004 6.96478e-05
28540.0 6.86977e-05
28550.0 6.77267e-05
28560.0 6.55703e-05
28570.000000000004 6.33937e-05
28580.0 6.12318e-05
28590.0 6.20348e-05
28600.0 6.28248e-05
28610.000000000004 6.36325e-05
28620.0 6.83539e-05
28630.0 7.30658e-05
28640.0 6.9987e-05
28650.000000000004 6.68872e-05
28660.0 6.37887e-05
28670.0 6.38814e-05
28680.0 6.39543e-05
28690.000000000004 6.40339e-05
28700.0 6.80071e-05
28710.0 7.19666e-05
28720.0 7.64171e-05
28730.000000000004 8.0867e-05
28740.0 8.53082e-05
28750.0 8.67644e-05
28760.0 8.82202e-05
28769.999999999996 8.96936e-05
28780.0 8.9484e-05
28790.0 8.92845e-05
28800.0 9.04408e-05
28809.999999999996 9.163e-05
28820.0 9.28007e-05
28830.0 9.34476e-05
28840.0 9.40958e-05
28849.999999999996 9.47622e-05
28860.0 8.95504e-05
28870.0 8.43472e-05
28880.0 8.36467e-05
28889.999999999996 8.29636e-05
28900.0 8.22543e-05
28910.0 8.34456e-05
28920.0 8.46367e-05
28929.999999999996 8.5819e-05
28940.0 8.55142e-05
28950.0 8.52008e-05
28960.0 8.59161e-05
28969.999999999996 8.66234e-05
28980.0 8.73384e-05
28990.0 8.97109e-05
29000.0 9.20567e-05
29009.999999999996 9.25742e-05
29020.0 9.30921e-05
29030.0 9.36004e-05
29040.0 9.50432e-05
29049.999999999996 9.64848e-05
29060.0 9.7917e-05
29070.0 8.88296e-05
29080.0 7.97291e-05
29089.999999999996 7.55215e-05
29100.0 7.13128e-05
29110.0 6.71007e-05
29120.0 6.77519e-05
29129.999999999996 6.84034e-05
29140.0 6.90259e-05
29150.0 7.67367e-05
29160.0 8.44395e-05
29169.999999999996 8.59562e-05
29180.0 8.74733e-05
29190.0 8.89613e-05
29200.0 8.23397e-05
29210.0 7.57181e-05
29220.0 6.91048e-05
29230.0 6.84849e-05
29240.0 6.7858e-05
29250.0 6.74362e-05
29260.0 6.70282e-05
29270.0 6.66136e-05
29280.0 6.58324e-05
29290.0 6.50653e-05
29300.0 6.42912e-05
29310.0 7.15855e-05
29320.0 7.88611e-05
29330.0 7.63435e-05
29340.0 7.38188e-05
29350.0 7.13022e-05
29360.0 6.71953e-05
29370.0 6.30705e-05
29380.0 5.8974e-05
29390.0 6.281e-05
29400.0 6.66529e-05
29410.0 6.80697e-05
29420.0 6.94932e-05
29430.0 7.08944e-05
29440.0 6.87734e-05
29450.0 6.66384e-05
29460.0 6.45109e-05
29470.0 6.81639e-05
29480.0 7.18091e-05
29490.0 6.8431e-05
29500.0 6.50458e-05
29510.0 6.16661e-05
29520.0 5.91465e-05
29530.0 5.66203e-05
29540.0 5.41009e-05
29550.0 5.74173e-05
29560.0 6.07338e-05
29570.0 6.20954e-05
29580.000000000004 6.34504e-05
29590.0 6.4826e-05
29600.0 6.66157e-05
29610.0 6.8392e-05
29620.000000000004 7.01676e-05
29630.0 6.54496e-05
29640.0 6.07401e-05
29650.0 6.04103e-05
29660.000000000004 6.00741e-05
29670.0 5.97571e-05
29680.0 6.4054e-05
29690.0 6.83719e-05
29700.000000000004 6.87348e-05
29710.0 6.90982e-05
29720.0 6.94542e-05
29730.0 6.72958e-05
29740.000000000004 6.51242e-05
29750.0 6.29805e-05
29760.0 6.2269e-05
29770.0 6.15511e-05
29780.000000000004 6.18991e-05
29790.0 6.22602e-05
29800.0 6.26148e-05
29810.0 6.06676e-05
29820.000000000004 5.87401e-05
29830.0 5.68073e-05
29840.0 5.90702e-05
29850.0 6.13329e-05
29860.000000000004 5.92439e-05
29870.0 5.71554e-05
29880.0 5.50604e-05
29890.0 5.48535e-05
29900.000000000004 5.46466e-05
29910.0 5.44352e-05
29920.0 5.60004e-05
29930.0 5.75529e-05
29940.000000000004 5.47521e-05
29950.0 5.19447e-05
29960.0 4.91423e-05
29970.0 4.92434e-05
29980.000000000004 4.93551e-05
29990.0 4.94668e-05
30000.0 4.56312e-05
30010.0 4.18051e-05
30019.999999999996 3.76512e-05
30030.0 3.34913e-05
30040.0 2.93397e-05
30050.0 2.87111e-05
30059.999999999996 2.80796e-05
30070.0 2.7451e-05
30080.0 2.94286e-05
30090.0 3.14065e-05
30099.999999999996 3.46346e-05
30110.0 3.78542e-05
30120.0 4.10779e-05
30130.0 4.22408e-05
30139.999999999996 4.34121e-05
30150.0 4.45837e-05
30160.0 4.91005e-05
30170.0 5.36119e-05
30179.999999999996 5.80384e-05
30190.0 6.24725e-05
30200.0 6.68987e-05
30210.0 6.50103e-05
30219.999999999996 6.31294e-05
30230.0 6.12427e-05
30240.0 6.69472e-05
30250.0 7.26591e-05
30259.999999999996 7.24238e-05
30270.0 7.22042e-05
30280.0 7.19771e-05
30290.0 7.03003e-05
30299.999999999996 6.86392e-05
30310.0 6.69721e-05
30320.0 6.75934e-05
30330.0 6.82073e-05
30339.999999999996 6.90393e-05
30350.0 6.98641e-05
30360.0 7.06885e-05
30370.0 7.57406e-05
30379.999999999996 8.08e-05
30390.0 8.17773e-05
30400.0 8.27457e-05
30410.0 8.3716e-05
30419.999999999996 8.35648e-05
30430.0 8.34048e-05
30440.0 8.32364e-05
30450.0 8.36693e-05
30460.0 8.40751e-05
30470.0 8.24733e-05
30480.0 8.08536e-05
30490.0 7.92604e-05
30500.0 7.77775e-05
30510.0 7.63158e-05
30520.0 7.48306e-05
30530.0 7.12562e-05
30540.0 6.76897e-05
30550.0 6.71461e-05
30560.0 6.66023e-05
30570.0 6.60734e-05
30580.0 6.17247e-05
30590.0 5.73913e-05
30600.0 5.30528e-05
30610.0 5.86662e-05
30620.0 6.42721e-05
30630.0 6.60177e-05
30640.0 6.77563e-05
30650.0 6.94953e-05
30660.0 6.57147e-05
30670.0 6.19276e-05
30680.0 5.81584e-05
30690.0 5.22408e-05
30700.0 4.63287e-05
30710.0 4.42145e-05
30720.0 4.2115e-05
30730.0 4.00022e-05
30740.0 4.24434e-05
30750.0 4.48716e-05
30760.0 4.73133e-05
30770.0 5.22917e-05
30780.0 5.72767e-05
30790.0 5.54407e-05
30800.0 5.36108e-05
30810.0 5.17868e-05
30820.0 4.81425e-05
30830.000000000004 4.451e-05
30840.0 4.08813e-05
30850.0 4.17418e-05
30860.0 4.26024e-05
30870.000000000004 4.4992e-05
30880.0 4.73869e-05
30890.0 4.97814e-05
30900.0 5.01493e-05
30910.000000000004 5.05111e-05
30920.0 5.08727e-05
30930.0 4.57695e-05
30940.0 4.06755e-05
30950.000000000004 3.90199e-05
30960.0 3.73689e-05
30970.0 3.57259e-05
30980.0 3.82326e-05
30990.000000000004 4.07339e-05
31000.0 4.32526e-05
31010.0 4.62031e-05
31020.0 4.9157e-05
31030.000000000004 4.81854e-05
31040.0 4.7229e-05
31050.0 4.62678e-05
31060.0 4.30129e-05
31070.000000000004 3.97661e-05
31080.0 4.06741e-05
31090.0 4.15906e-05
31100.0 4.25072e-05
31110.000000000004 4.45494e-05
31120.0 4.65963e-05
31130.0 4.86333e-05
31140.0 5.08157e-05
31150.000000000004 5.30028e-05
31160.0 5.09816e-05
31170.0 4.89708e-05
31180.0 4.69501e-05
31190.000000000004 4.60268e-05
31200.0 4.51226e-05
31210.0 4.41958e-05
31220.0 4.57935e-05
31230.000000000004 4.73814e-05
31240.0 4.54126e-05
31250.0 4.34533e-05
31260.0 4.14753e-05
31269.999999999996 3.90658e-05
31280.0 3.66603e-05
31290.0 3.42431e-05
31300.0 3.70377e-05
31309.999999999996 3.98376e-05
31320.0 3.85061e-05
31330.0 3.71668e-05
31340.0 3.5839e-05
31349.999999999996 3.39034e-05
31360.0 3.19711e-05
31370.0 3.0038e-05
31380.0 2.82216e-05
31389.999999999996 2.64081e-05
31400.0 2.3885e-05
31410.0 2.13642e-05
31420.0 1.88411e-05
31429.999999999996 2.05563e-05
31440.0 2.22721e-05
31450.0 2.39876e-05
31460.0 2.39466e-05
31469.999999999996 2.39081e-05
31480.0 2.44462e-05
31490.0 2.49871e-05
31500.0 2.55254e-05
31509.999999999996 2.24933e-05
31520.0 1.94586e-05
31530.0 1.64269e-05
31540.0 8.22414e-06
31549.999999999996 2.18212e-08
31560.0 2.10612e-06
31570.0 4.19122e-06
31580.0 6.27548e-06
31589.999999999996 6.45491e-06
31600.0 6.63374e-06
31610.0 6.81325e-06
31620.0 3.4109e-06
31629.999999999996 0.0
31640.0 3.95549e-08
31650.0 7.12268e-08
31660.0 1.02889e-07
31669.999999999996 2.45127e-06
31680.0 4.79896e-06
31690.0 7.14729e-06
31700.0 4.31191e-06
31710.0 1.47756e-06
31720.0 1.00706e-06
31730.0 5.3634e-07
31740.0 6.59318e-08
31750.0 3.65098e-08
31760.0 0.0
31770.0 0.0
31780.0 0.0
31790.0 0.0
31800.0 0.0
31810.0 0.0
31820.0 0.0
31830.0 0.0
31840.0 0.0
31850.0 0.0
31860.0 0.0
31870.0 0.0
31880.0 0.0
31890.0 0.0
31900.0 0.0
31910.0 0.0
31920.0 0.0
31930.0 2.52008e-06
31940.0 5.03232e-06
31950.0 7.54439e-06
31960.0 8.17071e-06
31970.0 8.79851e-06
31980.0 9.42544e-06
31990.0 6.32579e-06
32000.0 3.22558e-06
32010.0 2.26029e-06
32020.0 1.29561e-06
32030.0 3.31e-07
32040.0 4.10155e-06
32050.0 7.87021e-06
32060.0 1.16391e-05
32070.0 1.20275e-05
32080.000000000004 1.2417e-05
32090.0 1.7632e-05
32100.0 2.28432e-05
32110.0 2.80574e-05
32120.000000000004 2.70614e-05
32130.0 2.60682e-05
32140.0 2.50754e-05
32150.0 1.89156e-05
32160.000000000004 1.27561e-05
32170.0 9.83205e-06
32180.0 6.90609e-06
32190.0 3.98233e-06
32200.000000000004 6.89105e-06
32210.0 9.79734e-06
32220.0 1.27044e-05
32230.0 1.90239e-05
32240.000000000004 2.53341e-05
32250.0 2.95982e-05
32260.0 3.38527e-05
32270.0 3.81113e-05
32280.000000000004 3.71313e-05
32290.0 3.61589e-05
32300.0 3.51799e-05
32310.0 2.98283e-05
32320.000000000004 2.44818e-05
32330.0 2.3114e-05
32340.0 2.17464e-05
32350.0 2.03856e-05
32360.000000000004 1.93308e-05
32370.0 1.82764e-05
32380.0 1.72224e-05
32390.0 1.385e-05
32400.000000000004 1.04811e-05
32410.0 1.11028e-05
32420.0 1.17222e-05
32430.0 1.23428e-05
32440.000000000004 1.32395e-05
32450.0 1.41347e-05
32460.0 9.71098e-06
32470.0 5.28912e-06
32480.000000000004 8.67914e-07
32490.0 5.80863e-07
32500.0 2.93866e-07
32510.0 0.0
32519.999999999996 4.13155e-08
32530.0 7.55828e-08
32540.0 1.50817e-06
32550.0 2.94108e-06
32559.999999999996 4.37277e-06
32570.0 5.06535e-06
32580.0 5.7579e-06
32590.0 6.44997e-06
32599.999999999996 6.3111e-06
32610.0 6.17378e-06
32620.0 4.14472e-06
32630.0 2.11556e-06
32639.999999999996 8.7091e-08
32650.0 6.04006e-08
32660.0 3.37082e-08
32670.0 0.0
32679.999999999996 0.0
32690.0 0.0
32700.0 0.0
32710.0 0.0
32719.999999999996 0.0
32730.0 0.0
32740.0 0.0
32750.0 0.0
32759.999999999996 0.0
32770.0 0.0
32780.0 0.0
32790.0 0.0
32800.0 0.0
32810.0 0.0
32820.0 0.0
32830.0 0.0
32840.0 0.0
32850.0 0.0
32860.0 0.0
32870.0 0.0
32880.0 0.0
32890.0 0.0
32900.0 0.0
32910.0 0.0
32920.0 0.0
32930.0 0.0
32940.0 0.0
32950.0 0.0
32960.0 0.0
32970.0 0.0
32980.0 0.0
32990.0 0.0
33000.0 0.0
33010.0 0.0
33020.0 1.74035e-07
33030.0 3.40945e-07
33040.0 5.07956e-07
33050.0 1.32529e-06
33060.0 2.14256e-06
33070.0 2.95922e-06
33080.0 1.48277e-06
33090.0 0.0
33100.0 0.0
33110.0 0.0
33120.0 0.0
33130.0 0.0
33140.0 0.0
33150.0 0.0
33160.0 0.0
33170.0 0.0
33180.0 0.0
33190.0 0.0
33200.0 0.0
33210.0 0.0
33220.0 0.0
33230.0 0.0
33240.0 0.0
33250.0 0.0
33260.0 0.0
33270.0 0.0
33280.0 0.0
33290.0 0.0
33300.0 0.0
33310.0 0.0
33320.0 0.0
33330.0 0.0
33340.0 0.0
33350.0 0.0
33360.0 0.0
33370.0 0.0
33380.0 0.0
33390.0 0.0
33400.0 0.0
33410.0 0.0
33420.0 0.0
33430.0 0.0
33440.0 0.0
33450.0 0.0
33460.0 0.0
33470.0 0.0
33480.0 0.0
33490.0 0.0
33500.0 0.0
33510.0 0.0
33520.0 0.0
33530.0 0.0
33540.0 0.0
33550.0 0.0
33560.0 0.0
33570.0 0.0
33580.0 0.0
33590.0 0.0
33600.0 0.0
33610.0 0.0
33620.0 0.0
33630.0 0.0
33640.0 0.0
33650.0 0.0
33660.0 0.0
33670.0 0.0
33680.0 0.0
33690.0 0.0
33700.0 0.0
33710.0 0.0
33720.0 0.0
33730.0 0.0
33740.0 0.0
33750.0 0.0
33760.0 0.0
33770.0 0.0
33780.0 0.0
33790.0 0.0
33800.0 0.0
33810.0 0.0
33820.0 0.0
33830.0 0.0
33840.0 0.0
33850.0 0.0
33860.0 0.0
33870.0 0.0
33880.0 0.0
33890.0 0.0
33900.0 0.0
33910.0 0.0
33920.0 0.0
33930.0 0.0
33940.0 0.0
33950.0 0.0
33960.0 0.0
33970.0 0.0
33980.0 0.0
33990.0 0.0
34000.0 0.0
34010.0 0.0
34020.0 0.0
34030.0 0.0
34040.0 0.0
34050.0 0.0
34060.0 0.0
34070.0 0.0
34080.0 0.0
34090.0 0.0
34100.0 0.0
34110.0 0.0
34120.0 0.0
34130.0 0.0
34140.0 0.0
34150.0 0.0
34160.0 0.0
34170.0 0.0
34180.0 0.0
34190.0 0.0
34200.0 0.0
34210.0 0.0
34220.0 0.0
34230.0 0.0
34240.0 0.0
34250.0 0.0
34260.0 0.0
34270.0 0.0
34280.0 0.0
34290.0 0.0
34300.0 0.0
34310.0 0.0
34320.0 0.0
34330.0 0.0
34340.0 0.0
34350.0 0.0
34360.0 0.0
34370.0 0.0
34380.0 0.0
34390.0 0.0
34400.0 0.0
34410.0 0.0
34420.0 0.0
34430.0 0.0
34440.0 0.0
34450.0 0.0
34460.0 0.0
34470.0 0.0
34480.0 0.0
34490.0 0.0
34500.0 0.0
34510.0 0.0
34520.0 0.0
34530.0 0.0
34540.0 0.0
34550.0 0.0
34560.0 0.0
34570.0 0.0
34580.0 0.0
34590.0 0.0
34600.0 0.0
34610.0 0.0
34620.0 0.0
34630.0 0.0
34640.0 0.0
34650.0 0.0
34660.0 0.0
34670.0 0.0
34680.0 0.0
34690.0 0.0
34700.0 0.0
34710.0 0.0
34720.0 0.0
34730.0 0.0
34740.0 0.0
34750.0 0.0
34760.0 0.0
34770.0 0.0
34780.0 0.0
34790.0 0.0
34800.0 0.0
34810.0 0.0
34820.0 0.0
34830.0 0.0
34840.0 0.0
34850.0 0.0
34860.0 0.0
34870.0 0.0
34880.0 0.0
34890.0 0.0
34900.0 0.0
34910.0 0.0
34920.0 0.0
34930.0 0.0
34940.0 0.0
34950.0 0.0
34960.0 0.0
34970.0 0.0
34980.0 0.0
34990.0 0.0
35000.0 0.0
35010.0 0.0
35020.0 0.0
35030.0 0.0
35040.0 0.0
35050.0 0.0
35060.0 0.0
35070.0 0.0
35080.0 0.0
35090.0 0.0
35100.0 0.0
35110.0 0.0
35120.0 0.0
35130.0 0.0
35140.0 0.0
35150.0 0.0
35160.0 0.0
35170.0 0.0
35180.0 0.0
35190.0 0.0
35200.0 0.0
35210.0 0.0
35220.0 0.0
35230.0 0.0
35240.0 0.0
35250.0 0.0
35260.0 0.0
35270.0 0.0
35280.0 0.0
35290.0 0.0
35300.0 0.0
35310.0 0.0
35320.0 0.0
35330.0 0.0
35340.0 0.0
35350.0 0.0
35360.0 0.0
35370.0 0.0
35380.0 0.0
35390.0 0.0
35400.0 0.0
35410.0 0.0
35420.0 0.0
35430.0 0.0
35440.0 0.0
35450.0 0.0
35460.0 0.0
35470.0 0.0
35480.0 0.0
35490.0 0.0
35500.0 0.0
35510.0 0.0
35520.0 0.0
35530.0 0.0
35540.0 0.0
35550.0 0.0
35560.0 0.0
35570.0 0.0
35580.0 0.0
35590.0 0.0
35600.0 0.0
35610.0 0.0
35620.0 0.0
35630.0 0.0
35640.0 0.0
35650.0 0.0
35660.0 0.0
35670.0 0.0
35680.0 0.0
35690.0 0.0
35700.0 0.0
35710.0 0.0
35720.0 0.0
35730.0 0.0
35740.0 0.0
35750.0 0.0
35760.0 0.0
35770.0 0.0
35780.0 0.0
35790.0 0.0
35800.0 0.0
35810.0 0.0
35820.0 0.0
35830.0 0.0
35840.0 0.0
35850.0 0.0
35860.0 0.0
35870.0 0.0
35880.0 0.0
35890.0 0.0
35900.0 0.0
35910.0 0.0
35920.0 0.0
35930.0 0.0
35940.0 0.0
35950.0 0.0
35960.0 0.0
35970.0 0.0
35980.0 0.0
35990.0 0.0
36000.0 0.0
36010.0 0.0
36020.0 0.0
36030.0 0.0
36040.0 0.0
36050.0 0.0
36060.0 0.0
36070.0 0.0
36080.0 0.0
36090.0 0.0
36100.0 0.0
36110.0 0.0
36120.0 0.0
36130.0 0.0
36140.0 0.0
36150.0 0.0
36160.0 0.0
36170.0 0.0
36180.0 0.0
36190.0 0.0
36200.0 0.0
36210.0 0.0
36220.0 0.0
36230.0 0.0
36240.0 0.0
36250.0 0.0
36260.0 0.0
36270.0 0.0
36280.0 0.0
36290.0 0.0
36300.0 0.0
36310.0 0.0
36320.0 0.0
36330.0 0.0
36340.0 0.0
36350.0 0.0
36360.0 0.0
36370.0 0.0
36380.0 0.0
36390.0 0.0
36400.0 0.0
36410.0 0.0
36420.0 0.0
36430.0 0.0
36440.0 0.0
36450.0 0.0
36460.0 0.0
36470.0 7.16346e-07
36480.0 1.42043e-06
36490.0 2.11889e-06
36500.0 2.47464e-06
36510.0 2.82737e-06
36520.0 2.0621e-06
36530.0 1.30239e-06
36540.0 5.48917e-07
36550.0 3.65728e-07
36560.0 1.84027e-07
36570.0 0.0
36580.0 0.0
36590.0 0.0
36600.0 0.0
36610.0 0.0
36620.0 0.0
36630.0 1.14395e-08
36640.0 1.91752e-08
36650.0 2.68445e-08
36660.0 1.43943e-06
36670.0 2.84021e-06
36680.0 2.57881e-06
36690.0 2.31957e-06
36700.0 2.06243e-06
36710.0 2.12648e-06
36720.0 2.18991e-06
36730.0 2.25294e-06
36740.0 2.28578e-06
36750.0 2.31801e-06
36760.0 1.9315e-06
36770.0 1.54843e-06
36780.0 1.16873e-06
36790.0 7.98587e-07
36800.0 4.31654e-07
36810.0 6.80864e-08
36820.0 5.18376e-08
36830.0 3.57244e-08
36840.0 3.87298e-07
36850.0 7.35603e-07
36860.0 1.08072e-06
36870.0 8.80494e-07
36880.0 6.82097e-07
36890.0 4.85541e-07
36900.0 2.5303e-07
36910.0 2.27746e-08
36920.0 1.61667e-08
36930.0 9.62427e-09
36940.0 0.0
36950.0 0.0
36960.0 0.0
36970.0 0.0
36980.0 0.0
36990.0 0.0
37000.0 9.5311e-09
37010.0 1.59395e-08
37020.0 2.22885e-08
37030.0 1.65009e-07
37040.0 3.06443e-07
37050.0 4.46537e-07
37060.0 6.7436e-07
37070.0 9.0009e-07
37080.0 7.14709e-07
37090.0 5.308e-07
37100.0 3.48668e-07
37110.0 3.68855e-07
37120.0 3.88847e-07
37130.0 4.08567e-07
37140.0 2.30507e-07
37150.0 5.40439e-08
37160.0 3.6809e-08
37170.0 1.973e-08
37180.0 0.0
37190.0 0.0
37200.0 0.0
37210.0 0.0
37220.0 0.0
37230.0 0.0
37240.0 0.0
37250.0 0.0
37260.0 0.0
37270.0 0.0
37280.0 0.0
37290.0 0.0
37300.0 0.0
37310.0 0.0
37320.0 0.0
37330.0 0.0
37340.0 0.0
37350.0 1.34974e-08
37360.0 2.42806e-08
37370.0 3.5787e-08
37380.0 4.71701e-08
37390.0 5.84292e-08
37400.0 4.67226e-08
37410.0 3.51341e-08
37420.0 2.36609e-08
37430.0 2.3015e-07
37440.0 4.34475e-07
37450.0 3.00516e-07
37460.0 1.67892e-07
37470.0 3.67595e-08
37480.0 3.27143e-08
37490.0 2.8701e-08
37500.0 2.47403e-08
37510.0 1.53453e-06
37520.0 2.99042e-06
37530.0 3.28412e-06
37540.0 3.56532e-06
37550.0 3.83301e-06
37560.0 3.58905e-06
37570.0 3.35174e-06
37580.0 3.12045e-06
37590.0 2.96533e-06
37600.0 2.81377e-06
37610.0 2.95277e-06
37620.0 3.09033e-06
37630.0 3.22735e-06
37640.0 2.95004e-06
37650.0 2.67414e-06
37660.0 2.40092e-06
37670.0 2.31313e-06
37680.0 2.22594e-06
37690.0 2.83931e-06
37700.0 3.44839e-06
37710.0 4.0526e-06
37720.0 3.80525e-06
37730.0 3.55869e-06
37740.0 3.31513e-06
37750.0 3.67895e-06
37760.0 4.0397e-06
37770.0 4.15386e-06
37780.0 4.26828e-06
37790.0 4.3816e-06
37800.0 3.7525e-06
37810.0 3.13738e-06
37820.0 2.5241e-06
37830.0 2.1617e-06
37840.0 1.80002e-06
37850.0 1.88007e-06
37860.0 1.95974e-06
37870.0 2.03963e-06
37880.0 2.37982e-06
37890.0 2.71924e-06
37900.0 2.95599e-06
37910.0 3.19202e-06
37920.0 3.42723e-06
37930.0 4.0591e-06
37940.0 4.69011e-06
37950.0 5.32003e-06
37960.0 5.65849e-06
37970.0 5.99629e-06
37980.0 5.50094e-06
37990.0 5.00668e-06
38000.0 4.51337e-06
38010.0 4.13512e-06
38020.0 3.75818e-06
38030.0 3.38199e-06
38040.0 3.14259e-06
38050.0 2.90359e-06
38060.0 3.04249e-06
38070.0 3.18109e-06
38080.0 3.31944e-06
38090.0 3.79005e-06
38100.0 4.25924e-06
38110.0 4.72783e-06
38120.0 5.37719e-06
38130.0 6.0252e-06
38140.0 5.93537e-06
38150.0 5.84569e-06
38160.0 5.75621e-06
38170.0 5.5077e-06
38180.0 5.25965e-06
38190.0 5.01319e-06
38200.0 4.97396e-06
38210.0 4.93381e-06
38220.0 4.71017e-06
38230.0 4.487e-06
38240.0 4.26427e-06
38250.0 3.91109e-06
38260.0 3.55873e-06
38270.0 3.20776e-06
38280.0 2.83908e-06
38290.0 2.47126e-06
38300.0 2.07535e-06
38310.0 1.68019e-06
38320.0 1.28595e-06
38330.0 1.25886e-06
38340.0 1.23143e-06
38350.0 1.2042e-06
38360.0 1.78891e-06
38370.0 2.37238e-06
38380.0 2.93614e-06
38390.0 3.49809e-06
38400.0 4.05882e-06
38410.0 3.91794e-06
38420.0 3.77697e-06
38430.0 3.63706e-06
38440.0 2.12734e-06
38450.0 6.21252e-07
38460.0 4.17803e-07
38470.0 2.14791e-07
38480.0 1.21733e-08
38490.0 8.67212e-09
38500.0 0.0
38510.0 0.0
38520.0 1.93272e-08
38530.0 3.69238e-08
38540.0 6.8143e-07
38550.0 1.32436e-06
38560.0 1.96589e-06
38570.0 3.18943e-06
38580.0 4.40939e-06
38590.0 4.29361e-06
38600.0 4.17808e-06
38610.0 4.06363e-06
38620.0 3.59541e-06
38630.0 3.1282e-06
38640.0 2.66189e-06
38650.0 2.76929e-06
38660.0 2.87589e-06
38670.0 3.15289e-06
38680.0 3.42919e-06
38690.0 3.70565e-06
38700.0 3.67637e-06
38710.0 3.6466e-06
38720.0 3.6169e-06
38730.0 3.27682e-06
38740.0 2.93671e-06
38750.0 2.92789e-06
38760.0 2.91908e-06
38770.0 2.91087e-06
38780.0 2.90513e-06
38790.0 2.89973e-06
38800.0 2.89399e-06
38810.0 2.55973e-06
38820.0 2.22529e-06
38830.0 2.15196e-06
38840.0 2.07891e-06
38850.0 2.00615e-06
38860.0 2.09322e-06
38870.0 2.1802e-06
38880.0 2.26706e-06
38890.0 2.36751e-06
38900.0 2.46768e-06
38910.0 2.52013e-06
38920.0 2.57251e-06
38930.0 2.62483e-06
38940.0 2.70726e-06
38950.0 2.78904e-06
38960.0 2.87071e-06
38970.0 2.92147e-06
38980.0 2.97276e-06
38990.0 2.72092e-06
39000.0 2.4687e-06
39010.0 2.21677e-06
39020.0 2.39572e-06
39030.0 2.57449e-06
39040.0 2.75297e-06
39050.0 3.35686e-06
39060.0 3.95908e-06
39070.0 3.5473e-06
39080.0 3.13615e-06
39090.0 2.72553e-06
39100.0 2.35471e-06
39110.0 1.98477e-06
39120.0 1.61534e-06
39130.0 1.69609e-06
39140.0 1.77673e-06
39150.0 2.1331e-06
39160.0 2.48904e-06
39170.0 2.84493e-06
39180.0 3.07633e-06
39190.0 3.30715e-06
39200.0 3.53847e-06
39210.0 3.84322e-06
39220.0 4.14805e-06
39230.0 4.29824e-06
39240.0 4.44821e-06
39250.0 4.59799e-06
39260.0 4.35706e-06
39270.0 4.11599e-06
39280.0 3.53734e-06
39290.0 2.96003e-06
39300.0 2.3826e-06
39310.0 2.03862e-06
39320.0 1.69479e-06
39330.0 1.35128e-06
39340.0 1.4285e-06
39350.0 1.5058e-06
39360.0 1.97026e-06
39370.0 2.43403e-06
39380.0 2.89725e-06
39390.0 3.47656e-06
39400.0 4.05482e-06
39410.0 4.63179e-06
39420.0 4.37554e-06
39430.0 4.11904e-06
39440.0 3.77437e-06
39450.0 3.43011e-06
39460.0 3.08654e-06
39470.0 2.88154e-06
39480.0 2.6768e-06
39490.0 2.47308e-06
39500.0 1.56912e-06
39510.0 6.66482e-07
39520.0 9.55909e-07
39530.0 1.24517e-06
39540.0 1.53389e-06
39550.0 1.67548e-06
39560.0 1.81712e-06
39570.0 1.95837e-06
39580.0 1.74315e-06
39590.0 1.52832e-06
39600.0 1.41371e-06
39610.0 1.29974e-06
39620.0 1.18571e-06
39630.0 1.15655e-06
39640.0 1.12742e-06
39650.0 1.09844e-06
39660.0 1.20874e-06
39670.0 1.31891e-06
39680.0 1.95654e-06
39690.0 2.59386e-06
39700.0 3.23018e-06
39710.0 3.11767e-06
39720.0 3.0056e-06
39730.0 2.89326e-06
39740.0 2.43667e-06
39750.0 1.97958e-06
39760.0 1.60672e-06
39770.0 1.23441e-06
39780.0 8.62252e-07
39790.0 8.91409e-07
39800.0 9.20643e-07
39810.0 9.49701e-07
39820.0 1.38728e-06
39830.0 1.82454e-06
39840.0 1.93436e-06
39850.0 2.04408e-06
39860.0 2.15396e-06
39870.0 1.75415e-06
39880.0 1.35429e-06
39890.0 1.51881e-06
39900.0 1.68299e-06
39910.0 1.84704e-06
39920.0 1.87973e-06
39930.0 1.91217e-06
39940.0 1.9448e-06
39950.0 2.01061e-06
39960.0 2.0764e-06
39970.0 2.09209e-06
39980.0 2.10753e-06
39990.0 2.12297e-06
40000.0 1.84796e-06
40010.0 1.57328e-06
40020.0 1.29848e-06
40030.0 1.01641e-06
40039.99999999999 7.34326e-07
40050.0 8.03256e-07
40060.0 8.72036e-07
40070.0 9.40749e-07
40080.0 1.17473e-06
40090.0 1.40838e-06
40100.0 1.64191e-06
40110.0 1.27952e-06
40119.99999999999 9.17298e-07
40130.0 1.03482e-06
40140.0 1.15235e-06
40150.0 1.26964e-06
40160.0 1.53862e-06
40170.0 1.80732e-06
40180.0 2.07605e-06
40190.0 2.30911e-06
40199.99999999999 2.54171e-06
40210.0 2.58326e-06
40220.0 2.62505e-06
40230.0 2.66652e-06
40240.0 2.98368e-06
40250.0 3.30075e-06
40260.0 3.61719e-06
40270.0 3.88251e-06
40279.99999999999 4.14719e-06
40290.0 4.3427e-06
40300.0 4.53862e-06
40310.0 4.73388e-06
40320.0 4.6665e-06
40330.0 4.5997e-06
40340.0 4.53244e-06
40350.0 4.22994e-06
40359.99999999999 3.92855e-06
40370.0 3.9044e-06
40380.0 3.88027e-06
40390.0 3.85659e-06
40400.0 4.08522e-06
40410.00000000001 4.31352e-06
40420.0 4.5421e-06
40430.0 4.64306e-06
40439.99999999999 4.74387e-06
40450.0 4.84492e-06
40460.0 4.94532e-06
40470.0 5.04562e-06
40480.0 4.68831e-06
40490.00000000001 4.3308e-06
40500.0 3.97346e-06
40510.0 3.50784e-06
40519.99999999999 3.04224e-06
40530.0 2.9168e-06
40540.0 2.7918e-06
40550.0 2.66712e-06
40560.0 2.68073e-06
40570.00000000001 2.69462e-06
40580.0 2.72154e-06
40590.0 2.74844e-06
40599.99999999999 2.7753e-06
40610.0 2.97803e-06
40620.0 3.18023e-06
40630.0 3.38234e-06
40640.0 3.13634e-06
40650.00000000001 2.89019e-06
40660.0 2.8326e-06
40670.0 2.77506e-06
40679.99999999999 2.71761e-06
40690.0 2.83402e-06
40700.0 2.95038e-06
40710.0 3.0664e-06
40720.0 3.52172e-06
40730.00000000001 3.97626e-06
40740.0 4.42055e-06
40750.0 4.86461e-06
40759.99999999999 5.30762e-06
40770.0 5.6657e-06
40780.0 6.02316e-06
40790.0 6.38071e-06
40800.0 6.66748e-06
40810.00000000001 6.95373e-06
40820.0 6.80745e-06
40830.0 6.6621e-06
40839.99999999999 6.5163e-06
40850.0 6.10031e-06
40860.0 5.68371e-06
40870.0 5.26842e-06
40880.0 4.59446e-06
40890.00000000001 3.92134e-06
40900.0 3.63559e-06
40910.0 3.35034e-06
40920.0 3.06592e-06
40930.0 2.96184e-06
40940.0 2.85795e-06
40950.0 2.75423e-06
40960.0 3.41623e-06
40970.00000000001 4.07664e-06
40980.0 4.46853e-06
40990.0 4.85974e-06
41000.0 5.2497e-06
41010.0 5.25295e-06
41020.0 5.25616e-06
41030.0 5.25997e-06
41040.0 5.135e-06
41050.00000000001 5.00917e-06
41060.0 5.30705e-06
41070.0 5.60439e-06
41080.0 5.90119e-06
41090.0 5.82314e-06
41100.0 5.74592e-06
41110.0 5.66924e-06
41120.0 5.42415e-06
41130.00000000001 5.17949e-06
41140.0 5.06747e-06
41150.0 4.95564e-06
41160.0 4.84396e-06
41170.0 4.79851e-06
41180.0 4.75215e-06
41190.0 4.70587e-06
41200.0 4.55101e-06
41210.00000000001 4.39593e-06
41220.0 3.85584e-06
41230.0 3.31763e-06
41240.0 2.77959e-06
41250.0 2.5955e-06
41260.0 2.41173e-06
41270.0 2.44944e-06
41280.0 2.48758e-06
41289.99999999999 2.52517e-06
41300.0 2.6642e-06
41310.0 2.80298e-06
41320.0 2.94149e-06
41330.0 3.35876e-06
41340.0 3.77604e-06
41350.0 4.01133e-06
41360.0 4.24606e-06
41369.99999999999 4.48036e-06
41380.0 4.01305e-06
41390.0 3.5473e-06
41400.0 3.08158e-06
41410.0 2.72433e-06
41420.0 2.36755e-06
41430.0 2.40668e-06
41440.0 2.44572e-06
41449.99999999999 2.48521e-06
41460.0 2.69478e-06
41470.0 2.90396e-06
41480.0 3.11275e-06
41490.0 2.79126e-06
41500.0 2.47101e-06
41510.0 1.65344e-06
41520.0 8.37337e-07
41529.99999999999 2.27017e-08
41540.0 1.77257e-08
41550.0 1.27562e-08
41560.0 0.0
41570.0 8.18149e-08
41580.0 1.55679e-07
41590.0 5.93768e-07
41600.0 1.03106e-06
41609.99999999999 1.46754e-06
41620.0 1.2441e-06
41630.0 1.02089e-06
41640.0 7.9809e-07
41650.0 1.14226e-06
41660.00000000001 1.48578e-06
41670.0 2.02415e-06
41680.0 2.56245e-06
41689.99999999999 3.09908e-06
41700.0 3.62066e-06
41710.0 4.14129e-06
41720.0 4.66094e-06
41730.0 5.39212e-06
41740.00000000001 6.12122e-06
41750.0 5.91554e-06
41760.0 5.70909e-06
41769.99999999999 5.50301e-06
41780.0 4.99715e-06
41790.0 4.49223e-06
41800.0 3.98778e-06
41810.0 3.50524e-06
41820.00000000001 3.02443e-06
41830.0 2.87525e-06
41840.0 2.72634e-06
41849.99999999999 2.57741e-06
41860.0 2.25812e-06
41870.0 1.93943e-06
41880.0 1.62119e-06
41890.0 1.74746e-06
41900.00000000001 1.87366e-06
41910.0 1.97887e-06
41920.0 2.08325e-06
41929.99999999999 2.18717e-06
41940.0 2.05191e-06
41950.0 1.91737e-06
41960.0 1.60738e-06
41970.0 1.29867e-06
41980.00000000001 9.91136e-07
41990.0 7.60288e-07
42000.0 5.30407e-07
42009.99999999999 3.01348e-07
42020.0 6.9231e-07
42030.0 1.0816e-06
42040.0 1.90025e-06
42050.0 2.71506e-06
42060.00000000001 3.52659e-06
42070.0 3.72074e-06
42080.0 3.91367e-06
42089.99999999999 4.10607e-06
42100.0 3.41679e-06
42110.0 2.73022e-06
42120.0 2.7312e-06
42130.0 2.73215e-06
42140.00000000001 2.73306e-06
42150.0 2.70545e-06
42160.0 2.67825e-06
42170.0 2.65087e-06
42180.0 2.607e-06
42190.0 2.56358e-06
42200.0 2.59419e-06
42210.0 2.62437e-06
42220.00000000001 2.65467e-06
42230.0 2.45941e-06
42240.0 2.26529e-06
42250.0 2.07198e-06
42260.0 1.83161e-06
42270.0 1.59242e-06
42280.0 1.58442e-06
42290.0 1.57626e-06
42300.00000000001 1.56831e-06
42310.0 1.74898e-06
42320.0 1.92861e-06
42330.0 2.10761e-06
42340.0 2.31299e-06
42350.0 2.51756e-06
42360.0 2.50737e-06
42370.0 2.49742e-06
42380.00000000001 2.48778e-06
42390.0 2.26847e-06
42400.0 2.05043e-06
42410.0 1.83324e-06
42420.0 1.56658e-06
42430.0 1.30135e-06
42440.0 1.46578e-06
42450.0 1.62958e-06
42460.00000000001 1.79259e-06
42470.0 1.81174e-06
42480.0 1.83097e-06
42490.0 1.84988e-06
42500.0 1.9755e-06
42510.0 2.10064e-06
42520.0 2.30104e-06
42530.0 2.50067e-06
42539.99999999999 2.69913e-06
42550.0 3.09501e-06
42560.0 3.48856e-06
42570.0 3.88051e-06
42580.0 4.18331e-06
42590.0 4.48407e-06
42600.0 4.42447e-06
42610.0 4.36486e-06
42619.99999999999 4.3051e-06
42630.0 3.96472e-06
42640.0 3.62641e-06
42650.0 3.35927e-06
42660.0 3.09379e-06
42670.0 2.82944e-06
42680.0 3.19608e-06
42690.0 3.56122e-06
42699.99999999999 3.92409e-06
42710.0 4.03267e-06
42720.0 4.13856e-06
42730.0 3.98793e-06
42740.0 3.83914e-06
42750.0 3.69116e-06
42760.0 3.48263e-06
42770.0 3.27669e-06
42779.99999999999 3.07411e-06
42790.0 2.76173e-06
42800.0 2.45445e-06
42810.0 2.28412e-06
42820.0 2.11667e-06
42830.0 1.9518e-06
42840.0 1.88568e-06
42850.0 1.82064e-06
42859.99999999999 1.75629e-06
42870.0 1.85446e-06
42880.0 1.9497e-06
42890.0 1.80619e-06
42900.0 1.66504e-06
42910.00000000001 1.52611e-06
42920.0 1.54836e-06
42930.0 1.56975e-06
42939.99999999999 1.5906e-06
42950.0 1.63514e-06
42960.0 1.67867e-06
42970.0 1.58416e-06
42980.0 1.49104e-06
42990.00000000001 1.39966e-06
43000.0 1.47395e-06
43010.0 1.51417e-06
43019.99999999999 1.54871e-06
43030.0 1.5886e-06
43040.0 1.62226e-06
43050.0 1.5417e-06
43060.0 1.46297e-06
43070.00000000001 1.38582e-06
43080.0 1.20927e-06
43090.0 1.04277e-06
43099.99999999999 8.86212e-07
43110.0 8.80448e-07
43120.0 8.70346e-07
43130.0 8.16607e-07
43140.0 7.63416e-07
43150.00000000001 7.1066e-07
43160.0 6.37719e-07
43170.0 5.68289e-07
43179.99999999999 5.02504e-07
43190.0 4.18586e-07
43200.0 3.4226e-07
43210.0 3.49266e-07
43220.0 3.55542e-07
43230.00000000001 3.61045e-07
43240.0 3.99272e-07
43250.0 4.35024e-07
43259.99999999999 4.68264e-07
43270.0 5.48258e-07
43280.0 6.22922e-07
43290.0 5.58294e-07
43300.0 4.96455e-07
43310.00000000001 4.37339e-07
43320.0 3.52418e-07
43330.0 2.72145e-07
43339.99999999999 2.59225e-07
43350.0 2.46593e-07
43360.0 2.34217e-07
43370.0 2.61039e-07
43380.0 2.84978e-07
43390.00000000001 3.06165e-07
43400.0 3.19223e-07
43410.0 3.29842e-07
43420.0 3.23333e-07
43430.0 3.15947e-07
43440.0 3.07683e-07
43450.0 2.89322e-07
43460.0 2.71169e-07
43470.00000000001 2.53207e-07
43480.0 2.21484e-07
43490.0 1.91863e-07
43500.0 1.85561e-07
43510.0 1.93516e-07
43520.0 2.01467e-07
43530.0 1.95303e-07
43540.0 1.89171e-07
43550.00000000001 1.83045e-07
43560.0 1.67696e-07
43570.0 1.52348e-07
43580.0 1.52955e-07
43590.0 1.53562e-07
43600.0 1.54168e-07
43610.0 1.6198e-07
43620.0 1.69784e-07
43630.00000000001 1.77558e-07
43640.0 1.80563e-07
43650.0 1.8353e-07
43660.0 1.78019e-07
43670.0 1.72516e-07
43680.0 1.6702e-07
43690.0 1.79587e-07
43700.0 1.9218e-07
43710.00000000001 2.0484e-07
43720.0 2.0935e-07
43730.0 2.13856e-07
43740.0 2.15103e-07
43750.0 2.16349e-07
43760.0 2.17595e-07
43770.0 2.27276e-07
43780.0 2.36956e-07
43789.99999999999 2.46638e-07
43800.0 2.60255e-07
43810.0 2.73903e-07
43820.0 2.8768e-07
43830.0 3.01454e-07
43840.0 3.15292e-07
43850.0 3.35665e-07
43860.0 3.56025e-07
43869.99999999999 3.76384e-07
43880.0 4.14633e-07
43890.0 4.52875e-07
43900.0 4.82074e-07
43910.0 5.11266e-07
43920.0 5.40468e-07
43930.0 5.72052e-07
43940.0 6.03632e-07
43949.99999999999 6.3528e-07
43960.0 6.81341e-07
43970.0 7.27393e-07
43980.0 7.35789e-07
43990.0 7.44263e-07
44000.0 7.52655e-07
44010.0 7.65429e-07
44020.0 7.782e-07
44029.99999999999 7.84681e-07
44040.0 7.91002e-07
44050.0 7.97418e-07
44060.0 7.60549e-07
44070.0 7.23689e-07
44080.0 6.86835e-07
44090.0 6.58782e-07
44100.0 6.30666e-07
44109.99999999999 6.28835e-07
44120.0 6.27056e-07
44130.0 6.25151e-07
44140.0 6.51171e-07
44150.0 6.77186e-07
44160.00000000001 7.03278e-07
44170.0 6.96464e-07
44180.0 6.89576e-07
44189.99999999999 6.77874e-07
44200.0 6.66251e-07
44210.0 6.54685e-07
44220.0 6.41137e-07
44230.0 6.27592e-07
44240.00000000001 6.14119e-07
44250.0 5.86562e-07
44260.0 5.5896e-07
44269.99999999999 5.35021e-07
44280.0 5.11021e-07
44290.0 4.87122e-07
44300.0 4.62527e-07
44310.0 4.37849e-07
44320.00000000001 4.1323e-07
44330.0 3.85006e-07
44340.0 3.5674e-07
44349.99999999999 3.6671e-07
44360.0 3.76636e-07
44370.0 3.86559e-07
44380.0 4.02142e-07
44390.0 4.17797e-07
44400.00000000001 4.33376e-07
44410.0 4.34398e-07
44420.0 4.3542e-07
44429.99999999999 4.21975e-07
44440.0 4.0848e-07
44450.0 3.95067e-07
44460.0 3.84138e-07
44470.0 3.73255e-07
44480.00000000001 3.62329e-07
44490.0 3.53039e-07
44500.0 3.43779e-07
44509.99999999999 3.24513e-07
44520.0 3.05252e-07
44530.0 2.85996e-07
44540.0 2.89935e-07
44550.0 2.9384e-07
44560.00000000001 2.9778e-07
44570.0 3.33249e-07
44580.0 3.68771e-07
44589.99999999999 3.91875e-07
44600.0 4.15063e-07
44610.0 4.38226e-07
44620.0 4.4846e-07
44630.0 4.58746e-07
44640.00000000001 4.68981e-07
44650.0 4.69276e-07
44660.0 4.69572e-07
44670.0 4.61689e-07
44680.0 4.53907e-07
44690.0 4.46077e-07
44700.0 4.13309e-07
44710.0 3.80567e-07
44720.00000000001 3.57587e-07
44730.0 3.34605e-07
44740.0 3.11589e-07
44750.0 2.91144e-07
44760.0 2.70701e-07
44770.0 2.50273e-07
44780.0 2.43843e-07
44790.0 2.37442e-07
44800.00000000001 2.38052e-07
44810.0 2.3867e-07
44820.0 2.39258e-07
44830.0 2.43933e-07
44840.0 2.48608e-07
44850.0 2.53283e-07
44860.0 2.57704e-07
44870.0 2.62094e-07
44880.00000000001 2.70859e-07
44890.0 2.79678e-07
44900.0 2.88496e-07
44910.0 3.05423e-07
44920.0 3.22314e-07
44930.0 3.39206e-07
44940.0 3.2169e-07
44950.0 3.04214e-07
44960.00000000001 2.84861e-07
44970.0 2.65561e-07
44980.0 2.4627e-07
44990.0 2.26458e-07
45000.0 2.06644e-07
45010.0 1.86796e-07
45020.0 1.85455e-07
45030.0 1.84114e-07
45039.99999999999 1.9082e-07
45050.0 1.9756e-07
45060.0 2.04279e-07
45070.0 2.17826e-07
45080.0 2.31416e-07
45090.0 2.45005e-07
45100.0 2.67977e-07
45110.0 2.90998e-07
45119.99999999999 2.91255e-07
45130.0 2.91453e-07
45140.0 2.9171e-07
45150.0 2.79636e-07
45160.0 2.6762e-07
45170.0 2.55571e-07
45180.0 2.18437e-07
45190.0 1.81352e-07
45199.99999999999 1.71936e-07
45210.0 1.62552e-07
45220.0 1.53136e-07
45230.0 1.53953e-07
45240.0 1.54753e-07
45250.0 1.55521e-07
45260.0 1.98643e-07
45270.0 2.41733e-07
45279.99999999999 2.69702e-07
45290.0 2.97612e-07
45300.0 3.25629e-07
45310.0 3.46664e-07
45320.0 3.67766e-07
45330.0 3.88749e-07
45340.0 3.80327e-07
45350.0 3.71831e-07
45359.99999999999 3.37016e-07
45370.0 3.02078e-07
45380.0 2.67226e-07
45390.0 2.2254e-07
45400.0 1.77936e-07
45410.00000000001 1.63308e-07
45420.0 1.48694e-07
45430.0 1.34045e-07
45439.99999999999 1.43116e-07
45450.0 1.52159e-07
45460.0 1.6123e-07
45470.0 1.89771e-07
45480.0 2.18346e-07
45490.00000000001 2.25298e-07
45500.0 2.32271e-07
45510.0 2.39172e-07
45519.99999999999 2.46552e-07
45530.0 2.53853e-07
45540.0 2.61204e-07
45550.0 2.65665e-07
45560.0 2.70152e-07
45570.00000000001 2.56257e-07
45580.0 2.42394e-07
45590.0 2.28609e-07
45599.99999999999 2.24943e-07
45610.0 2.21318e-07
45620.0 2.17673e-07
45630.0 2.25668e-07
45640.0 2.33659e-07
45650.00000000001 2.68781e-07
45660.0 3.03841e-07
45670.0 3.38997e-07
45679.99999999999 3.6855e-07
45690.0 3.98132e-07
45700.0 4.2773e-07
45710.0 4.58049e-07
45720.0 4.88428e-07
45730.00000000001 4.81212e-07
45740.0 4.74097e-07
45750.0 4.66892e-07
45759.99999999999 4.48706e-07
45770.0 4.30438e-07
45780.0 4.1231e-07
45790.0 3.81632e-07
45800.0 3.51077e-07
45810.00000000001 3.41728e-07
45820.0 3.32455e-07
45830.0 3.23174e-07
45839.99999999999 3.2169e-07
45850.0 3.20309e-07
45860.0 3.18826e-07
45870.0 3.25216e-07
45880.0 3.31569e-07
45890.00000000001 3.418e-07
45900.0 3.52089e-07
45910.0 3.62299e-07
45920.0 3.63177e-07
45930.0 3.64011e-07
45940.0 3.64815e-07
45950.0 3.52872e-07
45960.0 3.40963e-07
45970.00000000001 3.34245e-07
45980.0 3.27668e-07
45990.0 3.21053e-07
46000.0 3.18364e-07
46010.0 3.15574e-07
46020.0 3.12883e-07
46030.0 3.15308e-07
46040.0 3.17733e-07
46050.00000000001 3.25621e-07
46060.0 3.33472e-07
46070.0 3.41292e-07
46080.0 3.65784e-07
46090.0 3.90333e-07
46100.0 4.24197e-07
46110.0 4.58119e-07
46120.0 4.9199e-07
46130.00000000001 5.12653e-07
46140.0 5.33259e-07
46150.0 5.53816e-07
46160.0 5.68984e-07
46170.0 5.84212e-07
46180.0 5.74064e-07
46190.0 5.63981e-07
46200.0 5.53831e-07
46210.00000000001 5.36929e-07
46220.0 5.19954e-07
46230.0 5.02997e-07
46240.0 4.80816e-07
46250.0 4.58688e-07
46260.0 4.5912e-07
46270.0 4.59605e-07
46280.0 4.60038e-07
46289.99999999999 4.56479e-07
46300.0 4.52914e-07
46310.0 4.49358e-07
46320.0 4.4047e-07
46330.0 4.31635e-07
46340.0 4.25695e-07
46350.0 4.19802e-07
46360.0 4.13862e-07
46369.99999999999 4.09223e-07
46380.0 4.04535e-07
46390.0 3.99847e-07
46400.0 3.94591e-07
46410.0 3.89279e-07
46420.0 3.69251e-07
46430.0 3.49189e-07
46440.0 3.29167e-07
46449.99999999999 3.18941e-07
46460.0 3.08752e-07
46470.0 2.98527e-07
46480.0 3.04847e-07
46490.0 3.11135e-07
46500.0 3.1592e-07
46510.0 3.20675e-07
46520.0 3.25468e-07
46529.99999999999 3.32457e-07
46540.0 3.39555e-07
46550.0 3.4655e-07
46560.0 3.68805e-07
46570.0 3.91105e-07
46580.0 4.03537e-07
46590.0 4.16016e-07
46600.0 4.28447e-07
46609.99999999999 4.38044e-07
46620.0 4.47593e-07
46630.0 4.5719e-07
46640.0 4.41186e-07
46650.0 4.25312e-07
46660.00000000001 4.13905e-07
46670.0 4.02452e-07
46680.0 3.91039e-07
46689.99999999999 3.73063e-07
46700.0 3.55132e-07
46710.0 3.50547e-07
46720.0 3.45963e-07
46730.0 3.41418e-07
46740.00000000001 3.40293e-07
46750.0 3.39138e-07
46760.0 3.37943e-07
46769.99999999999 3.44641e-07
46780.0 3.51379e-07
46790.0 3.4144e-07
46800.0 3.3154e-07
46810.0 3.21583e-07
46820.00000000001 3.11614e-07
46830.0 3.01617e-07
46840.0 2.91613e-07
46849.99999999999 3.15956e-07
46860.0 3.40261e-07
46870.0 3.53744e-07
46880.0 3.67273e-07
46890.0 3.8083e-07
46900.00000000001 3.90902e-07
46910.0 4.01033e-07
46920.0 4.11119e-07
46929.99999999999 3.98623e-07
46940.0 3.86173e-07
46950.0 3.8094e-07
46960.0 3.75709e-07
46970.0 3.70597e-07
46980.00000000001 3.72858e-07
46990.0 3.7512e-07
47000.0 3.77425e-07
47009.99999999999 3.71268e-07
47020.0 3.65114e-07
47030.0 3.61454e-07
47040.0 3.57799e-07
47050.0 3.54102e-07
47060.00000000001 3.68635e-07
47070.0 3.8329e-07
47080.0 3.9783e-07
47089.99999999999 4.19825e-07
47100.0 4.41818e-07
47110.0 4.56428e-07
47120.0 4.70986e-07
47130.0 4.85543e-07
47140.00000000001 4.90108e-07
47150.0 4.94727e-07
47160.0 4.99391e-07
47170.0 4.93874e-07
47180.0 4.88358e-07
47190.0 4.68628e-07
47200.0 4.48842e-07
47210.0 4.29035e-07
47220.00000000001 4.1632e-07
47230.0 4.03605e-07
47240.0 3.90977e-07
47250.0 3.7795e-07
47260.0 3.64846e-07
47270.0 3.70491e-07
47280.0 3.76133e-07
47290.0 3.81773e-07
47300.00000000001 3.81577e-07
47310.0 3.81348e-07
47320.0 3.81118e-07
47330.0 3.68777e-07
47340.0 3.56504e-07
47350.0 3.56766e-07
47360.0 3.57029e-07
47370.0 3.57331e-07
47380.00000000001 3.59163e-07
47390.0 3.60993e-07
47400.0 3.55915e-07
47410.0 3.50836e-07
47420.0 3.4583e-07
47430.0 3.44957e-07
47440.0 3.44051e-07
47450.0 3.43143e-07
47460.00000000001 3.47253e-07
47470.0 3.51365e-07
47480.0 3.55296e-07
47490.0 3.59268e-07
47500.0 3.63199e-07
47510.0 3.6951e-07
47520.0 3.75746e-07
47530.0 3.81981e-07
47539.99999999999 4.01728e-07
47550.0 4.21464e-07
47560.0 4.31449e-07
47570.0 4.41432e-07
47580.0 4.51414e-07
47590.0 4.59044e-07
47600.0 4.66678e-07
47610.0 4.74394e-07
47619.99999999999 4.67954e-07
47630.0 4.61514e-07
47640.0 4.6118e-07
47650.0 4.60744e-07
47660.0 4.60362e-07
47670.0 4.69764e-07
47680.0 4.7916e-07
47690.0 4.88555e-07
47699.99999999999 4.97314e-07
47710.0 5.06186e-07
47720.0 5.10145e-07
47730.0 5.14105e-07
47740.0 5.18065e-07
47750.0 5.36618e-07
47760.0 5.55106e-07
47770.0 5.73655e-07
47779.99999999999 5.92401e-07
47790.0 6.11147e-07
47800.0 6.09247e-07
47810.0 6.0734e-07
47820.0 6.05432e-07
47830.0 5.91332e-07
47840.0 5.77422e-07
47850.0 5.63392e-07
47859.99999999999 5.36502e-07
47870.0 5.09601e-07
47880.0 4.94606e-07
47890.0 4.79672e-07
47900.0 4.64739e-07
47910.00000000001 4.59496e-07
47920.0 4.54199e-07
47930.0 4.48954e-07
47939.99999999999 4.65253e-07
47950.0 4.816e-07
47960.0 5.11195e-07
47970.0 5.40844e-07
47980.0 5.70488e-07
47990.00000000001 6.15611e-07
48000.0 6.60673e-07
48010.0 7.05766e-07
48019.99999999999 7.10879e-07
48030.0 7.15907e-07
48040.0 7.1648e-07
48050.0 7.17053e-07
48060.0 7.17543e-07
48070.00000000001 7.10031e-07
48080.0 7.02521e-07
48090.0 6.91339e-07
48099.99999999999 6.8024e-07
48110.0 6.6915e-07
48120.0 6.55412e-07
48130.0 6.41817e-07
48140.0 6.28157e-07
48150.00000000001 5.93841e-07
48160.0 5.59416e-07
48170.0 5.4319e-07
48179.99999999999 5.27031e-07
48190.0 5.10816e-07
48200.0 5.06693e-07
48210.0 5.02579e-07
48220.0 4.98409e-07
48230.00000000001 4.98355e-07
48240.0 4.98244e-07
48250.0 5.00924e-07
48259.99999999999 5.03545e-07
48270.0 5.06224e-07
48280.0 5.20892e-07
48290.0 5.35507e-07
48300.0 5.50163e-07
48310.00000000001 5.7577e-07
48320.0 6.01302e-07
48330.0 6.18512e-07
48339.99999999999 6.35638e-07
48350.0 6.52832e-07
48360.0 6.68432e-07
48370.0 6.84026e-07
48380.0 6.99695e-07
48390.00000000001 7.20153e-07
48400.0 7.4082e-07
48410.0 7.42508e-07
48420.0 7.44196e-07
48430.0 7.45969e-07
48440.0 7.42849e-07
48450.0 7.39816e-07
48460.0 7.36694e-07
48470.00000000001 7.09103e-07
48480.0 6.81604e-07
48490.0 6.57605e-07
48500.0 6.33826e-07
48510.0 6.10156e-07
48520.0 5.80079e-07
48530.0 5.50028e-07
48540.0 5.20048e-07
48550.00000000001 4.93484e-07
48560.0 4.6693e-07
48570.0 4.54435e-07
48580.0 4.418e-07
48590.0 4.29256e-07
48600.0 4.42453e-07
48610.0 4.55696e-07
48620.0 4.68884e-07
48630.00000000001 4.92238e-07
48640.0 5.15582e-07
48650.0 5.33558e-07
48660.0 5.51475e-07
48670.0 5.69261e-07
48680.0 5.87386e-07
48690.0 6.05574e-07
48700.0 6.23687e-07
48710.00000000001 6.51146e-07
48720.0 6.78606e-07
48730.0 6.84746e-07
48740.0 6.90964e-07
48750.0 6.97099e-07
48760.0 7.00792e-07
48770.0 7.04695e-07
48780.0 7.01375e-07
48789.99999999999 6.98055e-07
48800.0 6.94738e-07
48810.0 6.95923e-07
48820.0 6.97027e-07
48830.0 6.9813e-07
48840.0 7.12401e-07
48850.0 7.26673e-07
48860.0 7.37881e-07
48869.99999999999 7.48931e-07
48880.0 7.60126e-07
48890.0 7.72728e-07
48900.0 7.85323e-07
48910.0 7.9791e-07
48920.0 7.76707e-07
48930.0 7.55429e-07
48940.0 7.38003e-07
48949.99999999999 7.20583e-07
48960.0 7.0317e-07
48970.0 6.83606e-07
48980.0 6.64049e-07
48990.0 6.44491e-07
49000.0 6.26479e-07
49010.0 6.08456e-07
49020.0 6.05861e-07
49029.99999999999 6.03266e-07
49040.0 6.00672e-07
49050.0 5.9904e-07
49060.0 5.97286e-07
49070.0 5.95586e-07
49080.0 5.93983e-07
49090.0 5.92382e-07
49100.0 6.02845e-07
49109.99999999999 6.13323e-07
49120.0 6.238e-07
49130.0 6.35356e-07
49140.0 6.46907e-07
49150.0 6.58452e-07
49160.00000000001 6.68432e-07
49170.0 6.78406e-07
49180.0 6.81682e-07
49189.99999999999 6.84874e-07
49200.0 6.88285e-07
49210.0 6.86055e-07
49220.0 6.83826e-07
49230.0 6.81599e-07
49240.00000000001 6.78583e-07
49250.0 6.75566e-07
49260.0 6.73528e-07
49269.99999999999 6.7157e-07
49280.0 6.69613e-07
49290.0 6.82612e-07
49300.0 6.95605e-07
49310.0 7.08514e-07
49320.00000000001 7.31513e-07
49330.0 7.545e-07
49340.0 7.60312e-07
49349.99999999999 7.66121e-07
49360.0 7.71837e-07
49370.0 7.73529e-07
49380.0 7.75222e-07
49390.0 7.76911e-07
49400.00000000001 7.66526e-07
49410.0 7.56244e-07
49420.0 7.56261e-07
49429.99999999999 7.5628e-07
49440.0 7.56208e-07
49450.0 7.6474e-07
49460.0 7.73264e-07
49470.0 7.80391e-07
49480.00000000001 7.87606e-07
49490.0 7.94817e-07
49500.0 8.02571e-07
49509.99999999999 8.10425e-07
49520.0 8.18267e-07
49530.0 8.35498e-07
49540.0 8.52643e-07
49550.0 8.58411e-07
49560.00000000001 8.64072e-07
49570.0 8.69833e-07
49580.0 8.53514e-07
49589.99999999999 8.37105e-07
49600.0 8.20812e-07
49610.0 8.07594e-07
49620.0 7.94472e-07
49630.0 7.94869e-07
49640.00000000001 7.95164e-07
49650.0 7.9556e-07
49660.0 8.0245e-07
49670.0 8.09437e-07
49680.0 8.1642e-07
49690.0 8.33267e-07
49700.0 8.50127e-07
49710.0 8.47459e-07
49720.00000000001 8.449e-07
49730.0 8.42414e-07
49740.0 8.3781e-07
49750.0 8.33109e-07
49760.0 8.28509e-07
49770.0 8.42459e-07
49780.0 8.56493e-07
49790.0 8.64057e-07
49800.00000000001 8.71521e-07
49810.0 8.78968e-07
49820.0 8.80183e-07
49830.0 8.81287e-07
49840.0 8.825e-07
49850.0 8.82474e-07
49860.0 8.8255e-07
49870.0 8.80823e-07
49880.00000000001 8.79191e-07
49890.0 8.77465e-07
49900.0 8.622e-07
49910.0 8.46832e-07
49920.0 8.31582e-07
49930.0 7.98943e-07
49940.0 7.66159e-07
49950.0 7.53388e-07
49960.00000000001 7.40533e-07
49970.0 7.27769e-07
49980.0 7.17178e-07
49990.0 7.06594e-07
50000.0 6.961e-07
50010.0 7.04979e-07
50020.0 7.13936e-07
50030.0 7.18529e-07
50039.99999999999 7.23122e-07
50050.0 7.27793e-07
50060.0 7.26275e-07
50070.0 7.24757e-07
50080.0 7.23241e-07
50090.0 7.28568e-07
50100.0 7.33807e-07
50110.0 7.46373e-07
50119.99999999999 7.59021e-07
50130.0 7.71569e-07
50140.0 7.82957e-07
50150.0 7.94325e-07
50160.0 7.97254e-07
50170.0 7.99924e-07
50180.0 8.0259e-07
50190.0 8.00898e-07
50199.99999999999 7.9911e-07
50210.0 7.9733e-07
50220.0 7.92068e-07
50230.0 7.86911e-07
50240.0 7.86636e-07
50250.0 7.86369e-07
50260.0 7.86093e-07
50270.0 7.86989e-07
50279.99999999999 7.87978e-07
50290.0 7.88863e-07
50300.0 8.18863e-07
50310.0 8.48831e-07
50320.0 8.67302e-07
50330.0 8.8587e-07
50340.0 9.0441e-07
50350.0 9.11725e-07
50359.99999999999 9.19034e-07
50370.0 9.26342e-07
50380.0 9.20316e-07
50390.0 9.14183e-07
50400.0 8.89937e-07
50410.00000000001 8.65711e-07
50420.0 8.41504e-07
50430.0 8.21521e-07
50439.99999999999 8.01554e-07
50450.0 7.81703e-07
50460.0 7.57234e-07
50470.0 7.32783e-07
50480.0 7.35476e-07
50490.00000000001 7.38167e-07
50500.0 7.40856e-07
50510.0 7.53753e-07
50519.99999999999 7.66638e-07
50530.0 7.79605e-07
50540.0 8.14161e-07
50550.0 8.48686e-07
50560.0 8.76208e-07
50570.00000000001 9.0369e-07
50580.0 9.31146e-07
50590.0 9.2728e-07
50599.99999999999 9.23424e-07
50610.0 9.19756e-07
50620.0 9.10584e-07
50630.0 9.01428e-07
50640.0 8.89579e-07
50650.00000000001 8.77747e-07
50660.0 8.65917e-07
50670.0 8.57346e-07
50679.99999999999 8.48686e-07
50690.0 8.40025e-07
50700.0 8.42088e-07
50710.0 8.44147e-07
50720.0 8.49558e-07
50730.00000000001 8.54954e-07
50740.0 8.60346e-07
50750.0 8.73915e-07
50759.99999999999 8.87475e-07
50770.0 9.01018e-07
50780.0 9.10215e-07
50790.0 9.19409e-07
50800.0 9.16574e-07
50810.00000000001 9.13741e-07
50820.0 9.10917e-07
50830.0 8.96635e-07
50839.99999999999 8.82381e-07
50850.0 8.68708e-07
50860.0 8.55039e-07
50870.0 8.41388e-07
50880.0 8.36161e-07
50890.00000000001 8.31029e-07
50900.0 8.25911e-07
50910.0 8.23162e-07
50920.0 8.20412e-07
50930.0 8.18315e-07
50940.0 8.1622e-07
50950.0 8.14124e-07
50960.0 8.12015e-07
50970.00000000001 8.09907e-07
50980.0 8.078e-07
50990.0 8.33357e-07
51000.0 8.58707e-07
51010.0 8.7633e-07
51020.0 8.93942e-07
51030.0 9.11428e-07
51040.0 9.06819e-07
51050.00000000001 9.02215e-07
51060.0 8.97622e-07
51070.0 8.91202e-07
51080.0 8.84795e-07
51090.0 8.81023e-07
51100.0 8.77253e-07
51110.0 8.73379e-07
51120.0 8.70639e-07
51130.00000000001 8.67893e-07
51140.0 8.65156e-07
51150.0 8.65319e-07
51160.0 8.65368e-07
51170.0 8.63939e-07
51180.0 8.62503e-07
51190.0 8.61076e-07
51200.0 8.57235e-07
51210.00000000001 8.53294e-07
51220.0 8.49453e-07
51230.0 8.5595e-07
51240.0 8.62449e-07
51250.0 8.76564e-07
51260.0 8.90561e-07
51270.0 9.04652e-07
51280.0 9.01392e-07
51289.99999999999 8.98134e-07
51300.0 8.94778e-07
51310.0 8.69338e-07
51320.0 8.43927e-07
51330.0 8.29559e-07
51340.0 8.15299e-07
51350.0 8.01052e-07
51360.0 7.88525e-07
51369.99999999999 7.75905e-07
51380.0 7.63401e-07
51390.0 7.62725e-07
51400.0 7.61956e-07
51410.0 7.65945e-07
51420.0 7.69937e-07
51430.0 7.73822e-07
51440.0 7.88649e-07
51449.99999999999 8.03459e-07
51460.0 8.18154e-07
51470.0 8.46206e-07
51480.0 8.7414e-07
51490.0 8.71794e-07
51500.0 8.69556e-07
51510.0 8.67213e-07
51520.0 8.59509e-07
51529.99999999999 8.51819e-07
51540.0 8.36821e-07
51550.0 8.21941e-07
51560.0 8.07083e-07
51570.0 7.92755e-07
51580.0 7.78533e-07
51590.0 7.6423e-07
51600.0 7.93798e-07
51609.99999999999 8.23326e-07
51620.0 8.41942e-07
51630.0 8.6063e-07
51640.0 8.79191e-07
51650.0 8.70062e-07
51660.00000000001 8.60835e-07
51670.0 8.51726e-07
51680.0 8.39032e-07
51689.99999999999 8.26254e-07
51700.0 8.19334e-07
51710.0 8.12327e-07
51720.0 8.0542e-07
51730.0 7.99418e-07
51740.00000000001 7.93515e-07
51750.0 7.87464e-07
51760.0 7.84126e-07
51769.99999999999 7.80888e-07
51780.0 7.78386e-07
51790.0 7.75974e-07
51800.0 7.73476e-07
51810.0 7.707e-07
51820.00000000001 7.67826e-07
51830.0 7.65055e-07
51840.0 7.67869e-07
51849.99999999999 7.70774e-07
51860.0 7.83938e-07
51870.0 7.97189e-07
51880.0 8.10323e-07
51890.0 8.2125e-07
51900.00000000001 8.32058e-07
51910.0 8.42957e-07
51920.0 8.51012e-07
51929.99999999999 8.59167e-07
51940.0 8.61934e-07
51950.0 8.64811e-07
51960.0 8.67398e-07
51970.0 8.66165e-07
51980.00000000001 8.64824e-07
51990.0 8.63593e-07
52000.0 8.62098e-07
52009.99999999999 8.60717e-07
52020.0 8.59841e-07
52030.0 8.58857e-07
52040.0 8.57989e-07
52050.0 8.59013e-07
52060.00000000001 8.60142e-07
52070.0 8.6127e-07
52080.0 8.66998e-07
52089.99999999999 8.72603e-07
52100.0 8.68483e-07
52110.0 8.64358e-07
52120.0 8.60246e-07
52130.0 8.47889e-07
52140.00000000001 8.35537e-07
52150.0 8.22936e-07
52160.0 8.17929e-07
52170.0 8.12934e-07
52180.0 8.17996e-07
52190.0 8.2305e-07
52200.0 8.28021e-07
52210.0 8.36554e-07
52220.00000000001 8.44972e-07
52230.0 8.50823e-07
52240.0 8.56675e-07
52250.0 8.62517e-07
52260.0 8.57751e-07
52270.0 8.52996e-07
52280.0 8.48238e-07
52290.0 8.2825e-07
52300.00000000001 8.08284e-07
52310.0 8.03679e-07
52320.0 7.99251e-07
52330.0 7.94919e-07
52340.0 7.97549e-07
52350.0 8.00175e-07
52360.0 8.02796e-07
52370.0 8.12035e-07
52380.00000000001 8.2126e-07
52390.0 8.3014e-07
52400.0 8.39008e-07
52410.0 8.47872e-07
52420.0 8.53703e-07
52430.0 8.59527e-07
52440.0 8.65344e-07
52450.0 8.70603e-07
52460.00000000001 8.75857e-07
52470.0 8.70103e-07
52480.0 8.64538e-07
52490.0 8.58973e-07
52500.0 8.46885e-07
52510.0 8.34806e-07
52520.0 8.22634e-07
52530.0 8.09363e-07
52539.99999999999 7.96091e-07
52550.0 7.89334e-07
52560.0 7.82485e-07
52570.0 7.75744e-07
52580.0 7.7274e-07
52590.0 7.69648e-07
52600.0 7.6665e-07
52610.0 7.66843e-07
52619.99999999999 7.67287e-07
52630.0 7.71603e-07
52640.0 7.75922e-07
52650.0 7.8033e-07
52660.0 7.88396e-07
52670.0 7.96454e-07
52680.0 8.04418e-07
52690.0 8.15358e-07
52699.99999999999 8.26187e-07
52710.0 8.32401e-07
52720.0 8.38617e-07
52730.0 8.44822e-07
52740.0 8.46877e-07
52750.0 8.49094e-07
52760.0 8.51208e-07
52770.0 8.48691e-07
52779.99999999999 8.46175e-07
52790.0 8.4535e-07
52800.0 8.44527e-07
52810.0 8.43804e-07
52820.0 8.44124e-07
52830.0 8.44444e-07
52840.0 8.44755e-07
52850.0 8.4296e-07
52859.99999999999 8.41159e-07
52870.0 8.3767e-07
52880.0 8.34355e-07
52890.0 8.3105e-07
52900.0 8.34723e-07
52910.00000000001 8.38285e-07
52920.0 8.48489e-07
52930.0 8.58581e-07
52939.99999999999 8.68775e-07
52950.0 8.7484e-07
52960.0 8.80792e-07
52970.0 8.86729e-07
52980.0 8.85545e-07
52990.00000000001 8.84143e-07
53000.0 8.83301e-07
53010.0 8.82411e-07
53019.99999999999 8.81519e-07
53030.0 8.81432e-07
53040.0 8.81226e-07
53050.0 8.80788e-07
53060.0 8.79657e-07
53070.00000000001 8.78188e-07
53080.0 8.74507e-07
53090.0 8.70579e-07
53099.99999999999 8.66432e-07
53110.0 8.60045e-07
53120.0 8.53281e-07
53130.0 8.46487e-07
53140.0 8.28431e-07
53150.00000000001 8.10374e-07
53160.0 8.00421e-07
53170.0 7.90409e-07
53179.99999999999 7.80249e-07
53190.0 7.82104e-07
53200.0 7.83798e-07
53210.0 7.85214e-07
53220.0 7.88341e-07
53230.00000000001 7.91115e-07
53240.0 7.8706e-07
53250.0 7.82778e-07
53259.99999999999 7.7849e-07
53270.0 7.73973e-07
53280.0 7.69451e-07
53290.0 7.64806e-07
53300.0 7.60223e-07
53310.00000000001 7.55521e-07
53320.0 7.50419e-07
53330.0 7.45208e-07
53339.99999999999 7.39608e-07
53350.0 7.26271e-07
53360.0 7.12945e-07
53370.0 6.99734e-07
53380.0 6.83157e-07
53390.00000000001 6.66865e-07
53400.0 6.61729e-07
53410.0 6.56578e-07
53420.0 6.51307e-07
53430.0 6.4638e-07
53440.0 6.41357e-07
53450.0 6.36246e-07
53460.0 6.34304e-07
53470.00000000001 6.32276e-07
53480.0 6.28903e-07
53490.0 6.25464e-07
53500.0 6.21963e-07
53510.0 6.19629e-07
53520.0 6.17095e-07
53530.0 6.1303e-07
53540.0 6.08908e-07
53550.00000000001 6.04605e-07
53560.0 6.0601e-07
53570.0 6.07225e-07
53580.0 6.08358e-07
53590.0 6.17442e-07
53600.0 6.26239e-07
53610.0 6.21041e-07
53620.0 6.15904e-07
53630.00000000001 6.10701e-07
53640.0 6.00424e-07
53650.0 5.90212e-07
53660.0 5.79945e-07
53670.0 5.66796e-07
53680.0 5.53794e-07
53690.0 5.41715e-07
53700.0 5.29875e-07
53710.00000000001 5.18162e-07
53720.0 5.06849e-07
53730.0 4.95651e-07
53740.0 4.84571e-07
53750.0 4.71846e-07
53760.0 4.59396e-07
53770.0 4.52346e-07
53780.0 4.45561e-07
53789.99999999999 4.38797e-07
53800.0 4.38798e-07
53810.0 4.38517e-07
53820.0 4.38302e-07
53830.0 4.40339e-07
53840.0 4.42382e-07
53850.0 4.39919e-07
53860.0 4.37471e-07
53869.99999999999 4.34951e-07
53880.0 4.31609e-07
53890.0 4.28444e-07
53900.0 4.25332e-07
53910.0 4.12682e-07
53920.0 4.00338e-07
53930.0 3.90797e-07
53940.0 3.81605e-07
53949.99999999999 3.72522e-07
53960.0 3.67118e-07
53970.0 3.61661e-07
53980.0 3.56417e-07
53990.0 3.50863e-07
54000.0 3.45457e-07
54010.0 3.3988e-07
54020.0 3.34566e-07
54029.99999999999 3.29176e-07
54040.0 3.23874e-07
54050.0 3.18725e-07
54060.0 3.13496e-07
54070.0 3.1271e-07
54080.0 3.1189e-07
54090.0 3.11192e-07
54100.0 3.1031e-07
54109.99999999999 3.0947e-07
54120.0 3.05992e-07
54130.0 3.0262e-07
54140.0 2.99119e-07
54150.0 2.93764e-07
54160.00000000001 2.88448e-07
54170.0 2.82616e-07
54180.0 2.76895e-07
54189.99999999999 2.71225e-07
54200.0 2.63524e-07
54210.0 2.55822e-07
54220.0 2.50023e-07
54230.0 2.44398e-07
54240.00000000001 2.38832e-07
54250.0 2.34014e-07
54260.0 2.29182e-07
54269.99999999999 2.24443e-07
54280.0 2.18874e-07
54290.0 2.13372e-07
54300.0 2.08248e-07
54310.0 2.03085e-07
54320.00000000001 1.9808e-07
54330.0 1.93571e-07
54340.0 1.89107e-07
54349.99999999999 1.84686e-07
54360.0 1.85448e-07
54370.0 1.8622e-07
54380.0 1.85708e-07
54390.0 1.85015e-07
54400.00000000001 1.84341e-07
54410.0 1.83251e-07
54420.0 1.81982e-07
54429.99999999999 1.80752e-07
54440.0 1.80453e-07
54450.0 1.80015e-07
54460.0 1.76321e-07
54470.0 1.72643e-07
54480.00000000001 1.69093e-07
54490.0 1.64983e-07
54500.0 1.60907e-07
54509.99999999999 1.56982e-07
54520.0 1.52616e-07
54530.0 1.48304e-07
54540.0 1.44466e-07
54550.0 1.40745e-07
54560.00000000001 1.37086e-07
54570.0 1.34214e-07
54580.0 1.31348e-07
54589.99999999999 1.28591e-07
54600.0 1.27025e-07
54610.0 1.25521e-07
54620.0 1.23744e-07
54630.0 1.2193e-07
54640.00000000001 1.20056e-07
54650.0 1.18576e-07
54660.0 1.1705e-07
54670.0 1.1559e-07
54680.0 1.14664e-07
54690.0 1.13678e-07
54700.0 1.12276e-07
54710.0 1.10938e-07
54720.00000000001 1.09669e-07
54730.0 1.08384e-07
54740.0 1.07023e-07
54750.0 1.05632e-07
54760.0 1.03361e-07
54770.0 1.0121e-07
54780.0 9.89608e-08
54790.0 9.67082e-08
54800.00000000001 9.45817e-08
54810.0 9.23462e-08
54820.0 9.01123e-08
54830.0 8.81181e-08
54840.0 8.59392e-08
54850.0 8.38924e-08
54860.0 8.21026e-08
54870.0 8.03145e-08
54880.00000000001 7.85265e-08
54890.0 7.6932e-08
54900.0 7.53337e-08
54910.0 7.36038e-08
54920.0 7.19917e-08
54930.0 7.04046e-08
54940.0 6.86059e-08
54950.0 6.68261e-08
54960.00000000001 6.51892e-08
54970.0 6.3488e-08
54980.0 6.18135e-08
54990.0 0.0
55000.0 0.0
