43469.11536999999 0.0
43482.627689999994 0.0
43496.14001 1.9535075962310557e-05
43509.652330000004 2.0013463749112472e-05
43523.16464 2.0409600447529616e-05
43536.67695 2.0737297438123754e-05
43550.189269999995 2.142629703330459e-05
43563.70158 2.150088977923838e-05
43577.2139 2.178221498824076e-05
43590.72621 2.3860905479649073e-05
43604.23853 2.597108216429195e-05
43617.75083999999 2.6552760114198058e-05
43631.263150000006 2.7438036079265325e-05
43644.77547000001 2.999504475825688e-05
43658.28778 3.3234323477613796e-05
43671.8001 3.632987600673068e-05
43685.31240999999 3.848953660870616e-05
43698.82472999999 3.987721258023199e-05
43712.33704 4.174715286412879e-05
43725.84936 4.6150317466765424e-05
43739.36167 5.144978909137879e-05
43752.873980000004 5.7154731607475104e-05
43766.386300000006 6.0686657934720514e-05
43779.89861 6.39444265159139e-05
43793.41093 6.768361982975127e-05
43806.92324 7.256098539664996e-05
43820.43555999999 7.726934802030006e-05
43833.94787 8.129103570639248e-05
43847.460179999995 8.50737526973239e-05
43860.972499999996 8.941047551425541e-05
43874.48481000001 9.581918625429175e-05
43887.99713 0.00010221990782435831
43901.50944 0.00010792232291827109
43915.02176 0.00011102629560306181
43928.534069999994 0.00011561243492589242
43942.046389999996 0.00012214781405433338
43955.5587 0.00013135819532160336
43969.07101 0.00014034708267859648
43982.583329999994 0.0001501745377261548
43996.09564000001 0.00016116243822938018
44009.60796000001 0.0001740719694778954
44023.12027 0.00018529213788787553
44036.63259 0.00019573415228880427
44050.14489999999 0.00020574887159494532
44063.657219999994 0.00021764218281026943
44077.16953000001 0.00023035583410933714
44090.68184 0.00024395944355661562
44104.19416 0.00025855368696398604
44117.70647 0.00027474147769950544
44131.21879 0.0002916121862116217
44144.731100000005 0.00030940109816455944
44158.24342 0.0003298599661270481
44171.755730000004 0.0003543618193940863
44185.268039999995 0.00038145270824580066
44198.780360000004 0.00041046786838748104
44212.292669999995 0.0004401914527404697
44225.80499 0.000471116130511423
44239.3173 0.0005031886888016831
44252.82962 0.0005358063055765038
44266.34193 0.0005712072582315971
44279.854250000004 0.0006098243277188064
44293.36656 0.0006521402538078794
44306.87887 0.00069759465269621
44320.391189999995 0.0007469867053297981
44333.9035 0.0008005894765626521
44347.41582 0.0008588715767259925
44360.92813 0.0009216206321905745
44374.44045 0.0009896334075617642
44387.95275999999 0.0010637955130615622
44401.465070000006 0.0011443233716182666
44414.97739000001 0.0012307058150855508
44428.4897 0.0013235549791645416
44442.00202 0.0014241893102920772
44455.51432999999 0.0015327093936769337
44469.02665 0.0016502715583637177
44482.53896 0.0017781434973890599
44496.05128 0.0019200316213911386
44509.56359 0.0020744736818016397
44523.0759 0.002242420618911249
44536.588220000005 0.0024252138190645877
44550.100529999996 0.0026266101992907217
44563.61285 0.0028478614293413447
44577.125159999996 0.00309169394983334
44590.63747999999 0.0033595141700623297
44604.14979 0.0036532770374720063
44617.662110000005 0.003975996726430706
44631.174419999996 0.004333979209357655
44644.68673000001 0.004727592279043739
44658.19905 0.005160898103891382
44671.71136 0.005641035899284778
44685.22368 0.006175749540531355
44698.735989999994 0.006769083222834665
44712.24831000001 0.007429443263667785
44725.76062 0.008163861367436165
44739.27293 0.008979917504708895
44752.78524999999 0.00988848029858434
44766.297560000006 0.01091171110500047
44779.80988000001 0.012053979487727112
44793.32219 0.013329842780630995
44806.83451 0.014760605710138658
44820.34682 0.01636877491923748
44833.85914 0.018170392731266843
44847.371450000006 0.020195913728804978
44860.88376 0.022489338078784653
44874.39608 0.02506979152806619
44887.90839 0.027977267657156635
44901.42071 0.03127529335097991
44914.933020000004 0.034994827446676605
44928.44534 0.03919489232059298
44941.957650000004 0.04396408426288381
44955.469959999995 0.049351213533046695
44968.982280000004 0.05543318058890079
44982.494589999995 0.062313738721848824
44996.00691 0.07006655210554691
45009.51922 0.07878322048404668
45023.031539999996 0.08857413462937075
45036.54385 0.09948450658136991
45050.05617 0.11162544141047878
45063.56848 0.12508646773996054
45077.08079000001 0.1397118911484621
45090.593109999994 0.15565887920927113
45104.10542 0.17295053148420444
45117.61774 0.19114994150934306
45131.13005 0.21027534974565942
45144.64237 0.23033953251438102
45158.15467999999 0.25069020641018513
45171.666990000005 0.27101109938748064
45185.17931 0.2915119123710389
45198.69162 0.31154560073946674
45212.20394 0.3304540756319788
45225.71625 0.348834526604508
45239.22857 0.3662714337524072
45252.74088 0.38175821052621595
45266.2532 0.3963415492666408
45279.76551 0.4099203601848467
45293.27782 0.42120203616168495
45306.790140000005 0.43150023833855444
45320.302449999996 0.4408225726166376
45333.81477 0.4482456526674464
45347.32708 0.4546791511517569
45360.839400000004 0.4602977163153298
45374.35171 0.4645941196572446
45387.864030000004 0.468114066513598
45401.376339999995 0.4710981757966657
45414.88865 0.47323313414533036
45428.40097 0.4748765982282885
45441.91328 0.47624723687451764
45455.425599999995 0.4771746897223568
45468.93791000001 0.47780321698888073
45482.45023000001 0.4783334558076131
45495.96254 0.4786886731260992
45509.47485 0.4789376592506993
45522.98716999999 0.47918328637573143
45536.499480000006 0.4793412510969529
45550.01180000001 0.47957585950253306
45563.52411 0.4797751488429438
45577.03643 0.4799775280953181
45590.54874 0.48023963628654465
45604.06106 0.4804927235551402
45617.573370000006 0.48078473569181557
45631.08568 0.4811132154721235
45644.598 0.4814133004063442
45658.11031 0.4817255453077973
45671.62263 0.48211587790174604
45685.134939999996 0.4824522159908836
45698.64726 0.4827655660218579
45712.15957 0.48308941007887596
45725.67188 0.4833726568981601
45739.1842 0.4836482248776055
45752.696509999994 0.483863232368494
45766.208829999996 0.48402913917767465
45779.72114 0.48417463885616374
45793.233459999996 0.484306433088734
45806.74577 0.48436090900545636
45820.25809 0.4843864817537813
45833.7704 0.4843454704199005
45847.28271000001 0.48427447378091804
45860.795029999994 0.4841899717661766
45874.30734 0.483994128750424
45887.81966 0.4837849444946527
45901.33197 0.48357343873736813
45914.84429 0.4832867192892261
45928.35659999999 0.482961759137689
45941.868910000005 0.48260632456357505
45955.38123 0.48224749211562745
45968.89354 0.48186924782274776
45982.40586 0.4814729167444083
45995.918170000004 0.4810306086790453
46009.430490000006 0.4806019605873213
46022.9428 0.480185825044366
46036.45512 0.47975586550297633
46049.96743 0.4793202198872082
46063.47974 0.47887036762087987
46076.992060000004 0.478468346550197
46090.504369999995 0.4780463288924497
46104.01669 0.47762355757429825
46117.52900000001 0.4772096297408127
46131.041320000004 0.476799296472174
46144.55363 0.47643763769735903
46158.065950000004 0.47606914999055333
46171.578259999995 0.47568393336452386
46185.09057 0.4753346330127546
46198.60289 0.4750173422886821
46212.1152 0.4746617206480529
46225.627519999995 0.4743115062519007
46239.13983000001 0.4739798457916792
46252.65215000001 0.4736275474646485
46266.16446 0.47333003564236725
46279.67677 0.47300989979206154
46293.18908999999 0.47264720254535997
46306.701400000005 0.47234122832046055
46320.21372000001 0.4719973464027691
46333.72603 0.47168699928261554
46347.23835 0.47133476412192743
46360.75066 0.4709479178308228
46374.26298 0.47061244061703533
46387.775290000005 0.4702710437693857
46401.287599999996 0.4698525916078669
46414.79992 0.46946110926703216
46428.312229999996 0.4690790292688226
46441.824550000005 0.46862865817900606
46455.336859999996 0.468214303694381
46468.84918 0.4677629736269607
46482.36149 0.46725779616732344
46495.8738 0.4668213497697441
46509.38612 0.4663464062094781
46522.898429999994 0.46578734493912627
46536.410749999995 0.46525363089854316
46549.92306000001 0.46472949362605576
46563.435379999995 0.46413400577940045
46576.94769 0.4635649695600482
46590.46001 0.46291090607249624
46603.97232 0.4623163249985047
46617.484630000006 0.46174387508248027
46630.99694999999 0.46107838113613575
46644.509260000006 0.46045972296359594
46658.02158 0.45982560307276754
46671.53389 0.459126786238384
46685.04621 0.45850490739950195
46698.55852 0.45783951791896055
46712.070830000004 0.45709965928299
46725.58315 0.45643265075154327
46739.09546 0.4557798015012497
46752.60778 0.4550490090776943
46766.120090000004 0.45435226270686313
46779.632410000006 0.45365657000440746
46793.14472 0.45289077928153826
46806.65704 0.4521929135111261
46820.169350000004 0.45139317621840347
46833.68166 0.45064121638998333
46847.193980000004 0.4498969397611369
46860.706289999995 0.4490792696382046
46874.218609999996 0.44832665973373786
46887.73092 0.4475311330132025
46901.24324 0.4466591432526519
46914.75555 0.4458600634836162
46928.267869999996 0.4450313536070751
46941.780179999994 0.44411499097934776
46955.29249 0.44320443347407684
46968.80481 0.4422842402193178
46982.31712 0.4412918442888055
46995.829439999994 0.4402815072345786
47009.34175000001 0.4392276890626783
47022.85407000001 0.4380452844745667
47036.36638 0.43685658809418954
47049.87869 0.43561494424361935
47063.39100999999 0.43419008116949165
47076.903320000005 0.4327020877631511
47090.41564000001 0.43108402736853957
47103.92795 0.42934920390236064
47117.44027 0.4274707564754455
47130.95258 0.4253956764894729
47144.464900000006 0.423071958133075
47157.97721 0.4206092719560931
47171.489519999996 0.41785731419161665
47185.001840000004 0.4147903804201293
47198.51415 0.41153039225348265
47212.026470000004 0.40776588057913543
47225.538779999995 0.4037158181749415
47239.0511 0.39942287859106973
47252.56341 0.39434718210446873
47266.07572 0.3890299240114638
47279.58804 0.38324861780339947
47293.10035 0.3767753119826604
47306.61267 0.3700473072443794
47320.12498000001 0.36251211704804787
47333.637299999995 0.3544991769205427
47347.14961 0.3462117360298652
47360.66193 0.3368921095569214
47374.17424 0.3273470927647
47387.68654999999 0.3172995739142579
47401.19886999999 0.3065603968250875
47414.711180000006 0.2957275601614332
47428.2235 0.2842333705855677
47441.73581 0.27245496839299255
47455.24813 0.2606693808086173
47468.76044 0.24827809701037729
47482.27276 0.23605012262832908
47495.78507 0.2237557329984948
47509.297379999996 0.21135418183933657
47522.8097 0.19928655170937815
47536.32201 0.1871782119557431
47549.834330000005 0.17540968150902608
47563.346639999996 0.16404034821622415
47576.85896 0.15284228392034635
47590.37127 0.14221245036071517
47603.88358 0.1319886949156511
47617.3959 0.12222664690731146
47630.908209999994 0.11304652641116442
47644.420529999996 0.10427361996057369
47657.93284 0.0960894227396136
47671.44516 0.08843548245557706
47684.95747 0.08126343105384506
47698.469789999996 0.0746266027291611
47711.982099999994 0.0684481400115645
47725.49441 0.06274505226473058
47739.00673 0.05749236917047368
47752.51904 0.05263955972181583
47766.03135999999 0.048189830072867104
47779.54367000001 0.04410567993962712
47793.05599000001 0.040366935151883526
47806.5683 0.036944677891952826
47820.08061000001 0.033813730619927436
47833.59293 0.03095372412745661
47847.105240000004 0.028342847006705862
47860.617560000006 0.02596615219225326
47874.12987 0.023794071165207632
47887.64219 0.02181410138834007
47901.1545 0.020008050337577236
47914.666820000006 0.018358015475600786
47928.17913 0.016857939779925467
47941.69144 0.01548709890622349
47955.203760000004 0.014237750277707618
47968.71607 0.013097956892904591
47982.228390000004 0.012055657837868942
47995.740699999995 0.011106246099549324
48009.25302 0.010235784861610833
48022.76533000001 0.009440968549594161
48036.27764 0.008714179272702034
48049.78996 0.008046805693997261
48063.30227 0.007436298876384849
48076.81459 0.006873741989242476
48090.32690000001 0.006357217330277254
48103.839219999994 0.005885851133888597
48117.35153 0.005452551135428604
48130.863849999994 0.005059258066305913
48144.37616 0.004696280933241459
48157.88846999999 0.004362234918024183
48171.40079 0.004055224590863264
48184.913100000005 0.0037707168880594453
48198.42542 0.003508150711612902
48211.93773 0.0032657537510473733
48225.45005 0.0030415852931191954
48238.96236 0.0028367491398196805
48252.47468 0.002647287583339321
48265.98699 0.002472197473443595
48279.499299999996 0.002309498870702951
48293.011620000005 0.002158537176967123
48306.52393 0.0020204451702290956
48320.036250000005 0.001892371791676329
48333.548559999996 0.0017737120854912898
48347.06088 0.0016623911569468909
48360.57318999999 0.0015580594723207703
48374.0855 0.0014615441493513023
48387.59782 0.001371657822849386
48401.110129999994 0.0012891614781535565
48414.622449999995 0.001212267798438475
48428.13476 0.0011407589734683996
48441.64708 0.0010747096759887759
48455.15939 0.0010127788759956525
48468.671709999995 0.000954862442319205
48482.18402000001 0.0009008159383766901
48495.69633 0.0008503338263586478
48509.20865 0.0008031370980006419
48522.72096 0.0007586890285930866
48536.23327999999 0.0007156595673564642
48549.745590000006 0.0006754564337714301
48563.25791000001 0.000638102483443121
48576.77022 0.0006033413051850573
48590.28253 0.0005707243855944346
48603.79485 0.000537943643632504
48617.307160000004 0.0005076483357162789
48630.81948 0.00048012515150328976
48644.33179 0.00045670694001093983
48657.84411 0.0004357727781557837
48671.356420000004 0.00041508464176487033
48684.868740000005 0.0003949234277827549
48698.381049999996 0.0003746914373861523
48711.89336 0.0003561710673988559
48725.40568 0.00033903312654281993
48738.91799 0.00032319088150456655
48752.43031 0.0003083030012193915
48765.942619999994 0.00029458737661055515
48779.454939999996 0.0002816453722952576
48792.96725000001 0.0002693624670339242
48806.47956 0.00025662529427720256
48819.99188 0.00024437044172295774
48833.50419 0.00023335060758078078
48847.01651 0.00022363193001373753
48860.52881999999 0.00021531698029800833
48874.041139999994 0.00020657198343089118
48887.55345 0.0001978532338435461
48901.065769999994 0.00018801125062559629
48914.57808 0.00017893908601646872
48928.09039 0.00017085306894263163
48941.60271 0.00016377384710268274
48955.115020000005 0.00015754816607280178
48968.62734 0.00015136615368314065
48982.13965 0.00014521438775069495
48995.65197 0.0001385186397436127
49009.164280000005 0.00013226124222433776
49022.676600000006 0.0001264942557464985
49036.18891 0.00012133952861504026
49049.70122 0.00011654102911794897
49063.213540000004 0.00011023297649895481
49076.72585 0.00010407984931705037
49090.238170000004 9.772001272293607e-05
49103.750479999995 9.273273672523649e-05
49117.2628 8.866248489274609e-05
49130.77511 8.586177696954107e-05
49144.28742 8.349033568803336e-05
49157.79974 8.17152900992257e-05
49171.31204999999 7.987208595970917e-05
49184.824369999995 7.79120923165765e-05
49198.33668 7.549312232160473e-05
49211.849 7.294121874934129e-05
49225.36131 7.176759976714311e-05
49238.873629999995 7.096741148629695e-05
49252.38594000001 7.108238542713261e-05
49265.89825 7.058833054177132e-05
49279.41057 6.941376405503945e-05
49292.92288 6.755351469606532e-05
49306.43519999999 6.55703103984496e-05
49319.947510000005 6.340603798529401e-05
49333.45983000001 6.10923146433784e-05
49346.97214 5.8383838642231926e-05
49360.484449999996 5.5824171313078374e-05
49373.99677 5.3370261801056364e-05
49387.50908 5.107595136440222e-05
49401.0214 4.888607384778496e-05
49414.533709999996 4.687172455636299e-05
49428.04603 4.5338166404928525e-05
49441.55834 4.4461301156694546e-05
49455.070660000005 4.370609314506862e-05
49468.582969999996 4.3026525614099124e-05
49482.09528 4.1966933909816185e-05
49495.60760000001 4.089414244297013e-05
49509.11991 3.992762058724004e-05
49522.63223 3.898343533325298e-05
49536.144539999994 3.8042442535352777e-05
49549.656859999996 3.759681275735257e-05
49563.16917000001 3.750138471429746e-05
49576.68148 3.7455928858050174e-05
49590.1938 3.723045643699502e-05
49603.70611 3.4664708921328276e-05
49617.21843 3.1660376509888796e-05
49630.73073999999 2.8736319218103167e-05
49644.24306 2.7427635365144794e-05
49657.755370000006 2.7099607856971808e-05
49671.26769 2.6402615329309582e-05
49684.78 2.5747356486930798e-05
49698.29231 2.5093040029773284e-05
49711.80463 2.4879532769230666e-05
49725.316940000004 2.561775212687787e-05
49738.82926 2.586554095020464e-05
49752.34157 2.5579593181938695e-05
49765.853890000006 2.4176574633010538e-05
49779.366200000004 2.267677143797011e-05
49792.878520000006 2.091532640950132e-05
49806.39083 1.961895133859733e-05
49819.90314 1.804668852988443e-05
49833.41545999999 1.7028413721438924e-05
49846.92777 1.677842933854267e-05
49860.440090000004 1.761044849581481e-05
49873.952399999995 1.886764700157569e-05
49887.464719999996 1.9358024805573983e-05
49900.97703 2.0159489925674524e-05
49914.48934 2.0952912163329176e-05
49928.00166 2.2055488864539688e-05
49941.51396999999 2.3260184860229362e-05
49955.026289999994 2.346398465529882e-05
49968.5386 2.2725477305127073e-05
49982.05092 2.1052938959354636e-05
49995.56323 1.9728718457161838e-05
50009.075549999994 1.810716771053318e-05
50022.58786000001 1.8224505733925655e-05
50036.10017 1.8219760960940036e-05
50049.61249 1.82766319218263e-05
50063.12479999999 1.8384980463328106e-05
50076.63711999999 1.8754439073975766e-05
50090.149430000005 1.935970731697653e-05
50103.66175 1.9637214327127503e-05
50117.17406 2.0000975633943763e-05
50130.686369999996 1.9980890843188607e-05
50144.198690000005 2.032445224562143e-05
50157.711 2.090889814390988e-05
50171.22332 2.1652416044598812e-05
50184.735629999996 2.2520343985407786e-05
50198.247950000004 2.3271025778272987e-05
50211.76026 2.4006217789947145e-05
50225.272580000004 2.359010913660056e-05
50238.784889999995 2.268576241482246e-05
50252.29720000001 2.0887561486328916e-05
50265.80952000001 2.045975487358388e-05
50279.32183 1.980093980555508e-05
50292.83415 1.936733775694361e-05
50306.34646 1.86451330258384e-05
50319.85878 1.7776227580155046e-05
50333.37108999999 1.83301218188154e-05
50346.883409999995 1.8902225789176313e-05
50360.39572 1.9361481991264175e-05
50373.90803 1.905657148873502e-05
50387.42035 1.895842004278293e-05
50400.93266 1.932159697365977e-05
50414.44498 1.9742111778268406e-05
50427.957290000006 2.0233106379373275e-05
50441.46961 2.0060927076295443e-05
50454.98192 1.948027819205231e-05
50468.49423 1.8762989295751514e-05
50482.00655 1.8076606690434023e-05
50495.518860000004 1.7670750385485308e-05
50509.03118 1.7478867349868242e-05
50522.543490000004 1.766822654249135e-05
50536.055810000005 1.7828594127115547e-05
50549.56812 1.775363048616022e-05
50563.080440000005 1.7133640581832967e-05
50576.592749999996 1.5961609208082877e-05
50590.10506 1.5083706873109804e-05
50603.61737999999 1.4369247816525693e-05
50617.12969 1.4160281441956972e-05
50630.64201 1.4738957548573304e-05
50644.154319999994 1.4815020322106556e-05
50657.666639999996 1.5068947997596915e-05
50671.17895 1.4396661650682376e-05
50684.69126 1.3324058356222386e-05
50698.20358 1.3211044396669273e-05
50711.71588999999 1.3840247923307185e-05
50725.228209999994 1.4155842475026842e-05
50738.74052 1.3594477545525344e-05
50752.25284 1.3436562389683081e-05
50765.76515 1.2867214590892975e-05
50779.27746999999 1.2298398003526712e-05
50792.78978000001 1.1116932721423056e-05
50806.30209 1.024333916795541e-05
50819.81441 9.970982569465235e-06
50833.32671999999 9.776149621963332e-06
50846.83904 9.727564343088376e-06
50860.351350000004 9.601481416149848e-06
50873.86367 9.374544919988842e-06
50887.37598 9.543140546551051e-06
50900.88829 9.954173839731005e-06
50914.400610000004 1.0519381504394675e-05
50927.91292 1.1196668843471153e-05
50941.42524 1.1698731321405353e-05
50954.93755 1.2226626647741221e-05
50968.44987000001 1.2682365243345208e-05
50981.96218 1.299439518066611e-05
50995.474500000004 1.2744063282804758e-05
51008.986820000006 0.0
51022.49914000001 0.0
