29889.239409999995 0.0
29902.751729999996 0.0
29916.264049999998 0.00011279885600047936
29929.77637 0.00012152257968493161
29943.28868 0.00013095165322925473
29956.801 0.0001403071574848401
29970.31331 0.00014992990681670114
29983.825619999996 0.00016077866332557533
29997.337940000005 0.00017236670921644495
30010.85025 0.00018515432435840573
30024.362569999998 0.000198557040453182
30037.87488 0.0002124203248814481
30051.387199999997 0.00022705717321150676
30064.89951 0.000243153314005868
30078.41182 0.00026085574384876784
30091.924140000003 0.000279578697537106
30105.43645 0.00029905597262226333
30118.94877 0.0003198788673882294
30132.461079999997 0.0003423495883297956
30145.9734 0.00036636211943522746
30159.48571 0.00039259905012191
30172.99803 0.0004198808262557167
30186.51034 0.0004487393705647064
30200.02265 0.0004795411370209871
30213.53497 0.0005125928010210931
30227.047280000003 0.0005474252651923241
30240.5596 0.000584755810598415
30254.07191 0.0006246675986937855
30267.584230000004 0.0006665335274910889
30281.096539999995 0.0007117540322720109
30294.60886 0.0007610637402354833
30308.12117 0.0008137169539050653
30321.63348 0.0008698566930552614
30335.1458 0.0009304542190179192
30348.65811 0.0009953489289205929
30362.170430000002 0.0010647705379088783
30375.682740000004 0.0011401022390470977
30389.195060000002 0.001221492257523897
30402.707369999996 0.0013088129333563461
30416.21968 0.001403599458082775
30429.732 0.0015059582711914742
30443.244310000002 0.0016169504124586244
30456.75663 0.001737351106395783
30470.26894 0.0018676429814192988
30483.781260000003 0.002008953393931482
30497.293570000005 0.002162341069356848
30510.80589 0.0023275640413483473
30524.318199999998 0.002507766302640103
30537.83051 0.002703804330838366
30551.342829999998 0.002916502666432631
30564.85514 0.0031489264697236183
30578.36746 0.0034019886323784438
30591.87977 0.0036771687763615837
30605.392089999998 0.003977877608909481
30618.9044 0.00430600100855403
30632.41671 0.004663394110317919
30645.929030000003 0.0050542036057284875
30659.44134 0.005480294483081717
30672.95366 0.005945315026055651
30686.465969999997 0.006454405826742678
30699.97829 0.0070109685931757666
30713.4906 0.007619314704091738
30727.00292 0.008285828271424264
30740.51523 0.009015209636310256
30754.027540000003 0.00981357713208115
30767.539860000004 0.010687038645616796
30781.052169999995 0.011644425606607153
30794.564489999997 0.012691470940943982
30808.0768 0.013837603416613671
30821.589119999997 0.01509363933075356
30835.10143 0.016465789951454132
30848.61374 0.017966567837701557
30862.126060000002 0.01961161575966939
30875.638370000004 0.021405351553722876
30889.15069 0.023363484694607774
30902.662999999997 0.025506999965977238
30916.175320000002 0.02783942277927461
30929.68763 0.030381833012622136
30943.19995 0.03316012445999373
30956.71226 0.036172336336969146
30970.22457 0.03945884405556382
30983.736890000004 0.04301508225347924
30997.249200000002 0.04687159089010931
31010.76152 0.051065633165509536
31024.273830000002 0.05558100684970729
31037.78615 0.06045494693358333
31051.298459999998 0.06573428313656132
31064.81078 0.07138752053566447
31078.323089999998 0.07745720010359566
31091.8354 0.08399231652561442
31105.347719999998 0.09094419359802026
31118.86003 0.09835808473135663
31132.37235 0.10628528496904416
31145.884660000003 0.11464861124069806
31159.39698 0.12348493781150302
31172.909289999996 0.1328492132348499
31186.421599999998 0.14262077519277777
31199.93392 0.1528407083339669
31213.44623 0.16354814587923014
31226.95855 0.1745920699416708
31240.47086 0.18606676207380357
31253.983180000003 0.19779380828659526
31267.495489999998 0.20980054145619265
31281.007810000003 0.22210328026460707
31294.52012 0.23451086307544688
31308.03243 0.24702256387103744
31321.544749999997 0.259667126996255
31335.05706 0.2722251144190088
31348.56938 0.2847075276189144
31362.081690000003 0.29714490711447905
31375.594009999997 0.3092880555199179
31389.10632 0.32117381745904416
31402.61863 0.33280782373827433
31416.130950000002 0.34399152215019935
31429.64326 0.35473715417475044
31443.15558 0.3650597079827871
31456.667889999997 0.37477738764380475
31470.180210000002 0.3839805614097671
31483.69252 0.39252481468188516
31497.20484 0.4004524072643119
31510.71715 0.4078038400276352
31524.229460000002 0.4144701018353255
31537.74178 0.42051024741969284
31551.254090000002 0.42600442248827597
31564.766410000004 0.43086953317618687
31578.27872 0.4351924056374604
31591.791039999996 0.43904575359788867
31605.30335 0.44238369971024594
31618.81566 0.44529578645150963
31632.327980000002 0.44784333100507956
31645.840290000004 0.450018697665984
31659.35261 0.45188599345681435
31672.86492 0.45350909521280686
31686.37724 0.4548772871964149
31699.88955 0.4560442552589523
31713.401869999998 0.45705885673966185
31726.91418 0.45791890906483096
31740.42649 0.45866970127188267
31753.938809999996 0.45931949244721404
31767.451119999998 0.45989151165806774
31780.96344 0.4604118598021129
31794.47575 0.46088068894264506
31807.98807 0.46131334428191884
31821.50038 0.4617185736339049
31835.012700000003 0.4621013881404439
31848.52501 0.4624686957857006
31862.03732 0.46283260601039844
31875.549639999997 0.4631892269907274
31889.06195 0.46353941568091983
31902.57427 0.4638874681079864
31916.086580000003 0.4642370494238983
31929.5989 0.46458859251237833
31943.111210000003 0.46494332557241336
31956.623519999997 0.4652935130713153
31970.13584 0.4656423638326399
31983.648149999997 0.46598575151435806
31997.16047 0.4663254383076494
32010.67278 0.46667711532446915
32024.1851 0.4670189606065982
32037.69741 0.46735642003580646
32051.209730000002 0.4676877501903661
32064.72204 0.4680121953103172
32078.23435 0.46832530059559274
32091.74667 0.46863263679812406
32105.25898 0.46892625596914445
32118.7713 0.4692113625834749
32132.283610000002 0.4694884439701702
32145.79593 0.4697640675790577
32159.30824 0.470034464015111
32172.82055 0.47029770015793426
32186.332870000002 0.4705723373160324
32199.845180000004 0.4708483871474881
32213.357500000002 0.47110840040404933
32226.86981 0.4713765905569851
32240.382129999995 0.47162955672185614
32253.894439999996 0.4719017548180116
32267.406759999998 0.47218178752280604
32280.91907 0.47243359397890905
32294.43138 0.4727139295788466
32307.9437 0.47300144798024646
32321.45601 0.4732672683036633
32334.968330000003 0.4735707195871136
32348.480639999998 0.47388130469573286
32361.992959999996 0.47415082838909167
32375.505269999998 0.47446726253769833
32389.01759 0.47479125527595895
32402.5299 0.4750686628754477
32416.042210000003 0.47540090461206747
32429.55453 0.4757334362435252
32443.06684 0.47601176281201063
32456.579160000005 0.4763428882355851
32470.091470000003 0.476611979604406
32483.60379 0.476936334026619
32497.1161 0.4772625249050272
32510.62841 0.4775130691587747
32524.14073 0.47782873029591744
32537.653039999997 0.47814086407469547
32551.16536 0.4783813670284437
32564.67767 0.4786961607628262
32578.18999 0.4790103191764118
32591.7023 0.4792532546027741
32605.214620000002 0.4795581669831811
32618.72693 0.4798530399778447
32632.23924 0.4800683279219245
32645.751559999997 0.4803582627933731
32659.26387 0.4806408420166697
32672.77619 0.4808556076219464
32686.288500000002 0.4811367803348876
32699.80082 0.4814152783943042
32713.313130000002 0.4816363726724651
32726.825439999997 0.48192454693492043
32740.33776 0.4821613322436187
32753.850069999997 0.4824540045585778
32767.36239 0.4827504424282311
32780.8747 0.48299829235668035
32794.387019999995 0.483300821600527
32807.89933 0.4836065885163465
32821.41165 0.48388976980379117
32834.92396 0.4842086388521867
32848.436270000006 0.484531167599239
32861.94859 0.4848430315890582
32875.4609 0.48518035720718666
32888.97322 0.4855292293664063
32902.48553 0.48588435081418874
32915.99785 0.4862537666357847
32929.51016 0.4866265250394157
32943.02247 0.48703276614870344
32956.534790000005 0.4874283835460202
32970.047099999996 0.48786662570813444
32983.559420000005 0.48827836197227115
32997.071729999996 0.48869440635428935
33010.58405 0.4891646813766788
33024.096359999996 0.48958372256725013
33037.60868 0.49001119453050324
33051.12099 0.4905144680228799
33064.6333 0.4909568233913173
33078.145619999996 0.49140426072489396
33091.65793 0.49195735597269197
33105.17025 0.4924240270122334
33118.68256 0.49289498638653184
33132.19488 0.4934883785916743
33145.70719 0.49397142872472133
33159.21951 0.49445790782112
33172.73182 0.4950711533275248
33186.24413 0.49555468576223605
33199.75645 0.4960311951430294
33213.26876 0.4966731793209798
33226.78108 0.49716466350417543
33240.29339 0.4978106878583538
33253.80571 0.49829486168466736
33267.31802 0.49876996759656067
33280.83033 0.49941800383298846
33294.34265 0.49988715414375773
33307.85496 0.5003485725216008
33321.36728 0.5009549087673151
33334.879590000004 0.5013848951366107
33348.39191 0.5018083861096063
33361.904220000004 0.5024046638903427
33375.416540000006 0.5028207951011593
33388.928850000004 0.5032263677831348
33402.44116 0.5038139518838427
33415.95348 0.5042073236192228
33429.46579 0.5045966921213398
33442.978110000004 0.5051684724864557
33456.490419999995 0.5055456590372144
33470.00274 0.5061065063680232
33483.51505 0.506469226232404
33497.02736 0.5068335232095446
33510.53968 0.5073850744732741
33524.05199 0.5077493996182221
33537.56431 0.5081081785774462
33551.07662 0.5086459455560819
33564.588939999994 0.5089995432106809
33578.10125 0.5093508528179271
33591.61357 0.5098805073050179
33605.12588 0.5102225699975657
33618.638190000005 0.5105625389925206
33632.15051 0.5110692352976723
33645.66282 0.5114072879157665
33659.17514000001 0.5117485124057228
33672.68745 0.5122474723601427
33686.19977 0.5125905455496427
33699.71208 0.51293456318253
33713.22439 0.5134343312366518
33726.73671 0.5137857348168595
33740.24902 0.514280172149437
33753.761340000005 0.5146376737948326
33767.27365 0.514996394506151
33780.78597 0.5154903630707193
33794.298279999995 0.5158577420156647
33807.8106 0.5162330800527003
33821.32291 0.5167259940036701
33834.83522 0.5171069209615178
33848.34754 0.5174926167930676
33861.85985 0.5179817507184066
33875.37217 0.5183724390779572
33888.88448 0.5187595084923567
33902.3968 0.5192371017597781
33915.90911 0.5196151513720979
33929.42143 0.519987006266811
33942.93373999999 0.5204348986410672
33956.44605 0.5207895864218803
33969.95837 0.5211406767426829
33983.47068 0.5215524304826344
33996.983 0.5218843282323717
34010.49531 0.5222788287500821
34024.00763 0.5225992411066487
34037.519940000006 0.5229162882990701
34051.03225 0.5232851879900597
34064.54457 0.523591962025362
34078.05688 0.5238906337781002
34091.5692 0.5242381446215336
34105.08151 0.5245230201397579
34118.59383 0.5247963218509554
34132.10614 0.5251168363745016
34145.618460000005 0.5253756194999148
34159.13077 0.5256304377928975
34172.643079999994 0.5259286859828751
34186.155399999996 0.5261703660458859
34199.66771 0.5264082850210381
34213.180029999996 0.5266761293491913
34226.69234 0.5268918804790186
34240.20466 0.5271521374068439
34253.71697 0.527359428562443
34267.22928 0.5275662907199867
34280.7416 0.527825703166046
34294.25391 0.5280355464675166
34307.76623 0.5282539009140881
34321.27854 0.528534591495184
34334.79086 0.5287471573777354
34348.30317 0.5289502576562128
34361.81549 0.5292108587089115
34375.3278 0.5293994429516318
34388.840110000005 0.5295830876439687
34402.35243 0.5298263085021181
34415.864740000005 0.529997603116687
34429.377060000006 0.5301720669114779
34442.88937 0.5304227278309468
34456.40169 0.5306088208300637
34469.914 0.5307961482430407
34483.42631 0.5310661125640671
34496.93863 0.531258488126224
34510.45094 0.5315372391122167
34523.963260000004 0.5317391067800525
34537.47557 0.5319424281070289
34550.98789 0.5322419218798269
34564.5002 0.5324552220165366
34578.012520000004 0.5326698760814409
34591.52483 0.5329854329959063
34605.03714 0.5332027854671698
34618.54946 0.5334171685624405
34632.06177 0.533733243107874
34645.57409 0.5339524719131896
34659.0864 0.5341751752536512
34672.59872 0.53450085482934
34686.11103 0.5347273554509568
34699.62335 0.5349543192679668
34713.13566 0.5353021065209846
34726.64797 0.5355476615879191
34740.16029 0.5359008886360848
34753.6726 0.5361529939464393
34767.18492 0.5364084750394018
34780.69723 0.5367746369478017
34794.20955 0.5370366701218048
34807.721860000005 0.537293163658468
34821.234169999996 0.5376558176655446
34834.746490000005 0.5379105147635939
34848.258799999996 0.538164134644705
34861.77112 0.538522421550814
34875.28343 0.5387705875843223
34888.79575 0.5390187692694568
34902.30806 0.539367048881341
34915.820380000005 0.5396154542023583
34929.332689999996 0.5398626592995982
34942.845 0.5402034223904293
34956.35732 0.5404440102293371
34969.86963 0.5406800991854851
34983.381949999995 0.541006975873515
34996.89426 0.5412409929322799
35010.40658 0.5415561843593047
35023.91889 0.5417796158420043
35037.4312 0.5420000848675137
35050.94352 0.542303147349778
35064.45583 0.5425175879036059
35077.96815 0.5427291221846384
35091.48046 0.5430213640310608
35104.99278 0.5432365976524519
35118.50509 0.5434522476060372
35132.01741 0.5437343554616101
35145.52972 0.5439346970575363
35159.04203 0.544131954801057
35172.55435 0.5443898720608629
35186.066660000004 0.5445804682216877
35199.57898 0.5447653022080752
35213.091290000004 0.544987558353478
35226.603610000006 0.5451440188579568
35240.11592 0.545348393808305
35253.62824 0.5455032062711218
35267.14055 0.5456612665100757
35280.65286 0.5458608314499993
35294.16518 0.5460161592556456
35307.67749 0.5461757697508708
35321.18981 0.5464079765193406
35334.70212 0.5465880356163217
35348.21444 0.5467680023098649
35361.72675 0.5469965448706291
35375.23906 0.5471778371378346
35388.75138 0.5473587724042092
35402.26369 0.5475815558063695
35415.776009999994 0.5477477436619773
35429.28832 0.5479161763944405
35442.80064 0.5481281318797344
35456.31295 0.5483029598082718
35469.82527 0.5484813162976578
35483.33758 0.5486984848987293
35496.84989 0.5488796066171759
35510.36221 0.5491139961407328
35523.87452 0.549320517945546
35537.38684 0.5495316832612528
35550.89915 0.5497811737589442
35564.41147 0.5499986631505842
35577.923780000005 0.5502212221047493
35591.43609 0.5504815267701064
35604.948410000005 0.5507115476242237
35618.460719999995 0.5509445474644291
35631.97304 0.5512141500380526
35645.485349999995 0.5514514128063185
35658.99767 0.5516919105599145
35672.50998 0.5519735255862928
35686.0223 0.5522222297025446
35699.53461 0.5524739549159916
35713.04692 0.5527686252671764
35726.55924 0.5530256287269699
35740.07155 0.5533260604867106
35753.58387 0.5535861369378947
35767.09618 0.5538473516974889
35780.6085 0.5541551788882192
35794.12081 0.5544176315450053
35807.63312 0.5546836668453934
35821.14544 0.5550039003673537
35834.65775 0.5552752825196071
35848.17007 0.5555480448184034
35861.682380000006 0.5558757277638715
35875.1947 0.55614724528031
35888.70701 0.5564168402941254
35902.21932999999 0.5567455187690079
35915.73164 0.5570148360003735
35929.24395 0.5572838870202868
35942.75627 0.557615987625113
35956.26858 0.5578848781634067
35969.7809 0.5581539151958523
35983.29321 0.5584917699011357
35996.805530000005 0.55876508375979
36010.317839999996 0.5590793414583213
36023.83016 0.5593218635072024
36037.342469999996 0.5595631518432286
36050.85478 0.5598513670870184
36064.3671 0.5600922423526538
36077.87941 0.5603335272349205
36091.39173 0.5606246427134243
36104.90404 0.5608681583299941
36118.41636 0.5611164772295241
36131.92867 0.5614164671793992
36145.44098 0.5616641539315429
36158.9533 0.5619113188853563
36172.46561 0.5622123610493048
36185.97793 0.5624593152583894
36199.49024 0.5627055800390325
36213.00256 0.5629956043590111
36226.51487 0.5632328269249851
36240.02719 0.5635260652021085
36253.5395 0.5637651638769776
36267.05181 0.5640048953790542
36280.56413 0.5642979040587465
36294.07644 0.564535499951382
36307.58876 0.5647745071606123
36321.10107 0.5650671189819965
36334.61339 0.5653050513439107
36348.125700000004 0.5655430072841667
36361.63801 0.5658354633485704
36375.150330000004 0.5660764994619158
36388.662639999995 0.566318286184696
36402.17496 0.566610798009711
36415.687269999995 0.5668493058100721
36429.19959 0.5670876527059819
36442.7119 0.5673735815716423
36456.22422 0.5676103916088028
36469.73653 0.5678458846698011
36483.24884 0.568126148514282
36496.76116 0.568361498273935
36510.27347 0.5686407496510666
36523.78579 0.5688752302203745
36537.2981 0.5691090275454935
36550.81042 0.5693799997841367
36564.32273 0.569608769499248
36577.835040000005 0.569836738502977
36591.34736 0.5700970209238775
36604.85967 0.5703163543663774
36618.37199 0.5705336296651171
36631.8843 0.5707824866950509
36645.39662 0.5709967777159002
36658.90893 0.5712087748890818
36672.42125 0.5714472669380701
36685.93356 0.5716524258570911
36699.445869999996 0.5718541692991709
36712.95819 0.5720811533447105
36726.4705 0.5722771905123645
36739.98282 0.5724689601160085
36753.49513 0.5726825095876682
36767.007450000005 0.572868240342278
36780.51976 0.5730737449964178
36794.032080000004 0.5732552387376779
36807.544389999995 0.5734317164295352
36821.0567 0.5736255915613696
36834.56902 0.5737978584649732
36848.08133 0.5739663404783012
36861.59365 0.5741511163004331
36875.10596 0.5743149571789607
36888.618279999995 0.5744766249935771
36902.13059 0.5746569862781963
36915.6429 0.5748204773913747
36929.15522 0.5749815516228702
36942.66753 0.5751600421886924
36956.17985 0.5753201220396262
36969.69216 0.5754792243326695
36983.20448 0.5756571519582795
36996.71679 0.5758148360504376
37010.22911 0.5759913621391379
37023.74142 0.5761486486151898
37037.253730000004 0.5763057339392965
37050.766050000006 0.5764844226129076
37064.278360000004 0.5766451512489739
37077.79068 0.5768061142691757
37091.30299 0.5769893634960721
37104.81531 0.5771510282915051
37118.32762 0.5773102125024404
37131.83993 0.5774939993506565
37145.35225 0.5776542236793187
37158.86456 0.5778120535717222
37172.37688 0.5779953644087671
37185.889189999994 0.5781536892794883
37199.401509999996 0.5783123692533021
37212.91382 0.5785023455925112
37226.426139999996 0.5786653349694311
37239.93845 0.5788279385305055
37253.45076 0.5790214458840821
37266.96308 0.5791844526726407
37280.47539 0.5793786542452294
37293.98771 0.5795410282269959
37307.50002 0.5797037533992362
37321.01234 0.5799017566538538
37334.52465 0.5800651060097696
37348.03696 0.5802251579671958
37361.54928 0.5804195747741603
37375.06159 0.580575302844595
37388.57391 0.5807250675803062
37402.08622 0.5809077830355931
37415.59854 0.5810443756603766
37429.110850000005 0.5811732986375895
37442.62317 0.5813358236412831
37456.13548 0.5814523828002885
37469.647789999995 0.5815614156416888
37483.16011 0.5817058241211972
37496.67242 0.5818037402175553
37510.18474 0.5819344325082343
37523.69705 0.5820176849188219
37537.209370000004 0.5820924695837062
37550.72168 0.5821996018596653
37564.234000000004 0.5822576279597932
37577.74631 0.5823057089481936
37591.25862 0.5823852093464996
37604.770939999995 0.5824159402281497
37618.28325 0.5824376598518506
37631.79557 0.5824911132018218
37645.30788 0.5824983709030971
37658.8202 0.5824977021903144
37672.33251 0.5825288308608243
37685.84482 0.5825157556470479
37699.35714 0.5824943258162878
37712.86945 0.5824936079843015
37726.38177 0.58244952478346
37739.89408 0.582397158767173
37753.4064 0.5823717566250575
37766.91871 0.582308650517817
37780.43103 0.5822713104479363
37793.94334 0.5822007002046246
37807.45565 0.5821347590030226
37820.967970000005 0.5820976888865564
37834.480279999996 0.5820337009801773
37847.9926 0.5819706969608112
37861.504909999996 0.5819288894598817
37875.01723 0.5818649838516705
37888.529539999996 0.5818019132089751
37902.04185 0.5817563607269612
37915.55417 0.5816961441139052
37929.06648 0.5816422346852469
37942.5788 0.5816066260836406
37956.09111 0.5815674579562292
37969.60343 0.5815361768823812
37983.11574 0.5815179383193916
37996.628059999995 0.581502173867645
38010.14037 0.5815020017684247
38023.65268 0.5815075776737848
38037.165 0.581524699259496
38050.67731000001 0.5815487273899114
38064.18963 0.5815847953222609
38077.70194 0.5816365407723709
38091.21426 0.5816947621225408
38104.72657 0.5817719226755065
38118.23889 0.5818603552816103
38131.7512 0.581947797769306
38145.26351 0.5820611193081917
38158.77583 0.5821891408977913
38172.28814 0.5823080625264571
38185.80046 0.5824548337727543
38199.312770000004 0.5826132251670396
38212.82509 0.5827658874333084
38226.337400000004 0.5829542332979164
38239.849709999995 0.5831559623199116
38253.36203 0.583338076726791
38266.87434 0.5835582115022708
38280.38666 0.5837549745572221
38293.89897 0.5839903496513126
38307.411290000004 0.5842281729445373
38320.9236 0.5844322298522855
38334.43592 0.5846729495022245
38347.94823 0.5849119851570537
38361.46054 0.5851093926016303
38374.972859999994 0.5853429706703246
38388.48517 0.5855724024664248
38401.99749 0.5857550457299444
38415.5098 0.5859691408765406
38429.02212 0.5861719295832234
38442.53443 0.5863191795732996
38456.04674 0.586498361031413
38469.55906 0.5866612390638795
38483.07137 0.5867638943662554
38496.58369 0.5868907481579622
38510.096 0.5869443830143694
38523.60832 0.5870218662530448
38537.120630000005 0.5870775956473254
38550.63295 0.5870632336107813
38564.14526 0.5870705420001388
38577.65757 0.5870504358838995
38591.16989 0.5869554489877596
38604.6822 0.5868788342016209
38618.194520000005 0.5867754586383889
38631.706829999996 0.5865951110559551
38645.21915 0.5864260033448783
38658.731459999995 0.5862244540205843
38672.24377 0.5859479953962168
38685.75609 0.5856820459465604
38699.2684 0.5853870581165959
38712.78072 0.5850094736375053
38726.29303 0.5846403841132544
38739.80535 0.5842415872758535
38753.31766 0.5837755868614578
38766.82998 0.5833133627814127
38780.34229 0.5827921983298825
38793.8546 0.5822724873796574
38807.36692 0.5817349538911148
38820.87923 0.5811547126053245
38834.39155 0.5805776826898625
38847.90386 0.5799811367945871
38861.41618 0.5793483496821062
38874.92849 0.5787214489210526
38888.44081 0.5780792096294097
38901.95312 0.5774081795636281
38915.465430000004 0.5767339902427675
38928.97775 0.5760471287500026
38942.49006 0.5753413732207857
38956.00238 0.5746368383788227
38969.51469 0.5739221528862006
38983.02701 0.5731967320013132
38996.53932 0.5724712355187855
39010.051629999994 0.5717330049640021
39023.56395 0.5709912806943487
39037.07626 0.5702450014379001
39050.588579999996 0.5694953673380616
39064.10089 0.5687352267667602
39077.613209999996 0.5679665931590183
39091.12552 0.5671936306561678
39104.63784 0.5664019139415792
39118.15015 0.5656022723011758
39131.66246 0.5647926947103534
39145.17478 0.5639419405938422
39158.68709 0.5630595406059941
39172.19941 0.5621576417758454
39185.71172 0.5611920238682648
39199.22404 0.5601752754134441
39212.73635 0.5591231734301892
39226.24866 0.5579750802832528
39239.76098 0.5567461264743976
39253.273290000005 0.5554515483305442
39266.78561 0.5540241633552989
39280.29792 0.5525103125247479
39293.81024 0.5508327234121527
39307.32255 0.5490011848447612
39320.83487 0.5470376389603928
39334.34718 0.544864571216489
39347.85949 0.5424982735501498
39361.37181 0.539960715071416
39374.88412 0.5371648293820128
39388.396440000004 0.5341285892908576
39401.90875 0.5308780541875887
39415.421070000004 0.5273256536842352
39428.933379999995 0.5234837449898808
39442.44569 0.5193781141637446
39455.95801 0.5149187174267068
39469.47032 0.5101314074446917
39482.98264 0.5050457027446527
39496.49495 0.4995764398107244
39510.00727 0.49378533775688316
39523.51958000001 0.48759483219720906
39537.0319 0.48105408485333245
39550.54421 0.47419911262594394
39564.05652 0.46694997742058275
39577.56884 0.4593525533791899
39591.08115 0.4514513541501833
39604.59347 0.4431836835179737
39618.10578 0.43460297953302796
39631.6181 0.42575671304644325
39645.13041 0.4165912419856454
39658.64273 0.4071655668166109
39672.15504 0.3975381059056589
39685.66735 0.38765923994940477
39699.17967 0.3775883380475497
39712.691979999996 0.3673918873391059
39726.2043 0.3570268969066218
39739.71661 0.34655093043523294
39753.22893 0.33601923869254835
39766.74124 0.3254057815283079
39780.25355 0.31479253682935093
39793.76587 0.3041608757001379
39807.278179999994 0.29355533328387684
39820.790499999996 0.2830241018347923
39834.30281 0.2725519752862824
39847.815129999995 0.2621857521400025
39861.32744 0.2519665230074022
39874.83976 0.24187630465024068
39888.35207 0.23195475793458292
39901.864380000006 0.22223796050169642
39915.3767 0.2127085365670504
39928.88901 0.2033985007845873
39942.40133 0.19433374900122113
39955.91364 0.18549646054859154
39969.42596 0.1769108999074465
39982.93827 0.16859628959613546
39996.45058 0.16053343377015278
40009.9629 0.15274152622290926
40023.47521 0.14522574681620407
40036.98753 0.1379795697556262
40050.499840000004 0.13101461897888475
40064.012160000006 0.12431860416633103
40077.52447 0.11789441798113331
40091.03679 0.1117438007006741
40104.5491 0.10585448726853658
40118.06141 0.10022530758275962
40131.573730000004 0.09485502506510554
40145.08604 0.08973046233331387
40158.598359999996 0.08484877001937502
40172.11067 0.08020612191278392
40185.62299 0.07578845318166474
40199.1353 0.071591488179592
40212.64761 0.06760987735050049
40226.159929999994 0.06383014625647258
40239.67224 0.06024852458583321
40253.18456 0.056858308843648064
40266.69687 0.05364622683280429
40280.20919 0.05061015869180356
40293.72150000001 0.04773743054675014
40307.233819999994 0.045022285624028366
40320.74613 0.042460055663067375
40334.25844 0.04003829211619875
40347.77076 0.037751387182200544
40361.283070000005 0.03559585646132063
40374.79538999999 0.03356166322312825
40388.3077 0.031644056669351994
40401.82002 0.029837913966375442
40415.33233 0.028134296645258714
40428.84465 0.026528974859371585
40442.356960000005 0.025018500378083362
40455.869269999996 0.023595357045635243
40469.38159 0.02225576872082024
40482.893899999995 0.02099547541207957
40496.406220000004 0.019806690094395236
40509.91853 0.018688032980549853
40523.430850000004 0.017636205661164896
40536.943159999995 0.01664481175826608
40550.45547 0.01571376342099949
40563.96779 0.014836424912899257
40577.4801 0.014010195417843586
40590.992419999995 0.013233383593306886
40604.50472999999 0.012501383484737182
40618.017049999995 0.011811634244723104
40631.52936 0.0111632014279402
40645.04168 0.010551718368191692
40658.55399 0.009975670187684332
40672.066300000006 0.009433634620158778
40685.57862000001 0.00892249038102276
40699.090930000006 0.008441685105317167
40712.60325 0.007989168727183766
40726.11556 0.0075619289878653545
40739.62788 0.0071595866021526575
40753.140190000006 0.006781494352225855
40766.6525 0.006424642840785009
40780.16482 0.0060900428849168815
40793.67713 0.005773783566605033
40807.18945 0.0054748635033273554
40820.70176 0.0051936902632240545
40834.214080000005 0.004928119265429702
40847.726389999996 0.004677307459581879
40861.23871 0.004440366533799433
40874.75102 0.004215632853851476
40888.26333 0.004002498554172433
40901.77565 0.0038015241778161326
40915.28796 0.003611651960494627
40928.800279999996 0.003432963695360034
40942.31259 0.003264543246150879
40955.82491 0.0031051888645512765
40969.33722 0.0029552014692037784
40982.84953 0.002813667735264983
40996.36185000001 0.0026791469522378817
41009.87416 0.002552056852566419
41023.38648 0.00243241753248295
41036.89878999999 0.002318151129730288
41050.411109999994 0.002210291534087862
41063.92342000001 0.002107775095021691
41077.43573999999 0.002010437963838294
41090.94805 0.0019183221387575624
41104.46036 0.0018315014550700061
41117.97268 0.0017495246543917414
41131.484990000004 0.0016716166649115016
41144.99731 0.0015974787037007247
41158.509620000004 0.0015271703803800985
41172.021940000006 0.001460443387382656
41185.53425 0.0013965773605296794
41199.04657 0.0013365322887177612
41212.55888 0.0012794325781058688
41226.07119 0.0012244675529192932
41239.583510000004 0.0011721029152525007
41253.09582 0.0011229277271518777
41266.608140000004 0.0010757122979442443
41280.12045 0.001030690663892088
41293.632770000004 0.0009878821975720445
41307.145079999995 0.0009470814668150486
41320.65739 0.000908435916530734
41334.16971 0.0008720711711094392
41347.68202 0.0008380089155484342
41361.19434 0.0008052484045363605
41374.70664999999 0.0007738405826844535
41388.218969999994 0.0007442887584504157
41401.73128000001 0.0007163061417784894
41415.2436 0.0006883537183760759
41428.75591 0.0006610883533024469
41442.26821999999 0.0006349648761706569
41455.78053999999 0.000610154624320407
41469.292850000005 0.0005868677321638797
41482.80517 0.000565337556934839
41496.31748 0.0005447474380434634
41509.8298 0.0005248907232474119
41523.342110000005 0.0005067792818065426
41536.854419999996 0.0004899983852254001
41550.36674 0.00047336517234738984
41563.879049999996 0.0004561612861274626
41577.39136999999 0.00043957634047524447
41590.90368 0.00042386594374899133
41604.416000000005 0.000408908358847591
41617.928309999996 0.0003944434464371333
41631.44063 0.00038089503675904114
41644.95294 0.00036759110215806
41658.46525 0.00035509235034462424
41671.97757 0.00034387399698938836
41685.489879999994 0.0003336239841784896
41699.0022 0.0003234631310046915
41712.51451 0.00031351875258283285
41726.02683 0.0003042629377930595
41739.53914 0.0002951659028783694
41753.051459999995 0.00028602555859680165
41766.56377000001 0.00027751432067942114
41780.07608 0.0002698610680944133
41793.5884 0.0002621065145460592
41807.10071 0.00025431367215570885
41820.61303 0.0002466971016800667
41834.125340000006 0.00023946877831138534
41847.63765999999 0.0002324177919857385
41861.14997 0.00022613718404830904
41874.66228 0.0002202357851511148
41888.1746 0.00021427401234489854
41901.686910000004 0.00020803485773845243
41915.19923 0.0002023834478342869
41928.711540000004 0.00019730408271718378
41942.223860000006 0.0001922832848750101
41955.73617 0.00018719176935359647
41969.248490000005 0.0001825454740597455
41982.7608 0.0001779083295867855
41996.27311 0.00017308995070909025
42009.785429999996 0.0001685391243784666
42023.29774 0.0001644202980335948
42036.81006 0.00016038381708655504
42050.32237 0.0001565271497919816
42063.83469 0.00015336045883561605
42077.346999999994 0.0001505304850704737
42090.85931 0.00014777059595797067
42104.37163 0.00014535822725150193
42117.88394 0.0001436509677184574
42131.39626 0.00014197152162883435
42144.90856999999 0.0001399242841728191
42158.420889999994 0.00013752752180446124
42171.93320000001 0.00013525017444200816
42185.44552 0.00013284338500718672
42198.95783 0.00013062606919418655
42212.47013999999 0.0001285594081336897
42225.98245999999 0.00012633007544040608
42239.49477 0.00012357080775005392
42253.00709 0.00012086715027633573
42266.5194 0.00011853825727648578
42280.03171999999 0.00011631516470459928
42293.544030000005 0.00011425245175037527
42307.056339999996 0.00011261585669864705
42320.56866 0.00011129648820528071
42334.08097000001 0.00010971346477756192
42347.593290000004 0.00010801562103438913
42361.1056 0.00010681433103384755
42374.617920000004 0.00010573396020664073
42388.130229999995 0.00010391029819774778
42401.64255 0.00010100982255692217
42415.15486 9.7981439592977e-05
42428.66717 9.507653996305504e-05
42442.17949 9.287693111163671e-05
42455.6918 9.156820978406812e-05
42469.20412000001 9.066991358315071e-05
42482.71643 8.960209292785228e-05
42496.22875 8.863947405207985e-05
42509.74105999999 8.813992945224549e-05
42523.253379999995 8.751939521732682e-05
42536.76569000001 8.611288508794502e-05
42550.278 8.401581994248492e-05
42563.79032 8.15612024252981e-05
42577.30263 7.891806277588627e-05
42590.81495 7.62003096492526e-05
42604.327260000005 7.399319737471184e-05
42617.83958 7.246284388123262e-05
42631.35189 7.130018971185544e-05
42644.864199999996 7.038110793437756e-05
42658.37652 7.00016543282245e-05
42671.88883 6.994289031040185e-05
42685.401150000005 0.0
42698.91347000001 0.0
