7475.4998779296875 0.0
7485.4998779296875 0.0
7495.4998779296875 3.9916221528104084e-07
7505.4998779296875 4.210915168949608e-07
7515.4998779296875 4.4929210790508106e-07
7525.4998779296875 4.271494070710689e-07
7535.4998779296875 4.607312189010523e-07
7545.4998779296875 4.4460715254693706e-07
7555.4998779296875 4.4381613543318956e-07
7565.4998779296875 4.115392301523883e-07
7575.4998779296875 4.504548052651173e-07
7585.4998779296875 4.98743232167471e-07
7595.4998779296875 5.023299198299369e-07
7605.4998779296875 5.196220818361625e-07
7615.4998779296875 5.10520965756508e-07
7625.4998779296875 5.71273044120463e-07
7635.4998779296875 5.690535295178837e-07
7645.4998779296875 5.843745929255613e-07
7655.4998779296875 6.107890863033147e-07
7665.4998779296875 6.198609901240044e-07
7675.4998779296875 6.727748375787308e-07
7685.4998779296875 7.190973076914932e-07
7695.4998779296875 9.455660965694862e-07
7705.4998779296875 1.08988529493405e-06
7715.4998779296875 1.4798809392671218e-06
7725.4998779296875 1.9622951689674112e-06
7735.499877929688 2.905878269582651e-06
7745.499877929688 4.397555752977315e-06
7755.499877929688 6.501291332795618e-06
7765.499877929688 9.443445445805036e-06
7775.499877929688 1.338339562021776e-05
7785.499877929688 1.8829250864591374e-05
7795.499877929688 2.5562094007188824e-05
7805.499877929688 3.587899710428907e-05
7815.499877929688 5.11473732805071e-05
7825.499877929688 7.706259124021892e-05
7835.499877929688 0.00012787896724506735
7845.499877929687 0.00022154317032259095
7855.499877929687 0.00043109647108520704
7865.499877929687 0.0009357609598716124
7875.499877929687 0.0021225816501277894
7885.499877929687 0.00500177073551051
7895.499877929687 0.011757761865221691
7905.499877929687 0.024779340645184972
7915.499877929687 0.046466127233544804
7925.499877929687 0.07643273625757119
7935.499877929687 0.11294221163442784
7945.499877929687 0.14894130492454763
7955.4998779296875 0.18113264081259253
7965.4998779296875 0.20822273845668804
7975.4998779296875 0.22824076775793245
7985.4998779296875 0.242474772907824
7995.4998779296875 0.2516090521490312
8005.4998779296875 0.2580001914696662
8015.4998779296875 0.2610783909266028
8025.4998779296875 0.2619563525781113
8035.4998779296875 0.2624422054399753
8045.4998779296875 0.26356571439461174
8055.4998779296875 0.2644129086400242
8065.4998779296875 0.2636825750879253
8075.4998779296875 0.26049933163771344
8085.4998779296875 0.256164363363785
8095.4998779296875 0.2529481030507043
8105.4998779296875 0.25242434911630296
8115.4998779296875 0.2543820181052059
8125.4998779296875 0.2576000651720958
8135.4998779296875 0.25974392658587697
8145.4998779296875 0.2620387960982681
8155.4998779296875 0.26141084294506034
8165.4998779296875 0.2612012598237816
8175.4998779296875 0.2630236472316654
8185.4998779296875 0.2674684209944679
8195.499877929688 0.2721274660743278
8205.499877929688 0.27848032224954966
8215.499877929688 0.28318601150949657
8225.499877929688 0.28544721587407795
8235.499877929688 0.2862209669061877
8245.499877929688 0.28564925392494417
8255.499877929688 0.28258665747644696
8265.499877929688 0.2795602474146424
8275.499877929688 0.27791689078867104
8285.499877929688 0.2778541363599472
8295.499877929688 0.2790297057561622
8305.499877929688 0.2799117179568783
8315.499877929688 0.28049171999136785
8325.499877929688 0.2799401391841583
8335.499877929688 0.2783314857575127
8345.499877929688 0.2762760979891179
8355.499877929688 0.2764052873518783
8365.499877929688 0.27741773624758337
8375.499877929688 0.27953599748378755
8385.499877929688 0.2820592558823416
8395.499877929688 0.2840850384207292
8405.499877929688 0.2861053576335965
8415.499877929688 0.2877861845812608
8425.499877929688 0.28930210485101815
8435.499877929688 0.2906477474666482
8445.499877929688 0.2920632351674564
8455.499877929688 0.29218899326404163
8465.499877929688 0.2924350791982545
8475.499877929688 0.29127017441803854
8485.499877929688 0.29104571551385583
8495.499877929688 0.29215746421678535
8505.499877929688 0.2931735521946862
8515.499877929688 0.2952755269313696
8525.499877929688 0.29485328585318443
8535.499877929688 0.29418284822143403
8545.499877929688 0.2936846765599771
8555.499877929688 0.2920698396475121
8565.499877929688 0.2919928751991627
8575.499877929688 0.2919441312060514
8585.499877929688 0.29290730742600735
8595.499877929688 0.2924369794187942
8605.499877929688 0.29373279894734194
8615.499877929688 0.2938998990443585
8625.499877929688 0.2924246006411526
8635.499877929688 0.29212351596681285
8645.499877929688 0.29411384136804447
8655.499877929688 0.29517565551985875
8665.499877929688 0.2994516170914161
8675.499877929688 0.30115618309757974
8685.499877929688 0.30192043563019544
8695.499877929688 0.303889466984954
8705.499877929688 0.30652555647608654
8715.499877929688 0.3053411881226084
8725.499877929688 0.3077899748181395
8735.499877929688 0.308040318082387
8745.499877929688 0.30820268146555796
8755.499877929688 0.3049890953417971
8765.499877929688 0.30422847361493055
8775.499877929688 0.3060564327442203
8785.499877929688 0.30445831812952723
8795.499877929688 0.3009319661738365
8805.499877929688 0.30343459148295915
8815.499877929688 0.30130019208331993
8825.499877929688 0.3015435966789586
8835.499877929688 0.30060315931730586
8845.499877929688 0.3009439234742239
8855.499877929688 0.29512670916860917
8865.499877929688 0.291908263036355
8875.499877929688 0.29680650227238536
8885.499877929688 0.30346218483757526
8895.499877929688 0.301395526220294
8905.499877929688 0.3026762132908408
8915.499877929688 0.30949214762991717
8925.499877929688 0.312157635503547
8935.499877929688 0.3131174758464074
8945.499877929688 0.31415378801725036
8955.499877929688 0.3146708490341147
8965.499877929688 0.31335397623715244
8975.499877929688 0.31208810898047834
8985.499877929688 0.310775387901376
8995.499877929688 0.3097288197115305
9005.499877929688 0.30870070852501885
9015.499877929688 0.30681693660527787
9025.499877929688 0.3057322393114804
9035.499877929688 0.3031869652575617
9045.499877929688 0.30151153523730834
9055.499877929688 0.3019999958400107
9065.499877929688 0.30047504257501684
9075.499877929688 0.29928252778992354
9085.499877929688 0.30081412756626585
9095.499877929688 0.30183016593007583
9105.499877929688 0.30443795059082
9115.499877929688 0.30647905996331315
9125.499877929688 0.30917327861392846
9135.499877929688 0.31318423807547663
9145.499877929688 0.3155910886562838
9155.499877929688 0.31882424138448906
9165.499877929688 0.32350334604126346
9175.499877929688 0.3249604718188637
9185.499877929688 0.3277343170294876
9195.499877929688 0.328448822900496
9205.499877929688 0.32837620285726343
9215.499877929688 0.3293951243745998
9225.499877929688 0.32870626314457096
9235.499877929688 0.3280347950022007
9245.499877929688 0.32541451963645435
9255.499877929688 0.3247671596763562
9265.499877929688 0.3233641827705189
9275.499877929688 0.32144247630565476
9285.499877929688 0.31973324559625144
9295.499877929688 0.31935393192585354
9305.499877929688 0.318412698503869
9315.499877929688 0.31821657368613215
9325.499877929688 0.31791944451401855
9335.499877929688 0.3172858657440772
9345.499877929688 0.31709304280075556
9355.499877929688 0.31651540557528435
9365.499877929688 0.3161306640524562
9375.499877929688 0.31631280918638105
9385.499877929688 0.3156698686384136
9395.499877929688 0.31617965522707464
9405.499877929688 0.3176212373041968
9415.499877929688 0.31832435629988276
9425.499877929688 0.32051878351152735
9435.499877929688 0.3223282740762474
9445.499877929688 0.3250770705989828
9455.499877929688 0.3265241051028205
9465.499877929688 0.3280289895894318
9475.499877929688 0.3274861615807354
9485.499877929688 0.32698131167995137
9495.499877929688 0.3266436556019494
9505.499877929688 0.325335958732785
9515.499877929688 0.3255054867768698
9525.499877929688 0.32273981938945034
9535.499877929688 0.32219634684993076
9545.499877929688 0.32038888220975925
9555.499877929688 0.31954059266367885
9565.499877929688 0.3181422521390201
9575.499877929688 0.31675638960858304
9585.499877929688 0.3174528159205212
9595.499877929688 0.31821203852582347
9605.499877929688 0.3192609028892627
9615.499877929688 0.3207935447206247
9625.499877929688 0.3231413700196133
9635.499877929688 0.3255298620675393
9645.499877929688 0.32813083139784777
9655.499877929688 0.32991082773526687
9665.499877929688 0.3314368122907682
9675.499877929688 0.33280502041809845
9685.499877929688 0.333785836529136
9695.499877929688 0.3350382732577562
9705.499877929688 0.33393820767670646
9715.499877929688 0.33367132159285007
9725.499877929688 0.3330975519466393
9735.499877929688 0.33233230430281324
9745.499877929688 0.32995319638005216
9755.499877929688 0.3305081057557989
9765.499877929688 0.327946781708953
9775.499877929688 0.326490863377231
9785.499877929688 0.3246383389098806
9795.499877929688 0.3229192456025839
9805.499877929688 0.32058599864664794
9815.499877929688 0.3213902682805845
9825.499877929688 0.3218700277729009
9835.499877929688 0.3233671123102249
9845.499877929688 0.3255003766999858
9855.499877929688 0.32894252212161224
9865.499877929688 0.33057783446628447
9875.499877929688 0.33303021129881416
9885.499877929688 0.33420793847686975
9895.499877929688 0.33511320393366717
9905.499877929688 0.33503922614287796
9915.499877929688 0.33412355014101747
9925.499877929688 0.3337764836177172
9935.499877929688 0.33207379422244754
9945.499877929688 0.33066238472032417
9955.499877929688 0.3314226871817892
9965.499877929688 0.3304476221086352
9975.499877929688 0.3297633357241754
9985.499877929688 0.32702035959659786
9995.499877929688 0.32222915436956584
10005.499877929688 0.3113705432137517
10015.499877929688 0.2926648066981806
10025.499877929688 0.263547108781129
10035.499877929688 0.2254860768087681
10045.499877929688 0.1869267640806734
10055.499877929688 0.15132459028204756
10065.499877929688 0.12459121871042463
10075.499877929688 0.10045770326741797
10085.499877929688 0.08325015592702707
10095.499877929688 0.06771323561598099
10105.499877929688 0.05770888445869759
10115.499877929688 0.04820133129902105
10125.499877929688 0.042007504469520326
10135.499877929688 0.03562350915200248
10145.499877929688 0.03139370587948264
10155.499877929688 0.02676422548202656
10165.499877929688 0.023665171202441417
10175.499877929688 0.020061368450895768
10185.499877929688 0.01688851177243359
10195.499877929688 0.013601080028583451
10205.499877929688 0.010523215208598967
10215.499877929688 0.007855447963978815
10225.499877929688 0.005671449337819127
10235.499877929688 0.004190787472676732
10245.50048828125 0.0029412357241951075
10255.50048828125 0.002085462847214608
10265.50048828125 0.0014606349026373162
10275.50048828125 0.0010474374505013134
10285.50048828125 0.0007603939354474786
10295.50048828125 0.0005435333007497413
10305.50048828125 0.00041685173829004215
10315.50048828125 0.0003084437847456907
10325.50048828125 0.0002336726897384472
10335.50048828125 0.00017700568807684945
10345.50048828125 0.00013729760588298054
10355.50048828125 0.00010534804496590204
10365.50048828125 8.360574127394234e-05
10375.50048828125 6.708101819276749e-05
10385.50048828125 5.249919517313817e-05
10395.50048828125 4.332214263638052e-05
10405.50048828125 3.509929933480886e-05
10415.50048828125 2.8690768560695732e-05
10425.50048828125 2.356573595747426e-05
10435.50048828125 1.965321555091693e-05
10445.50048828125 1.687619927556881e-05
10455.50048828125 1.4021664806914485e-05
10465.50048828125 1.219566694985277e-05
10475.50048828125 1.0912689683580054e-05
10485.50048828125 9.039451191738652e-06
10495.50048828125 8.540279252156426e-06
10505.50048828125 7.545435934077078e-06
10515.50048828125 6.7469004393900995e-06
10525.50048828125 6.058519840609362e-06
10535.50048828125 5.536458196785096e-06
10545.50048828125 4.33020774928857e-06
10555.50048828125 4.970553973345283e-06
10565.50048828125 5.067365887227103e-06
10575.50048828125 4.287034660960625e-06
10585.50048828125 4.353568317569751e-06
10595.50048828125 3.8996298218667345e-06
10605.50048828125 3.6756455355746137e-06
10615.500488281252 3.6360418341297273e-06
10625.50048828125 3.621985601822866e-06
10635.500488281252 2.8921807414500573e-06
10645.50048828125 3.2395540127846154e-06
10655.500488281252 2.8073741986482405e-06
10665.50048828125 3.8242249081431485e-06
10675.500488281252 2.9506871869269834e-06
10685.50048828125 3.4482464794435065e-06
10695.500488281252 2.961150761321781e-06
10705.50048828125 3.1635680382891533e-06
10715.500488281248 0.0
10725.50048828125 0.0
