5000.0 0.0
5010.0 0.0
5020.0 0.0
5030.0 0.0
5040.0 0.0
5050.0 0.0
5060.0 0.0
5070.0 0.0
5080.0 0.0
5090.0 0.0
5100.0 0.0
5110.0 0.0
5120.0 0.0
5130.0 0.0
5140.0 0.0
5150.0 0.0
5160.0 0.0
5170.0 0.0
5180.0 0.0
5190.0 0.0
5200.0 0.0
5210.0 0.0
5220.0 0.0
5230.0 0.0
5240.0 0.0
5250.0 0.0
5260.0 0.0
5270.0 0.0
5280.0 0.0
5290.0 0.0
5300.0 0.0
5310.0 0.0
5320.0 0.0
5330.0 0.0
5340.0 0.0
5350.0 0.0
5360.0 0.0
5370.0 0.0
5380.0 0.0
5390.0 0.0
5400.0 0.0
5410.0 0.0
5420.0 0.0
5430.0 0.0
5440.0 0.0
5450.0 0.0
5460.0 0.0
5470.0 0.0
5480.0 0.0
5490.0 0.0
5500.0 0.0
5510.0 0.0
5520.000000000001 0.0
5530.000000000001 0.0
5540.000000000001 0.0
5550.000000000001 0.0
5560.000000000001 0.0
5570.000000000001 0.0
5580.000000000001 0.0
5590.000000000001 0.0
5600.000000000001 0.0
5610.000000000001 0.0
5620.000000000001 0.0
5629.999999999999 0.0
5639.999999999999 0.0
5649.999999999999 0.0
5659.999999999999 0.0
5669.999999999999 0.0
5679.999999999999 0.0
5689.999999999999 0.0
5699.999999999999 0.0
5709.999999999999 0.0
5719.999999999999 0.0
5729.999999999999 0.0
5740.0 0.0
5750.0 0.0
5760.0 0.0
5770.0 0.0
5780.0 0.0
5790.0 0.0
5800.0 0.0
5810.0 0.0
5820.0 0.0
5830.0 0.0
5840.0 0.0
5850.0 0.0
5860.0 0.0
5870.0 0.0
5880.0 0.0
5890.0 0.0
5900.0 0.0
5910.0 0.0
5920.0 0.0
5930.0 0.0
5940.0 0.0
5950.0 0.0
5960.0 0.0
5970.0 0.0
5980.0 0.0
5990.0 0.0
6000.0 0.0
6010.0 0.0
6020.0 0.0
6030.0 0.0
6040.0 0.0
6050.0 0.0
6060.0 0.0
6070.0 0.0
6080.0 0.0
6090.0 0.0
6100.0 0.0
6110.0 0.0
6120.0 0.0
6130.0 0.0
6140.0 0.0
6150.0 0.0
6160.0 0.0
6170.0 0.0
6180.0 0.0
6190.0 0.0
6200.0 0.0
6210.0 0.0
6220.0 0.0
6230.0 0.0
6240.0 0.0
6250.0 0.0
6260.0 0.0
6270.0 0.0
6280.0 0.0
6290.0 0.0
6300.0 0.0
6310.0 1.02233e-08
6320.0 1.93371e-08
6330.0 1.36009e-08
6340.0 0.0
6350.0 0.0
6360.0 0.0
6370.0 0.0
6380.0 0.0
6390.0 0.0
6400.0 5.22418e-09
6410.0 5.11606e-09
6420.0 0.0
6430.0 0.0
6440.0 0.0
6450.0 7.08896e-09
6460.0 9.17183e-09
6470.0 0.0
6480.0 0.0
6490.0 0.0
6500.0 0.0
6510.0 0.0
6520.0 0.0
6530.0 0.0
6540.0 0.0
6550.0 0.0
6560.0 0.0
6570.0 0.0
6580.0 0.0
6590.0 0.0
6600.0 0.0
6610.0 0.0
6620.0 0.0
6630.0 0.0
6640.0 0.0
6650.0 0.0
6660.0 0.0
6670.0 0.0
6680.0 0.0
6690.0 0.0
6700.0 0.0
6710.0 0.0
6720.0 0.0
6730.0 0.0
6740.0 0.0
6750.0 0.0
6760.0 0.0
6770.000000000001 0.0
6780.000000000001 0.0
6790.000000000001 0.0
6800.000000000001 0.0
6810.000000000001 0.0
6820.000000000001 0.0
6830.000000000001 0.0
6840.000000000001 0.0
6850.000000000001 0.0
6860.000000000001 1.07684e-08
6870.000000000001 1.34466e-08
6879.999999999999 0.0
6889.999999999999 0.0
6899.999999999999 1.22594e-08
6909.999999999999 2.57552e-08
6919.999999999999 4.4658e-08
6929.999999999999 4.32343e-08
6939.999999999999 0.0
6949.999999999999 0.0
6959.999999999999 0.0
6969.999999999999 0.0
6979.999999999999 1.662e-08
6990.0 2.37288e-08
7000.0 2.50859e-08
7010.0 2.19959e-08
7020.0 2.58933e-08
7030.0 3.18525e-08
7040.0 4.0496e-08
7050.0 4.89593e-08
7060.0 3.84326e-08
7070.0 1.24371e-08
7080.0 8.53346e-09
7090.0 0.0
7100.0 0.0
7110.0 0.0
7120.0 0.0
7130.0 0.0
7140.0 0.0
7150.0 0.0
7160.0 0.0
7170.0 0.0
7180.0 0.0
7190.0 0.0
7200.0 0.0
7210.0 0.0
7220.0 0.0
7230.0 0.0
7240.0 0.0
7250.0 0.0
7260.0 0.0
7270.0 0.0
7280.0 0.0
7290.0 0.0
7300.0 0.0
7310.0 0.0
7320.0 0.0
7330.0 0.0
7340.0 0.0
7350.0 0.0
7360.0 0.0
7370.0 0.0
7380.0 0.0
7390.0 0.0
7400.0 0.0
7410.0 0.0
7420.0 0.0
7430.0 0.0
7440.0 0.0
7450.0 0.0
7460.0 0.0
7470.0 0.0
7480.0 0.0
7490.0 0.0
7500.0 0.0
7510.0 0.0
7520.0 0.0
7530.0 0.0
7540.0 0.0
7550.0 0.0
7560.0 0.0
7570.0 0.0
7580.0 0.0
7590.0 0.0
7600.0 0.0
7610.0 0.0
7620.0 0.0
7630.0 0.0
7640.0 0.0
7650.0 0.0
7660.0 0.0
7670.0 0.0
7680.0 0.0
7690.0 0.0
7700.0 0.0
7710.0 0.0
7720.0 0.0
7730.0 0.0
7740.0 0.0
7750.0 0.0
7760.0 0.0
7770.0 0.0
7780.0 0.0
7790.0 0.0
7800.0 0.0
7810.0 0.0
7820.0 0.0
7830.0 0.0
7840.0 0.0
7850.0 0.0
7860.0 0.0
7870.0 0.0
7880.0 0.0
7890.0 0.0
7900.0 0.0
7910.0 0.0
7920.0 0.0
7930.0 0.0
7940.0 0.0
7950.0 0.0
7960.0 0.0
7970.0 0.0
7980.0 0.0
7990.0 0.0
8000.0 0.0
8010.0 0.0
8020.000000000001 0.0
8030.000000000001 0.0
8040.000000000001 0.0
8050.000000000001 0.0
8060.000000000001 0.0
8070.000000000001 0.0
8080.000000000001 0.0
8090.000000000001 0.0
8100.000000000001 0.0
8110.000000000001 0.0
8120.000000000001 0.0
8129.999999999999 0.0
8139.999999999999 0.0
8149.999999999999 0.0
8159.999999999999 0.0
8169.999999999999 0.0
8179.999999999999 0.0
8189.999999999999 0.0
8200.0 0.0
8210.0 0.0
8220.0 0.0
8230.0 0.0
8240.0 0.0
8250.0 0.0
8260.0 0.0
8270.0 0.0
8280.0 0.0
8290.0 0.0
8300.0 0.0
8310.0 0.0
8320.0 0.0
8330.0 0.0
8340.0 0.0
8350.0 0.0
8360.0 0.0
8370.0 0.0
8380.0 0.0
8390.0 0.0
8400.0 0.0
8410.0 0.0
8420.0 0.0
8430.0 0.0
8440.0 0.0
8450.0 0.0
8460.0 0.0
8470.0 0.0
8480.0 0.0
8490.0 0.0
8500.0 0.0
8510.0 0.0
8520.0 0.0
8530.0 0.0
8540.0 0.0
8550.0 0.0
8560.0 0.0
8570.0 0.0
8580.0 0.0
8590.0 0.0
8600.0 0.0
8610.0 1.3084e-08
8620.0 1.45533e-08
8630.0 1.87899e-08
8640.0 1.26192e-08
8650.0 0.0
8660.0 1.47528e-08
8670.0 2.11196e-08
8680.0 2.21101e-08
8690.0 2.2159e-08
8700.0 3.55293e-08
8710.0 9.28909e-08
8720.0 1.20731e-07
8730.0 1.11332e-07
8740.0 5.2363e-08
8750.0 5.69713e-08
8760.0 6.45649e-08
8770.0 9.54401e-08
8780.0 4.87134e-08
8790.0 8.57025e-08
8800.0 6.48567e-08
8810.0 1.23724e-07
8820.0 9.43188e-08
8830.0 8.41993e-08
8840.0 1.72937e-08
8850.0 2.06657e-08
8860.0 8.89882e-08
8870.0 1.52453e-07
8880.0 1.5378e-07
8890.0 8.29702e-08
8900.0 1.17516e-07
8910.0 1.44183e-07
8920.0 1.56658e-07
8930.0 3.25754e-08
8940.0 0.0
8950.0 2.8441e-07
8960.0 8.74856e-07
8970.0 9.10238e-07
8980.0 6.28008e-07
8990.0 1.48178e-07
9000.0 8.87815e-08
9010.0 8.44347e-08
9020.0 9.17734e-08
9030.0 6.45679e-08
9040.0 8.79506e-08
9050.0 8.9112e-08
9060.0 8.00092e-08
9070.0 9.58905e-08
9080.0 1.26483e-07
9090.0 1.51761e-07
9100.0 1.21713e-07
9110.0 6.71725e-08
9120.0 4.84079e-08
9130.0 5.18371e-08
9140.0 8.67775e-08
9150.0 1.19925e-07
9160.0 1.05017e-07
9170.0 9.91339e-08
9180.0 6.83496e-08
9190.0 1.23681e-07
9200.0 1.03017e-07
9210.0 1.66584e-07
9220.0 1.50924e-07
9230.0 1.44857e-07
9240.0 9.94525e-08
9250.0 8.05732e-08
9260.0 1.03928e-07
9270.0 9.66886e-08
9280.0 1.09716e-07
9290.0 9.00861e-08
9300.0 1.31439e-07
9310.0 1.2035e-07
9320.0 1.91701e-07
9330.0 2.04065e-07
9340.0 2.06181e-07
9350.0 1.44097e-07
9360.0 7.62391e-08
9370.0 9.02465e-08
9380.0 8.64029e-08
9390.0 1.23704e-07
9400.0 1.02842e-07
9410.0 1.80694e-07
9420.0 1.8182e-07
9430.0 1.65112e-07
9440.0 1.64602e-07
9450.0 2.42188e-07
9460.0 3.23003e-07
9470.0 3.85677e-07
9480.0 3.69236e-07
9490.0 4.3645e-07
9500.0 4.49916e-07
9510.0 5.34933e-07
9520.0 6.00312e-07
9530.0 5.85391e-07
9540.0 5.98068e-07
9550.0 6.18966e-07
9560.0 7.84416e-07
9570.0 9.70517e-07
9580.0 1.23986e-06
9590.0 1.58201e-06
9600.0 2.02286e-06
9610.0 2.54576e-06
9620.0 3.14e-06
9630.0 3.7744e-06
9640.0 4.4031e-06
9650.0 5.08104e-06
9660.0 5.8571e-06
9670.0 6.89971e-06
9680.0 8.20501e-06
9690.0 9.88408e-06
9700.0 1.18241e-05
9710.0 1.40984e-05
9720.0 1.6515e-05
9730.0 1.89571e-05
9740.0 2.11995e-05
9750.0 2.32709e-05
9760.0 2.52921e-05
9770.0 2.77084e-05
9780.0 3.08782e-05
9790.0 3.53269e-05
9800.0 4.1477e-05
9810.0 4.98545e-05
9820.0 6.12447e-05
9830.0 7.64175e-05
9840.0 9.60234e-05
9850.0 0.000121063
9860.0 0.000151875
9870.0 0.000188816
9880.0 0.000232057
9890.0 0.000281501
9900.0 0.000337198
9910.0 0.000398829
9920.0 0.00046729
9930.0 0.000545435
9940.0 0.000636371
9950.0 0.000744479
9960.0 0.000878922
9970.0 0.0010512
9980.0 0.0218529
9990.0 0.0502765
10000.0 0.0822066
10009.999999999998 0.0962307
10020.0 0.107249
10029.999999999998 0.118724
10040.0 0.132589
10049.999999999998 0.147623
10060.0 0.166534
10069.999999999998 0.187558
10080.0 0.212581
10089.999999999998 0.241869
10100.0 0.276158
10109.999999999998 0.315622
10120.0 0.35836
10129.999999999998 0.406329
10140.0 0.45683
10149.999999999998 0.505934
10160.0 0.550638
10169.999999999998 0.58711
10180.0 0.614604
10189.999999999998 0.630669
10200.0 0.638357
10209.999999999998 0.64032
10220.0 0.640881
10230.0 0.641234
10240.0 0.642889
10250.0 0.6444
10260.0 0.643617
10270.0 0.64062
10280.0 0.637827
10290.0 0.635971
10300.0 0.634608
10310.0 0.635147
10320.0 0.638215
10330.0 0.644167
10340.0 0.649697
10350.0 0.65738
10360.0 0.663786
10370.0 0.66938
10380.0 0.673347
10390.0 0.677558
10400.0 0.680757
10410.0 0.682635
10420.0 0.682872
10430.0 0.683739
10440.0 0.685102
10450.0 0.686673
10460.0 0.687607
10470.0 0.687354
10480.0 0.689599
10490.0 0.691962
10500.0 0.69381
10510.0 0.694117
10520.0 0.694839
10530.0 0.697066
10540.0 0.700648
10550.0 0.704457
10560.0 0.709537
10570.0 0.712665
10580.0 0.715304
10590.0 0.715779
10600.0 0.715083
10610.0 0.713587
10620.0 0.711978
10630.0 0.708701
10640.0 0.70536
10650.0 0.700833
10660.0 0.698092
10670.0 0.693451
10680.0 0.690082
10690.0 0.68427
10700.0 0.678556
10710.0 0.672228
10720.0 0.66643
10730.0 0.661672
10740.0 0.657235
10750.0 0.653526
10760.0 0.651778
10770.0 0.648655
10780.0 0.646558
10790.0 0.641806
10800.0 0.639213
10810.0 0.637159
10820.0 0.635862
10830.0 0.635829
10840.0 0.636825
10850.0 0.641138
10860.0 0.645355
10870.0 0.650796
10880.0 0.655778
10890.0 0.660367
10900.0 0.664594
10910.0 0.66715
10920.0 0.673052
10930.0 0.678263
10940.0 0.685959
10950.0 0.691098
10960.0 0.695231
10970.0 0.699243
10980.0 0.701927
10990.0 0.705423
11000.0 0.708865
11010.0 0.712761
11020.0 0.71613
11030.0 0.717419
11040.000000000002 0.719673
11050.0 0.721256
11060.000000000002 0.724452
11070.0 0.725789
11080.000000000002 0.727847
11090.0 0.728158
11100.000000000002 0.727687
11110.0 0.72628
11120.000000000002 0.725129
11130.0 0.725919
11140.000000000002 0.723785
11150.0 0.721058
11160.000000000002 0.717129
11170.0 0.71209
11180.000000000002 0.708059
11190.0 0.704496
11200.000000000002 0.703694
11210.0 0.702079
11220.000000000002 0.699659
11230.0 0.700497
11240.000000000002 0.701482
11250.0 0.705122
11259.999999999998 0.707397
11270.0 0.710541
11279.999999999998 0.713421
11290.0 0.714944
11299.999999999998 0.717011
11310.0 0.71922
11319.999999999998 0.72419
11330.0 0.727275
11339.999999999998 0.730379
11350.0 0.732888
11359.999999999998 0.735344
11370.0 0.736683
11379.999999999998 0.737759
11390.0 0.740072
11399.999999999998 0.742185
11410.0 0.744184
11419.999999999998 0.745753
11430.0 0.747836
11439.999999999998 0.751041
11450.0 0.75248
11459.999999999998 0.759807
11470.0 0.762981
11480.0 0.766391
11490.0 0.768845
11500.0 0.773314
11510.0 0.777572
11520.0 0.778173
11530.0 0.782493
11540.0 0.78631
11550.0 0.791453
11560.0 0.792922
11570.0 0.79697
11580.0 0.800759
11590.0 0.803575
11600.0 0.805847
11610.0 0.808448
11620.0 0.811177
11630.0 0.813386
11640.0 0.815659
11650.0 0.818173
11660.0 0.820577
11670.0 0.822663
11680.0 0.825705
11690.0 0.830306
11700.0 0.834389
11710.0 0.837153
11720.0 0.837293
11730.0 0.837418
11740.0 0.837876
11750.0 0.838518
11760.0 0.839369
11770.0 0.83868
11780.0 0.837621
11790.0 0.836441
11800.0 0.835171
11810.0 0.835985
11820.0 0.833566
11830.0 0.835237
11840.0 0.832957
11850.0 0.832102
11860.0 0.826717
11870.0 0.824039
11880.0 0.823017
11890.0 0.823487
11900.0 0.822214
11910.0 0.820704
11920.0 0.818949
11930.0 0.81978
11940.0 0.818786
11950.0 0.818276
11960.0 0.816324
11970.0 0.81311
11980.0 0.810608
11990.0 0.808337
12000.0 0.809519
12010.0 0.80815
12020.0 0.807182
12030.0 0.805592
12040.0 0.804248
12050.0 0.803305
12060.0 0.801119
12070.0 0.798861
12080.0 0.795933
12090.0 0.794728
12100.0 0.794027
12110.0 0.792666
12120.0 0.792268
12130.0 0.791035
12140.0 0.791158
12150.0 0.790501
12160.0 0.790239
12170.0 0.792508
12180.0 0.794504
12190.0 0.796973
12200.0 0.796809
12210.0 0.798827
12220.0 0.801308
12230.0 0.805066
12240.0 0.807323
12250.0 0.813308
12260.0 0.817605
12270.0 0.82339
12280.0 0.825446
12290.000000000002 0.828953
12300.0 0.832314
12310.000000000002 0.83342
12320.0 0.833627
12330.000000000002 0.831904
12340.0 0.832017
12350.000000000002 0.830611
12360.0 0.832465
12370.000000000002 0.832131
12380.0 0.829876
12390.000000000002 0.828012
12400.0 0.828198
12410.000000000002 0.831435
12420.0 0.834311
12430.000000000002 0.837322
12440.0 0.838963
12450.000000000002 0.840396
12460.0 0.841344
12470.000000000002 0.844211
12480.0 0.845622
12490.000000000002 0.848416
12500.0 0.850604
12509.999999999998 0.853581
12520.0 0.855625
12529.999999999998 0.858156
12540.0 0.860683
12549.999999999998 0.861867
12560.0 0.861741
12569.999999999998 0.861144
12580.0 0.859691
12589.999999999998 0.858841
12600.0 0.855602
12609.999999999998 0.855568
12620.0 0.857378
12629.999999999998 0.859153
12640.0 0.858086
12649.999999999998 0.854887
12660.0 0.853349
12669.999999999998 0.856193
12680.0 0.859013
12689.999999999998 0.860196
12700.0 0.856792
12709.999999999998 0.853647
12720.0 0.849442
12730.0 0.84246
12740.0 0.832753
12750.0 0.816994
12760.0 0.792932
12770.0 0.758003
12780.0 0.713577
12790.0 0.663818
12800.0 0.60636
12810.0 0.544875
12820.0 0.478921
12830.0 0.416221
12840.0 0.356728
12850.0 0.304211
12860.0 0.257078
12870.0 0.218377
12880.0 0.185863
12890.0 0.159188
12900.0 0.13726
12910.0 0.119342
12920.0 0.104292
12930.0 0.0917721
12940.0 0.0812675
12950.0 0.0720752
12960.0 0.0634439
12970.0 0.0551214
12980.0 0.0471108
12990.0 0.0392393
13000.0 0.0319023
13010.0 0.0256761
13020.0 0.0205832
13030.0 0.0164824
13040.0 0.0132742
13050.0 0.0106668
13060.0 0.00858139
13070.0 0.0069255
13080.0 0.0056328
13090.0 0.00462444
13100.0 0.003816
13110.0 0.00316954
13120.0 0.00262865
13130.0 0.00220396
13140.0 0.00184835
13150.0 0.00155985
13160.0 0.00131307
13170.0 0.00111527
13180.0 0.000950375
13190.0 0.000813995
13200.0 0.00069378
13210.0 0.000594297
13220.0 0.000510981
13230.0 0.000442443
13240.0 0.000384604
13250.0 0.000333724
13260.0 0.000288145
13270.0 0.000249268
13280.0 0.000218577
13290.0 0.000193595
13300.0 0.000172401
13310.0 0.00015209
13320.0 0.000134616
13330.0 0.000119166
13340.0 0.000107252
13350.0 9.66427e-05
13360.0 8.68081e-05
13370.0 7.79559e-05
13380.0 7.04575e-05
13390.0 6.42936e-05
13400.0 5.88298e-05
13410.0 5.35079e-05
13420.0 5.05529e-05
13430.0 4.59056e-05
13440.0 4.30042e-05
13450.0 3.90511e-05
13460.0 3.6387e-05
13470.0 3.31289e-05
13480.0 3.018e-05
13490.0 2.85213e-05
13500.0 2.65223e-05
13510.0 2.48598e-05
13520.0 2.34027e-05
13530.0 2.11652e-05
13540.000000000002 1.94602e-05
13550.0 1.69992e-05
13560.000000000002 1.66214e-05
13570.0 1.49937e-05
13580.000000000002 1.41631e-05
13590.0 1.32942e-05
13600.000000000002 1.29617e-05
13610.0 1.22296e-05
13620.000000000002 1.04149e-05
13630.0 9.28187e-06
13640.000000000002 9.38065e-06
13650.0 1.04879e-05
13660.000000000002 9.89015e-06
13670.0 9.28864e-06
13680.000000000002 8.61372e-06
13690.0 8.41664e-06
13700.000000000002 7.50687e-06
13710.0 7.15713e-06
13720.000000000002 9.30842e-06
13730.0 1.03785e-05
13740.000000000002 1.02718e-05
13750.0 8.48777e-06
13759.999999999998 7.41604e-06
13770.0 6.55584e-06
13779.999999999998 6.45425e-06
13790.0 6.80904e-06
13799.999999999998 7.96688e-06
13810.0 7.73813e-06
13819.999999999998 7.53416e-06
13830.0 6.95984e-06
13839.999999999998 6.33136e-06
13850.0 5.06562e-06
13859.999999999998 5.41299e-06
13870.0 5.95053e-06
13879.999999999998 6.57988e-06
13890.0 6.10766e-06
13899.999999999998 6.11347e-06
13910.0 5.44365e-06
13919.999999999998 4.8526e-06
13930.0 5.11686e-06
13939.999999999998 6.24116e-06
13950.0 6.85023e-06
13959.999999999998 6.45851e-06
13970.0 5.66342e-06
13980.0 5.91381e-06
13990.0 6.36239e-06
14000.0 7.20246e-06
14010.0 7.60158e-06
14020.0 7.43216e-06
14030.0 6.25833e-06
14040.0 5.28371e-06
14050.0 4.7501e-06
14060.0 5.78854e-06
14070.0 5.3207e-06
14080.0 5.14851e-06
14090.0 5.74379e-06
14100.0 6.68668e-06
14110.0 6.36776e-06
14120.0 6.02079e-06
14130.0 5.68498e-06
14140.0 6.12177e-06
14150.0 4.8885e-06
14160.0 3.56438e-06
14170.0 2.96309e-06
14180.0 3.87995e-06
14190.0 4.60432e-06
14200.0 5.55353e-06
14210.0 4.40506e-06
14220.0 3.51394e-06
14230.0 1.65791e-06
14240.0 2.92919e-06
14250.0 5.15063e-06
14260.0 7.38039e-06
14270.0 6.70196e-06
14280.0 5.94252e-06
14290.0 5.74911e-06
14300.0 6.50286e-06
14310.0 6.37254e-06
14320.0 5.29589e-06
14330.0 5.10145e-06
14340.0 4.48293e-06
14350.0 3.5789e-06
14360.0 2.39641e-06
14370.0 1.88563e-06
14380.0 2.60826e-06
14390.0 2.90318e-06
14400.0 4.07294e-06
14410.0 3.8237e-06
14420.0 4.18437e-06
14430.0 4.0961e-06
14440.0 4.39717e-06
14450.0 4.9306e-06
14460.0 4.60578e-06
14470.0 5.6378e-06
14480.0 4.65102e-06
14490.0 4.08932e-06
14500.0 3.2613e-06
14510.0 3.39121e-06
14520.0 3.11233e-06
14530.0 2.88147e-06
14540.0 2.72038e-06
14550.0 2.74125e-06
14560.0 2.17372e-06
14570.0 2.44907e-06
14580.0 2.69448e-06
14590.0 3.20633e-06
14600.0 3.73533e-06
14610.0 4.60003e-06
14620.0 4.70848e-06
14630.0 4.32481e-06
14640.0 3.60588e-06
14650.0 3.78531e-06
14660.0 3.86646e-06
14670.0 3.39214e-06
14680.0 4.18308e-06
14690.0 3.12159e-06
14700.0 2.9969e-06
14710.0 2.45856e-06
14720.0 3.24512e-06
14730.0 3.71698e-06
14740.0 2.8581e-06
14750.0 1.88605e-06
14760.0 1.38972e-06
14770.0 1.7735e-06
14780.0 2.5793e-06
14790.000000000002 2.94788e-06
14800.0 2.68238e-06
14810.000000000002 2.1515e-06
14820.0 2.38514e-06
14830.000000000002 3.13382e-06
14840.0 4.17932e-06
14850.000000000002 4.73331e-06
14860.0 5.12134e-06
14870.000000000002 3.85946e-06
14880.0 3.12169e-06
14890.000000000002 2.01414e-06
14900.0 1.91267e-06
14910.000000000002 1.89176e-06
14920.0 2.22502e-06
14930.000000000002 2.33098e-06
14940.0 2.00109e-06
14950.000000000002 2.32363e-06
14960.0 2.92177e-06
14970.000000000002 3.16451e-06
14980.0 2.55262e-06
14990.000000000002 1.96956e-06
15000.0 2.14614e-06
15009.999999999998 2.15688e-06
15020.0 3.12179e-06
15029.999999999998 2.89822e-06
15040.0 3.18513e-06
15049.999999999998 2.53317e-06
15060.0 3.13923e-06
15069.999999999998 3.11628e-06
15080.0 3.55546e-06
15089.999999999998 3.77079e-06
15100.0 3.466e-06
15109.999999999998 3.09839e-06
15120.0 2.72897e-06
15129.999999999998 2.87761e-06
15140.0 2.74844e-06
15149.999999999998 2.89783e-06
15160.0 2.51983e-06
15169.999999999998 3.00018e-06
15180.0 2.33339e-06
15189.999999999998 2.80113e-06
15200.0 2.17415e-06
15209.999999999998 2.44977e-06
15220.0 2.46015e-06
15230.0 3.88472e-06
15240.0 4.07095e-06
15250.0 3.3884e-06
15260.0 1.94668e-06
15270.0 2.11322e-06
15280.0 2.62097e-06
15290.0 3.10332e-06
15300.0 3.66071e-06
15310.0 3.77849e-06
15320.0 3.4129e-06
15330.0 2.87942e-06
15340.0 3.00266e-06
15350.0 4.24606e-06
15360.0 3.68934e-06
15370.0 2.73386e-06
15380.0 1.46194e-06
15390.0 1.95068e-06
15400.0 3.33811e-06
15410.0 4.07076e-06
15420.0 3.6313e-06
15430.0 4.07525e-06
15440.0 3.7776e-06
15450.0 4.20909e-06
15460.0 3.202e-06
15470.0 2.60906e-06
15480.0 2.3538e-06
15490.0 3.84347e-06
15500.0 4.15002e-06
15510.0 4.91354e-06
15520.0 3.63338e-06
15530.0 3.06479e-06
15540.0 1.52175e-06
15550.0 1.555e-06
15560.0 2.11118e-06
15570.0 2.66618e-06
15580.0 2.06751e-06
15590.0 2.37841e-06
15600.0 2.80071e-06
15610.0 3.37481e-06
15620.0 3.55941e-06
15630.0 4.07541e-06
15640.0 4.06606e-06
15650.0 3.04372e-06
15660.0 2.06897e-06
15670.0 1.80332e-06
15680.0 2.05492e-06
15690.0 2.47742e-06
15700.0 3.77698e-06
15710.0 5.02355e-06
15720.0 4.95961e-06
15730.0 3.57476e-06
15740.0 3.65831e-06
15750.0 4.47385e-06
15760.0 5.42657e-06
15770.0 5.04334e-06
15780.0 4.48247e-06
15790.0 3.20615e-06
15800.0 2.81242e-06
15810.0 3.27244e-06
15820.0 3.66386e-06
15830.0 3.73772e-06
15840.0 3.29625e-06
15850.0 3.98219e-06
15860.0 3.25132e-06
15870.0 2.89781e-06
15880.0 1.54418e-06
15890.0 3.54274e-06
15900.0 4.06592e-06
15910.0 4.27275e-06
15920.0 2.62226e-06
15930.0 2.00248e-06
15940.0 2.41636e-06
15950.0 2.57578e-06
15960.0 2.7361e-06
15970.0 3.3786e-06
15980.0 3.19221e-06
15990.0 2.9023e-06
16000.0 1.8811e-06
16010.0 2.59797e-06
16020.0 3.16783e-06
16030.0 3.67445e-06
16040.000000000002 4.52912e-06
16050.0 4.04672e-06
16060.000000000002 3.75095e-06
16070.0 2.40645e-06
16080.000000000002 2.88731e-06
16090.0 3.245e-06
16100.000000000002 5.00539e-06
16110.0 4.48496e-06
16120.000000000002 4.99095e-06
16130.0 3.11156e-06
16140.000000000002 3.15289e-06
16150.0 2.49523e-06
16160.000000000002 2.01097e-06
16170.0 2.50479e-06
16180.000000000002 2.11953e-06
16190.0 2.97089e-06
16200.000000000002 3.18215e-06
16210.0 4.14652e-06
16220.000000000002 4.29604e-06
16230.0 4.96308e-06
16240.000000000002 4.19012e-06
16250.0 3.69768e-06
16259.999999999998 1.99411e-06
16270.0 3.17602e-06
16279.999999999998 3.51793e-06
16290.0 3.93136e-06
16299.999999999998 2.86079e-06
16310.0 1.84957e-06
16319.999999999998 1.87063e-06
16330.0 1.9518e-06
16339.999999999998 3.65927e-06
16350.0 4.08016e-06
16359.999999999998 4.49246e-06
16370.0 4.51101e-06
16379.999999999998 3.65456e-06
16390.0 3.03098e-06
16400.0 1.57717e-06
16410.0 3.78666e-06
16420.0 4.85678e-06
16430.0 6.17854e-06
16440.0 5.8626e-06
16450.0 5.64037e-06
16460.0 4.9062e-06
16470.0 3.77417e-06
16480.0 3.14639e-06
16490.0 3.957e-06
16500.0 3.79355e-06
16510.0 4.35378e-06
16520.0 3.9741e-06
16530.0 3.81185e-06
16540.0 4.33991e-06
16550.0 4.30564e-06
16560.0 5.38605e-06
16570.0 4.02448e-06
16580.0 3.83404e-06
16590.0 2.47377e-06
16600.0 2.67198e-06
16610.0 2.87747e-06
16620.0 3.72802e-06
16630.0 3.64629e-06
16640.0 2.63912e-06
16650.0 3.03216e-06
16660.0 3.93621e-06
16670.0 4.11913e-06
16680.0 3.50896e-06
16690.0 4.06715e-06
16700.0 4.93651e-06
16710.0 4.73948e-06
16720.0 5.18472e-06
16730.0 4.80771e-06
16740.0 5.14444e-06
16750.0 4.15848e-06
16760.0 3.48991e-06
16770.0 3.30484e-06
16780.0 2.98658e-06
16790.0 4.09105e-06
16800.0 3.20817e-06
16810.0 4.19093e-06
16820.0 3.91346e-06
16830.0 5.66904e-06
16840.0 3.85078e-06
16850.0 5.05414e-06
16860.0 4.28371e-06
16870.0 5.05369e-06
16880.0 4.56436e-06
16890.0 4.65405e-06
16900.0 5.70264e-06
16910.0 4.72519e-06
16920.0 5.45037e-06
16930.0 4.09931e-06
16940.0 4.12901e-06
16950.0 4.33925e-06
16960.0 4.30141e-06
16970.0 5.10005e-06
16980.0 3.50345e-06
16990.0 5.34178e-06
17000.0 7.03231e-06
17010.0 7.09054e-06
17020.0 5.23829e-06
17030.0 3.94184e-06
17040.0 5.15447e-06
17050.0 5.966e-06
17060.0 5.70859e-06
17070.0 4.83558e-06
17080.0 4.51586e-06
17090.0 4.56564e-06
17100.0 4.95465e-06
17110.0 5.39507e-06
17120.0 5.91102e-06
17130.0 6.69205e-06
17140.0 6.16987e-06
17150.0 5.91405e-06
17160.0 5.91214e-06
17170.0 5.93391e-06
17180.0 6.37698e-06
17190.0 5.05606e-06
17200.0 5.53133e-06
17210.0 4.76425e-06
17220.0 5.9376e-06
17230.0 6.10862e-06
17240.0 6.33884e-06
17250.0 6.51296e-06
17260.0 6.46553e-06
17270.0 6.87852e-06
17280.0 5.10891e-06
17290.0 5.89833e-06
17300.0 5.20493e-06
17310.0 8.52556e-06
17320.0 7.88705e-06
17330.0 7.73229e-06
17340.0 4.78562e-06
17350.0 4.39471e-06
17360.0 5.62943e-06
17370.0 7.72816e-06
17380.0 9.24586e-06
17390.0 8.54959e-06
17400.0 7.64993e-06
17410.0 7.29499e-06
17420.0 8.18083e-06
17430.0 8.9075e-06
17440.0 8.5974e-06
17450.0 6.54323e-06
17460.0 6.80404e-06
17470.0 7.37277e-06
17480.0 6.99909e-06
17490.0 5.98065e-06
17500.0 4.27936e-06
17510.0 5.66088e-06
17520.0 4.41645e-06
17530.0 5.96463e-06
17540.0 5.48922e-06
17550.0 6.86798e-06
17560.0 5.74318e-06
17570.0 4.60168e-06
17580.0 4.82715e-06
17590.0 4.38926e-06
17600.0 6.4854e-06
17610.0 6.88011e-06
17620.0 7.57739e-06
17630.0 6.14239e-06
17640.0 5.83692e-06
17650.0 6.45337e-06
17660.0 8.59465e-06
17670.0 8.99287e-06
17680.0 8.36919e-06
17690.0 6.6903e-06
17700.0 5.7661e-06
17710.0 7.348e-06
17720.0 8.41165e-06
17730.0 8.10742e-06
17740.0 4.72582e-06
17750.0 4.3745e-06
17760.0 3.95386e-06
17770.0 6.66926e-06
17780.0 5.18672e-06
17790.0 7.44406e-06
17800.0 5.41768e-06
17810.0 9.60366e-06
17820.0 7.30112e-06
17830.0 7.87868e-06
17840.0 4.26707e-06
17850.0 4.55377e-06
17860.0 5.96371e-06
17870.0 6.67332e-06
17880.0 6.66966e-06
17890.0 4.18437e-06
17900.0 3.68079e-06
17910.0 4.25929e-06
17920.0 5.47911e-06
17930.0 5.03275e-06
17940.0 4.63728e-06
17950.0 5.2074e-06
17960.0 4.89421e-06
17970.0 5.41882e-06
17980.0 5.77436e-06
17990.0 7.30684e-06
18000.0 6.75821e-06
18010.0 8.27331e-06
18020.0 7.79216e-06
18030.0 7.94875e-06
18040.0 5.11361e-06
18050.0 4.89155e-06
18060.0 5.17219e-06
18070.0 5.90998e-06
18080.0 6.16574e-06
18090.0 5.44859e-06
18100.0 6.43338e-06
18110.0 7.17747e-06
18120.0 6.40834e-06
18130.0 3.41543e-06
18140.0 2.4707e-06
18150.0 5.29167e-06
18160.0 8.4317e-06
18170.0 7.69327e-06
18180.0 6.95513e-06
18190.0 4.97683e-06
18200.0 6.64963e-06
18210.0 5.03822e-06
18220.0 6.30344e-06
18230.0 8.02167e-06
18240.0 8.77728e-06
18250.0 7.80957e-06
18260.0 8.36336e-06
18270.0 9.96716e-06
18280.0 1.07792e-05
18290.0 1.00762e-05
18300.0 7.83243e-06
18310.0 6.30532e-06
18320.0 4.14706e-06
18330.0 6.17419e-06
18340.0 7.10206e-06
18350.0 8.39318e-06
18360.0 6.14776e-06
18370.0 7.02417e-06
18380.0 8.25991e-06
18390.0 8.65986e-06
18400.0 6.91357e-06
18410.0 6.46376e-06
18420.0 8.5891e-06
18430.0 9.06211e-06
18440.0 9.0762e-06
18450.0 9.2413e-06
18460.0 9.59252e-06
18470.0 8.40898e-06
18480.0 6.8316e-06
18490.0 5.63001e-06
18500.0 4.34623e-06
18510.0 3.5815e-06
18520.0 6.78816e-06
18530.0 6.61233e-06
18540.0 8.69692e-06
18550.0 7.09565e-06
18560.0 8.72657e-06
18570.0 8.41459e-06
18580.0 8.88643e-06
18590.0 7.16139e-06
18600.0 7.74381e-06
18610.0 7.52352e-06
18620.0 8.43639e-06
18630.0 7.39773e-06
18640.0 5.55277e-06
18650.0 6.06529e-06
18660.0 6.5847e-06
18670.0 1.0258e-05
18680.0 8.93667e-06
18690.0 8.00899e-06
18700.0 7.98289e-06
18710.0 9.32289e-06
18720.0 9.50795e-06
18730.0 6.18723e-06
18740.0 4.98647e-06
18750.0 6.10115e-06
18760.0 8.08346e-06
18770.0 8.96199e-06
18780.0 8.04821e-06
18790.0 1.01481e-05
18800.0 1.12782e-05
18810.0 1.17355e-05
18820.0 9.34082e-06
18830.0 1.06428e-05
18840.0 8.78755e-06
18850.0 9.06792e-06
18860.0 7.10091e-06
18870.0 7.83742e-06
18880.0 8.04323e-06
18890.0 6.75097e-06
18900.0 7.12729e-06
18910.0 6.47134e-06
18920.0 6.90072e-06
18930.0 7.75652e-06
18940.0 7.41984e-06
18950.0 8.28646e-06
18960.0 8.10153e-06
18970.0 9.57409e-06
18980.0 8.92768e-06
18990.0 8.28495e-06
19000.0 8.17654e-06
19010.0 7.57522e-06
19020.0 1.02526e-05
19030.0 9.08234e-06
19040.0 9.29482e-06
19050.0 9.51883e-06
19060.0 9.70058e-06
19070.0 9.31788e-06
19080.0 6.63577e-06
19090.0 7.02395e-06
19100.0 9.24573e-06
19110.0 8.56224e-06
19120.0 7.97128e-06
19130.0 8.76218e-06
19140.0 9.75135e-06
19150.0 1.01649e-05
19160.0 6.64173e-06
19170.0 5.27486e-06
19180.0 7.47251e-06
19190.0 7.78336e-06
19200.0 6.46906e-06
19210.0 6.42759e-06
19220.0 7.92057e-06
19230.0 8.84486e-06
19240.0 5.39317e-06
19250.0 4.19462e-06
19260.0 5.47068e-06
19270.0 9.21359e-06
19280.0 8.6907e-06
19290.0 7.28544e-06
19300.0 3.76454e-06
19310.0 5.1518e-06
19320.0 5.23649e-06
19330.0 7.31009e-06
19340.0 7.13715e-06
19350.0 6.61064e-06
19360.0 4.89058e-06
19370.0 6.34496e-06
19380.0 6.99859e-06
19390.0 6.82815e-06
19400.0 4.68544e-06
19410.0 5.372e-06
19420.0 6.07325e-06
19430.0 5.25486e-06
19440.0 3.38707e-06
19450.0 4.68357e-06
19460.0 7.00673e-06
19470.0 7.66411e-06
19480.0 6.07541e-06
19490.0 4.53934e-06
19500.0 6.18534e-06
19510.0 7.70385e-06
19520.0 7.51061e-06
19530.0 6.61708e-06
19540.0 4.16721e-06
19550.0 5.14696e-06
19560.0 5.52932e-06
19570.0 5.23442e-06
19580.0 4.24284e-06
19590.0 5.07761e-06
19600.0 4.8837e-06
19610.0 4.65156e-06
19620.0 2.85103e-06
19630.0 5.31284e-06
19640.0 7.34149e-06
19650.0 7.79793e-06
19660.0 5.61201e-06
19670.0 4.56552e-06
19680.0 8.37087e-06
19690.0 8.54047e-06
19700.0 6.52232e-06
19710.0 2.27362e-06
19720.0 3.41151e-06
19730.0 4.53135e-06
19740.0 4.50909e-06
19750.0 3.18342e-06
19760.0 3.00353e-06
19770.0 4.34974e-06
19780.0 6.4464e-06
19790.0 7.51946e-06
19800.0 7.59868e-06
19810.0 5.4211e-06
19820.0 3.66819e-06
19830.0 4.68079e-06
19840.0 7.95949e-06
19850.0 1.11165e-05
19860.0 8.83791e-06
19870.0 6.23213e-06
19880.0 5.67625e-06
19890.0 5.64506e-06
19900.0 5.8604e-06
19910.0 4.15786e-06
19920.0 8.46184e-06
19930.0 9.99987e-06
19940.0 1.12894e-05
19950.0 7.32877e-06
19960.0 5.0981e-06
19970.0 4.29531e-06
19980.0 5.95777e-06
19990.0 6.35675e-06
20000.0 5.96884e-06
20010.0 4.65607e-06
20019.999999999996 4.8727e-06
20030.0 5.37633e-06
20040.0 5.52395e-06
20050.0 4.34474e-06
20059.999999999996 3.71467e-06
20070.0 4.96012e-06
20080.0 5.11269e-06
20090.0 7.58808e-06
20099.999999999996 6.4645e-06
20110.0 7.07152e-06
20120.0 5.66463e-06
20130.0 5.96007e-06
20139.999999999996 7.27468e-06
20150.0 5.816e-06
20160.0 4.35185e-06
20170.0 1.84899e-06
20179.999999999996 2.56553e-06
20190.0 3.73272e-06
20200.0 5.81262e-06
20210.0 4.79987e-06
20219.999999999996 4.55781e-06
20230.0 3.85629e-06
20240.0 4.10818e-06
20250.0 2.59987e-06
20259.999999999996 5.70963e-06
20270.0 8.41636e-06
20280.0 1.22286e-05
20290.0 8.50189e-06
20299.999999999996 8.52759e-06
20310.0 7.53084e-06
20320.0 8.01806e-06
20330.0 5.03939e-06
20339.999999999996 2.61528e-06
20350.0 4.44057e-06
20360.0 5.13847e-06
20370.0 7.68217e-06
20379.999999999996 5.78284e-06
20390.0 5.61795e-06
20400.0 3.70368e-06
20410.0 5.19853e-06
20419.999999999996 4.87655e-06
20430.0 5.4068e-06
20440.0 5.24859e-06
20450.0 7.30615e-06
20460.0 7.91296e-06
20470.0 7.36349e-06
20480.0 5.0569e-06
20490.0 2.81402e-06
20500.0 2.4494e-06
20510.0 3.69859e-06
20520.0 4.23624e-06
20530.0 6.96157e-06
20540.0 7.42917e-06
20550.0 8.98114e-06
20560.0 6.2446e-06
20570.0 6.64425e-06
20580.0 7.51915e-06
20590.0 8.9564e-06
20600.0 7.26964e-06
20610.0 4.93655e-06
20620.0 3.60314e-06
20630.0 3.50003e-06
20640.0 5.36795e-06
20650.0 6.75014e-06
20660.0 8.38275e-06
20670.0 8.64839e-06
20680.0 6.60961e-06
20690.0 6.19105e-06
20700.0 5.87009e-06
20710.0 6.45775e-06
20720.0 5.36423e-06
20730.0 4.93665e-06
20740.0 4.51763e-06
20750.0 6.39369e-06
20760.0 5.77e-06
20770.0 7.00778e-06
20780.0 7.05492e-06
20790.0 8.11685e-06
20800.0 6.26454e-06
20810.0 5.26422e-06
20820.0 4.2038e-06
20830.000000000004 7.01367e-06
20840.0 6.80338e-06
20850.0 9.72945e-06
20860.0 7.80253e-06
20870.000000000004 9.55118e-06
20880.0 9.12368e-06
20890.0 8.96421e-06
20900.0 8.25395e-06
20910.000000000004 7.60973e-06
20920.0 8.94595e-06
20930.0 9.08117e-06
20940.0 9.91784e-06
20950.000000000004 1.12759e-05
20960.0 1.0544e-05
20970.0 8.15934e-06
20980.0 5.85997e-06
20990.000000000004 5.52026e-06
21000.0 4.68203e-06
21010.0 5.80751e-06
21020.0 6.99035e-06
21030.000000000004 9.76254e-06
21040.0 9.7882e-06
21050.0 7.97335e-06
21060.0 7.18631e-06
21070.000000000004 4.76363e-06
21080.0 5.07368e-06
21090.0 2.66269e-06
21100.0 5.27534e-06
21110.000000000004 5.65379e-06
21120.0 7.13154e-06
21130.0 6.40505e-06
21140.0 6.54353e-06
21150.000000000004 5.04931e-06
21160.0 4.46478e-06
21170.0 6.73153e-06
21180.0 7.92652e-06
21190.000000000004 6.79521e-06
21200.0 5.16071e-06
21210.0 4.55969e-06
21220.0 7.08029e-06
21230.000000000004 6.31952e-06
21240.0 8.31101e-06
21250.0 8.99864e-06
21260.0 9.18529e-06
21269.999999999996 8.03916e-06
21280.0 7.0693e-06
21290.0 6.78688e-06
21300.0 7.81599e-06
21309.999999999996 1.05366e-05
21320.0 1.07599e-05
21330.0 9.07305e-06
21340.0 4.85907e-06
21349.999999999996 5.11005e-06
21360.0 6.95417e-06
21370.0 6.47722e-06
21380.0 4.94501e-06
21389.999999999996 2.2466e-06
21400.0 4.59635e-06
21410.0 4.57061e-06
21420.0 7.81855e-06
21429.999999999996 6.86339e-06
21440.0 7.00985e-06
21450.0 5.2004e-06
21460.0 4.71512e-06
21469.999999999996 4.1591e-06
21480.0 5.80991e-06
21490.0 8.15115e-06
21500.0 1.08671e-05
21509.999999999996 1.12858e-05
21520.0 1.05375e-05
21530.0 1.06297e-05
21540.0 1.00288e-05
21549.999999999996 1.10486e-05
21560.0 9.5504e-06
21570.0 9.21052e-06
21580.0 6.90837e-06
21589.999999999996 9.31203e-06
21600.0 1.04465e-05
21610.0 9.05584e-06
21620.0 7.79824e-06
21629.999999999996 7.62226e-06
21640.0 7.42514e-06
21650.0 6.94425e-06
21660.0 5.36133e-06
21669.999999999996 5.58791e-06
21680.0 6.48392e-06
21690.0 5.48616e-06
21700.0 7.56379e-06
21710.0 7.60849e-06
21720.0 7.63989e-06
21730.0 5.69268e-06
21740.0 7.19446e-06
21750.0 8.8858e-06
21760.0 9.54729e-06
21770.0 6.4483e-06
21780.0 5.54811e-06
21790.0 8.21461e-06
21800.0 7.86138e-06
21810.0 6.96404e-06
21820.0 4.369e-06
21830.0 6.81863e-06
21840.0 8.54827e-06
21850.0 9.23221e-06
21860.0 9.7045e-06
21870.0 1.08491e-05
21880.0 1.01418e-05
21890.0 7.79565e-06
21900.0 6.24986e-06
21910.0 6.45827e-06
21920.0 6.62063e-06
21930.0 5.9853e-06
21940.0 5.92486e-06
21950.0 6.71923e-06
21960.0 6.79582e-06
21970.0 6.88446e-06
21980.0 7.38399e-06
21990.0 8.43931e-06
22000.0 7.65646e-06
22010.0 7.59452e-06
22020.0 6.24424e-06
22030.0 8.03923e-06
22040.0 8.33149e-06
22050.0 7.29052e-06
22060.0 4.55989e-06
22070.0 2.05952e-06
22080.000000000004 5.13244e-06
22090.0 7.48618e-06
22100.0 8.8716e-06
22110.0 6.0601e-06
22120.000000000004 3.37224e-06
22130.0 4.64916e-06
22140.0 6.98586e-06
22150.0 1.20442e-05
22160.000000000004 1.0902e-05
22170.0 1.09602e-05
22180.0 8.70817e-06
22190.0 8.91623e-06
22200.000000000004 6.26576e-06
22210.0 6.91057e-06
22220.0 7.24371e-06
22230.0 8.2248e-06
22240.000000000004 6.06457e-06
22250.0 4.3382e-06
22260.0 9.00694e-06
22270.0 1.28964e-05
22280.000000000004 1.83189e-05
22290.0 1.51262e-05
22300.0 1.36814e-05
22310.0 8.88664e-06
22320.000000000004 1.11198e-05
22330.0 8.6535e-06
22340.0 1.17625e-05
22350.0 7.76321e-06
22360.000000000004 8.39782e-06
22370.0 6.73176e-06
22380.0 6.44109e-06
22390.0 8.91104e-06
22400.000000000004 1.04777e-05
22410.0 1.08617e-05
22420.0 9.55472e-06
22430.0 7.40994e-06
22440.000000000004 6.32844e-06
22450.0 9.35009e-06
22460.0 1.05145e-05
22470.0 1.4822e-05
22480.000000000004 1.22997e-05
22490.0 1.25978e-05
22500.0 1.18064e-05
22510.0 1.06981e-05
22519.999999999996 1.00133e-05
22530.0 6.97947e-06
22540.0 7.80036e-06
22550.0 7.51564e-06
22559.999999999996 9.58698e-06
22570.0 7.96732e-06
22580.0 9.52542e-06
22590.0 8.95439e-06
22599.999999999996 1.16954e-05
22610.0 1.03846e-05
22620.0 1.23011e-05
22630.0 9.8191e-06
22639.999999999996 1.32885e-05
22650.0 1.29431e-05
22660.0 1.33025e-05
22670.0 1.01416e-05
22679.999999999996 9.59164e-06
22690.0 1.03293e-05
22700.0 8.57287e-06
22710.0 6.52292e-06
22719.999999999996 8.33183e-06
22730.0 9.80656e-06
22740.0 9.93242e-06
22750.0 9.61438e-06
22759.999999999996 7.95793e-06
22770.0 9.33843e-06
22780.0 7.01115e-06
22790.0 5.54514e-06
22799.999999999996 3.48239e-06
22810.0 3.86936e-06
22820.0 5.11638e-06
22830.0 5.62816e-06
22839.999999999996 4.06096e-06
22850.0 4.06422e-06
22860.0 3.67022e-06
22870.0 3.26598e-06
22879.999999999996 3.58261e-06
22890.0 3.49041e-06
22900.0 3.51415e-06
22910.0 2.50242e-06
22919.999999999996 2.46809e-06
22930.0 2.35982e-06
22940.0 3.08334e-06
22950.0 2.97065e-06
22960.0 3.71291e-06
22970.0 2.5897e-06
22980.0 2.33119e-06
22990.0 1.96371e-06
23000.0 1.98521e-06
23010.0 2.0703e-06
23020.0 1.40191e-06
23030.0 2.16389e-06
23040.0 1.82742e-06
23050.0 2.98813e-06
23060.0 2.45708e-06
23070.0 2.68397e-06
23080.0 1.43231e-06
23090.0 2.04385e-06
23100.0 2.11966e-06
23110.0 3.5294e-06
23120.0 3.39515e-06
23130.0 4.07422e-06
23140.0 3.71122e-06
23150.0 3.62015e-06
23160.0 3.49578e-06
23170.0 2.86975e-06
23180.0 2.49753e-06
23190.0 1.93618e-06
23200.0 2.24338e-06
23210.0 1.66704e-06
23220.0 1.43893e-06
23230.0 1.22912e-06
23240.0 1.71501e-06
23250.0 1.77018e-06
23260.0 1.4246e-06
23270.0 1.62308e-06
23280.0 1.67667e-06
23290.0 1.55277e-06
23300.0 1.11074e-06
23310.0 1.28023e-06
23320.0 1.58165e-06
23330.000000000004 1.39297e-06
23340.0 1.06543e-06
23350.0 8.88644e-07
23360.0 7.98697e-07
23370.000000000004 5.44302e-07
23380.0 1.09616e-06
23390.0 1.37488e-06
23400.0 1.67907e-06
23410.000000000004 1.05429e-06
23420.0 7.29504e-07
23430.0 5.19483e-07
23440.0 4.89747e-07
23450.000000000004 4.3842e-07
23460.0 5.11373e-07
23470.0 6.3458e-07
23480.0 7.9284e-07
23490.000000000004 7.75571e-07
23500.0 5.16849e-07
23510.0 4.35185e-07
23520.0 2.94283e-07
23530.000000000004 3.74499e-07
23540.0 2.61285e-07
23550.0 2.21191e-07
23560.0 1.60768e-07
23570.000000000004 1.20777e-07
23580.0 1.10963e-07
23590.0 9.51402e-08
23600.0 8.94955e-08
23610.000000000004 8.65384e-08
23620.0 8.64712e-08
23630.0 8.79933e-08
23640.0 6.70462e-08
23650.000000000004 7.2893e-08
23660.0 6.78502e-08
23670.0 6.74502e-08
23680.0 5.53185e-08
23690.000000000004 4.37998e-08
23700.0 3.26546e-08
23710.0 2.85343e-08
23720.0 2.9815e-08
23730.000000000004 4.34766e-08
23740.0 3.89122e-08
23750.0 3.42863e-08
23760.0 2.34094e-08
23769.999999999996 2.54777e-08
23780.0 2.38813e-08
23790.0 2.16626e-08
23800.0 2.08729e-08
23809.999999999996 2.03044e-08
23820.0 1.81994e-08
23830.0 1.41369e-08
23840.0 9.4411e-09
23849.999999999996 1.12345e-08
23860.0 1.60993e-08
23870.0 1.89516e-08
23880.0 1.32335e-08
23889.999999999996 1.01536e-08
23900.0 1.02217e-08
23910.0 1.08272e-08
23920.0 1.19833e-08
23929.999999999996 1.18075e-08
23940.0 8.59025e-09
23950.0 1.01356e-08
23960.0 1.10383e-08
23969.999999999996 1.08152e-08
23980.0 1.02635e-08
23990.0 9.8017e-09
24000.0 1.38219e-08
24009.999999999996 1.56507e-08
24020.0 1.13271e-08
24030.0 1.05718e-08
24040.0 9.51682e-09
24049.999999999996 8.77073e-09
24060.0 8.92694e-09
24070.0 9.47668e-09
24080.0 0.0
24089.999999999996 8.82749e-09
24100.0 0.0
24110.0 0.0
24120.0 0.0
24129.999999999996 0.0
24140.0 0.0
24150.0 0.0
24160.0 0.0
24169.999999999996 0.0
24180.0 0.0
24190.0 0.0
24200.0 0.0
24210.0 0.0
24220.0 0.0
24230.0 0.0
24240.0 0.0
24250.0 0.0
24260.0 0.0
24270.0 0.0
24280.0 0.0
24290.0 0.0
24300.0 0.0
24310.0 0.0
24320.0 0.0
24330.0 0.0
24340.0 0.0
24350.0 0.0
24360.0 0.0
24370.0 0.0
24380.0 0.0
24390.0 0.0
24400.0 0.0
24410.0 0.0
24420.0 0.0
24430.0 0.0
24440.0 0.0
24450.0 0.0
24460.0 0.0
24470.0 0.0
24480.0 0.0
24490.0 0.0
24500.0 0.0
24510.0 0.0
24520.0 0.0
24530.0 0.0
24540.0 0.0
24550.0 0.0
24560.0 0.0
24570.0 0.0
24580.000000000004 0.0
24590.0 0.0
24600.0 0.0
24610.0 0.0
24620.000000000004 0.0
24630.0 0.0
24640.0 0.0
24650.0 0.0
24660.000000000004 0.0
24670.0 0.0
24680.0 0.0
24690.0 0.0
24700.000000000004 0.0
24710.0 0.0
24720.0 0.0
24730.0 0.0
24740.000000000004 0.0
24750.0 0.0
24760.0 0.0
24770.0 0.0
24780.000000000004 0.0
24790.0 0.0
24800.0 0.0
24810.0 0.0
24820.000000000004 0.0
24830.0 0.0
24840.0 0.0
24850.0 0.0
24860.000000000004 0.0
24870.0 0.0
24880.0 0.0
24890.0 0.0
24900.000000000004 0.0
24910.0 0.0
24920.0 0.0
24930.0 0.0
24940.000000000004 0.0
24950.0 0.0
24960.0 0.0
24970.0 0.0
24980.000000000004 0.0
24990.0 0.0
25000.0 0.0
25010.0 0.0
25019.999999999996 0.0
25030.0 0.0
25040.0 0.0
25050.0 0.0
25059.999999999996 0.0
25070.0 0.0
25080.0 0.0
25090.0 0.0
25099.999999999996 0.0
25110.0 0.0
25120.0 0.0
25130.0 0.0
25139.999999999996 0.0
25150.0 0.0
25160.0 0.0
25170.0 0.0
25179.999999999996 0.0
25190.0 0.0
25200.0 0.0
25210.0 0.0
25219.999999999996 0.0
25230.0 0.0
25240.0 0.0
25250.0 0.0
25259.999999999996 0.0
25270.0 0.0
25280.0 0.0
25290.0 0.0
25299.999999999996 0.0
25310.0 0.0
25320.0 0.0
25330.0 0.0
25339.999999999996 0.0
25350.0 0.0
25360.0 0.0
25370.0 0.0
25379.999999999996 0.0
25390.0 0.0
25400.0 0.0
25410.0 0.0
25419.999999999996 0.0
25430.0 0.0
25440.0 0.0
25450.0 0.0
25460.0 0.0
25470.0 0.0
25480.0 0.0
25490.0 0.0
25500.0 0.0
25510.0 0.0
25520.0 0.0
25530.0 0.0
25540.0 0.0
25550.0 0.0
25560.0 0.0
25570.0 0.0
25580.0 0.0
25590.0 0.0
25600.0 0.0
25610.0 0.0
25620.0 0.0
25630.0 0.0
25640.0 0.0
25650.0 0.0
25660.0 0.0
25670.0 0.0
25680.0 0.0
25690.0 0.0
25700.0 0.0
25710.0 0.0
25720.0 0.0
25730.0 0.0
25740.0 0.0
25750.0 0.0
25760.0 0.0
25770.0 0.0
25780.0 0.0
25790.0 0.0
25800.0 0.0
25810.0 0.0
25820.0 0.0
25830.000000000004 0.0
25840.0 0.0
25850.0 0.0
25860.0 0.0
25870.000000000004 0.0
25880.0 0.0
25890.0 0.0
25900.0 0.0
25910.000000000004 0.0
25920.0 0.0
25930.0 0.0
25940.0 0.0
25950.000000000004 0.0
25960.0 0.0
25970.0 0.0
25980.0 0.0
25990.000000000004 0.0
26000.0 0.0
26010.0 0.0
26020.0 0.0
26030.000000000004 0.0
26040.0 0.0
26050.0 0.0
26060.0 0.0
26070.000000000004 0.0
26080.0 0.0
26090.0 0.0
26100.0 0.0
26110.000000000004 0.0
26120.0 0.0
26130.0 0.0
26140.0 0.0
26150.000000000004 0.0
26160.0 0.0
26170.0 0.0
26180.0 0.0
26190.000000000004 0.0
26200.0 0.0
26210.0 0.0
26220.0 0.0
26230.000000000004 0.0
26240.0 0.0
26250.0 0.0
26260.0 0.0
26269.999999999996 0.0
26280.0 0.0
26290.0 0.0
26300.0 0.0
26309.999999999996 0.0
26320.0 0.0
26330.0 0.0
26340.0 0.0
26349.999999999996 0.0
26360.0 0.0
26370.0 0.0
26380.0 0.0
26389.999999999996 0.0
26400.0 0.0
26410.0 0.0
26420.0 0.0
26429.999999999996 0.0
26440.0 0.0
26450.0 0.0
26460.0 0.0
26469.999999999996 0.0
26480.0 0.0
26490.0 0.0
26500.0 0.0
26509.999999999996 0.0
26520.0 0.0
26530.0 0.0
26540.0 0.0
26549.999999999996 0.0
26560.0 0.0
26570.0 0.0
26580.0 0.0
26589.999999999996 0.0
26600.0 0.0
26610.0 0.0
26620.0 0.0
26629.999999999996 0.0
26640.0 0.0
26650.0 0.0
26660.0 0.0
26669.999999999996 0.0
26680.0 0.0
26690.0 0.0
26700.0 0.0
26710.0 0.0
26720.0 0.0
26730.0 3.40404e-06
26740.0 6.79734e-06
26750.0 1.01892e-05
26760.0 1.08602e-05
26770.0 1.15281e-05
26780.0 1.21978e-05
26790.0 6.10118e-06
26800.0 0.0
26810.0 7.9777e-08
26820.0 1.52016e-07
26830.0 2.24217e-07
26840.0 1.51933e-07
26850.0 7.96804e-08
26860.0 0.0
26870.0 0.0
26880.0 0.0
26890.0 0.0
26900.0 0.0
26910.0 0.0
26920.0 0.0
26930.0 0.0
26940.0 0.0
26950.0 0.0
26960.0 0.0
26970.0 0.0
26980.0 0.0
26990.0 0.0
27000.0 0.0
27010.0 0.0
27020.0 0.0
27030.0 0.0
27040.0 0.0
27050.0 0.0
27060.0 0.0
27070.0 0.0
27080.000000000004 0.0
27090.0 0.0
27100.0 0.0
27110.0 0.0
27120.000000000004 0.0
27130.0 0.0
27140.0 0.0
27150.0 0.0
27160.000000000004 0.0
27170.0 0.0
27180.0 0.0
27190.0 0.0
27200.000000000004 0.0
27210.0 0.0
27220.0 0.0
27230.0 0.0
27240.000000000004 0.0
27250.0 0.0
27260.0 0.0
27270.0 0.0
27280.000000000004 0.0
27290.0 0.0
27300.0 0.0
27310.0 0.0
27320.000000000004 8.64401e-06
27330.0 1.72815e-05
27340.0 2.27308e-05
27350.0 2.81815e-05
27360.000000000004 3.36351e-05
27370.0 2.76625e-05
27380.0 2.16884e-05
27390.0 1.57111e-05
27400.000000000004 1.50748e-05
27410.0 1.44473e-05
27420.0 1.87132e-05
27430.0 2.29851e-05
27440.000000000004 2.72595e-05
27450.0 2.80763e-05
27460.0 2.88997e-05
27470.0 2.97209e-05
27480.000000000004 2.16552e-05
27490.0 1.35765e-05
27500.0 1.43501e-05
27510.0 1.51244e-05
27519.999999999996 1.58964e-05
27530.0 1.71694e-05
27540.0 1.84436e-05
27550.0 1.97135e-05
27559.999999999996 2.76174e-05
27570.0 3.55296e-05
27580.0 3.06165e-05
27590.0 2.57044e-05
27599.999999999996 2.07819e-05
27610.0 1.62992e-05
27620.0 1.1807e-05
27630.0 1.40843e-05
27639.999999999996 1.63596e-05
27650.0 1.86427e-05
27660.0 1.59796e-05
27670.0 1.33154e-05
27679.999999999996 1.06471e-05
27690.0 5.35417e-06
27700.0 5.54383e-08
27710.0 1.01679e-07
27719.999999999996 1.48002e-07
27730.0 1.94315e-07
27740.0 8.54018e-07
27750.0 1.51461e-06
27759.999999999996 2.17553e-06
27770.0 1.09175e-06
27780.0 0.0
27790.0 1.24557e-06
27799.999999999996 2.4858e-06
27810.0 3.72951e-06
27820.0 4.57423e-06
27830.0 5.42031e-06
27839.999999999996 6.26896e-06
27850.0 1.0525e-05
27860.0 1.47897e-05
27870.0 1.2379e-05
27879.999999999996 9.96062e-06
27890.0 7.53722e-06
27900.0 1.36224e-05
27910.0 1.97222e-05
27919.999999999996 2.58331e-05
27930.0 2.43184e-05
27940.0 2.27975e-05
27950.0 1.98712e-05
27960.0 1.69384e-05
27970.0 1.39955e-05
27980.0 1.46575e-05
27990.0 1.53224e-05
28000.0 1.59842e-05
28010.0 1.58934e-05
28020.0 1.57993e-05
28030.0 1.24421e-05
28040.0 9.07763e-06
28050.0 5.70959e-06
28060.0 7.08424e-06
28070.0 8.462e-06
28080.0 9.84095e-06
28090.0 1.82233e-05
28100.0 2.66208e-05
28110.0 2.99196e-05
28120.0 3.32221e-05
28130.0 3.65329e-05
28140.0 3.16734e-05
28150.0 2.68061e-05
28160.0 2.19332e-05
28170.0 2.68965e-05
28180.0 3.18698e-05
28190.0 3.56589e-05
28200.0 3.94425e-05
28210.0 4.32036e-05
28220.0 4.10547e-05
28230.0 3.8902e-05
28240.0 3.67537e-05
28250.0 3.78714e-05
28260.0 3.89847e-05
28270.0 4.05206e-05
28280.0 4.20437e-05
28290.0 4.35742e-05
28300.0 5.68895e-05
28310.0 7.02152e-05
28320.0 6.52576e-05
28330.000000000004 6.03071e-05
28340.0 5.53383e-05
28350.0 5.93834e-05
28360.0 6.34219e-05
28370.000000000004 6.74598e-05
28380.0 6.13978e-05
28390.0 5.53455e-05
28400.0 5.45907e-05
28410.000000000004 5.38155e-05
28420.0 5.30575e-05
28430.0 5.14592e-05
28440.0 4.9845e-05
28450.000000000004 4.8242e-05
28460.0 4.85427e-05
28470.0 4.88282e-05
28480.0 4.80227e-05
28490.000000000004 4.72028e-05
28500.0 4.64027e-05
28510.0 4.83399e-05
28520.0 5.02861e-05
28530.000000000004 5.22213e-05
28540.0 4.63937e-05
28550.0 4.05543e-05
28560.0 3.91303e-05
28570.000000000004 3.76944e-05
28580.0 3.62673e-05
28590.0 4.01989e-05
28600.0 4.41211e-05
28610.000000000004 4.80557e-05
28620.0 4.9183e-05
28630.0 5.03045e-05
28640.0 4.7237e-05
28650.000000000004 4.41555e-05
28660.0 4.10752e-05
28670.0 4.59508e-05
28680.0 5.08099e-05
28690.000000000004 5.56719e-05
28700.0 5.60289e-05
28710.0 5.63743e-05
28720.0 5.95312e-05
28730.000000000004 6.26876e-05
28740.0 6.58375e-05
28750.0 6.93921e-05
28760.0 7.29454e-05
28769.999999999996 7.65141e-05
28780.0 7.43328e-05
28790.0 7.21604e-05
28800.0 7.03111e-05
28809.999999999996 6.84884e-05
28820.0 6.66511e-05
28830.0 7.31255e-05
28840.0 7.96013e-05
28849.999999999996 8.60933e-05
28860.0 8.25182e-05
28870.0 7.89516e-05
28880.0 7.89141e-05
28889.999999999996 7.8893e-05
28900.0 7.88474e-05
28910.0 7.82112e-05
28920.0 7.7575e-05
28929.999999999996 7.69309e-05
28940.0 7.7327e-05
28950.0 7.7715e-05
28960.0 7.90945e-05
28969.999999999996 8.04658e-05
28980.0 8.18451e-05
28990.0 7.34293e-05
29000.0 6.49876e-05
29009.999999999996 6.65135e-05
29020.0 6.80394e-05
29030.0 6.95584e-05
29040.0 6.72394e-05
29049.999999999996 6.49204e-05
29060.0 6.25949e-05
29070.0 6.45898e-05
29080.0 6.657e-05
29089.999999999996 6.77748e-05
29100.0 6.89797e-05
29110.0 7.01798e-05
29120.0 6.83476e-05
29129.999999999996 6.65148e-05
29140.0 6.46553e-05
29150.0 6.43641e-05
29160.0 6.40663e-05
29169.999999999996 6.00857e-05
29180.0 5.61059e-05
29190.0 5.21091e-05
29200.0 5.14991e-05
29210.0 5.08879e-05
29220.0 5.02819e-05
29230.0 5.29569e-05
29240.0 5.56249e-05
29250.0 5.08117e-05
29260.0 4.60086e-05
29270.0 4.12023e-05
29280.0 4.44011e-05
29290.0 4.76087e-05
29300.0 5.08118e-05
29310.0 5.5476e-05
29320.0 6.01261e-05
29330.0 5.81307e-05
29340.0 5.613e-05
29350.0 5.41353e-05
29360.0 5.2483e-05
29370.0 5.08155e-05
29380.0 4.91701e-05
29390.0 5.09294e-05
29400.0 5.26944e-05
29410.0 5.32769e-05
29420.0 5.38649e-05
29430.0 5.44356e-05
29440.0 5.75522e-05
29450.0 6.06556e-05
29460.0 6.37649e-05
29470.0 6.05909e-05
29480.0 5.74112e-05
29490.0 5.69677e-05
29500.0 5.65185e-05
29510.0 5.60728e-05
29520.0 5.93204e-05
29530.0 6.25624e-05
29540.0 6.58096e-05
29550.0 6.10903e-05
29560.0 5.63706e-05
29570.0 5.24062e-05
29580.000000000004 4.84368e-05
29590.0 4.44812e-05
29600.0 4.49833e-05
29610.0 4.54765e-05
29620.000000000004 4.59695e-05
29630.0 4.30371e-05
29640.0 4.01102e-05
29650.0 3.99996e-05
29660.000000000004 3.98849e-05
29670.0 3.9783e-05
29680.0 4.06843e-05
29690.0 4.15989e-05
29700.000000000004 4.53699e-05
29710.0 4.91408e-05
29720.0 5.29054e-05
29730.0 5.10548e-05
29740.000000000004 4.91943e-05
29750.0 4.7355e-05
29760.0 5.09901e-05
29770.0 5.46178e-05
29780.000000000004 5.14551e-05
29790.0 4.83022e-05
29800.0 4.51444e-05
29810.0 4.72014e-05
29820.000000000004 4.92731e-05
29830.0 5.13388e-05
29840.0 5.16434e-05
29850.0 5.19478e-05
29860.000000000004 4.91306e-05
29870.0 4.63139e-05
29880.0 4.34919e-05
29890.0 4.65227e-05
29900.000000000004 4.95527e-05
29910.0 5.2578e-05
29920.0 5.23481e-05
29930.0 5.21068e-05
29940.000000000004 4.70059e-05
29950.0 4.18991e-05
29960.0 3.67954e-05
29970.0 3.64373e-05
29980.000000000004 3.60871e-05
29990.0 3.57368e-05
30000.0 3.70394e-05
30010.0 3.83496e-05
30019.999999999996 3.51738e-05
30030.0 3.19921e-05
30040.0 2.88181e-05
30050.0 3.29682e-05
30059.999999999996 3.71141e-05
30070.0 4.12641e-05
30080.0 4.12987e-05
30090.0 4.13334e-05
30099.999999999996 4.00478e-05
30110.0 3.87528e-05
30120.0 3.74619e-05
30130.0 3.78415e-05
30139.999999999996 3.82288e-05
30150.0 3.86161e-05
30160.0 3.95048e-05
30170.0 4.03891e-05
30179.999999999996 3.73457e-05
30190.0 3.43056e-05
30200.0 3.12624e-05
30210.0 3.42861e-05
30219.999999999996 3.73131e-05
30230.0 4.03341e-05
30240.0 3.9397e-05
30250.0 3.84641e-05
30259.999999999996 3.74119e-05
30270.0 3.6368e-05
30280.0 3.53202e-05
30290.0 4.00454e-05
30299.999999999996 4.47778e-05
30310.0 4.95055e-05
30320.0 4.88918e-05
30330.0 4.82734e-05
30339.999999999996 5.05671e-05
30350.0 5.28556e-05
30360.0 5.51432e-05
30370.0 5.04305e-05
30379.999999999996 4.57236e-05
30390.0 4.57039e-05
30400.0 4.56793e-05
30410.0 4.56559e-05
30419.999999999996 4.61645e-05
30430.0 4.66679e-05
30440.0 4.71663e-05
30450.0 5.25816e-05
30460.0 5.79782e-05
30470.0 5.86405e-05
30480.0 5.92901e-05
30490.0 5.99585e-05
30500.0 6.15228e-05
30510.0 6.31036e-05
30520.0 6.46631e-05
30530.0 7.2101e-05
30540.0 7.95447e-05
30550.0 7.77579e-05
30560.0 7.59717e-05
30570.0 7.42027e-05
30580.0 7.20713e-05
30590.0 6.99559e-05
30600.0 6.78338e-05
30610.0 7.47997e-05
30620.0 8.1756e-05
30630.0 7.65359e-05
30640.0 7.13078e-05
30650.0 6.60793e-05
30660.0 6.25669e-05
30670.0 5.90482e-05
30680.0 5.55467e-05
30690.0 5.20993e-05
30700.0 4.86575e-05
30710.0 4.70881e-05
30720.0 4.55342e-05
30730.0 4.3966e-05
30740.0 4.39642e-05
30750.0 4.39485e-05
30760.0 4.39469e-05
30770.0 5.11076e-05
30780.0 5.82752e-05
30790.0 5.66399e-05
30800.0 5.5011e-05
30810.0 5.33881e-05
30820.0 4.89627e-05
30830.000000000004 4.45492e-05
30840.0 4.01396e-05
30850.0 4.21788e-05
30860.0 4.4218e-05
30870.000000000004 4.80331e-05
30880.0 5.18539e-05
30890.0 5.56739e-05
30900.0 5.65036e-05
30910.000000000004 5.73263e-05
30920.0 5.81488e-05
30930.0 4.7751e-05
30940.0 3.73628e-05
30950.000000000004 3.7063e-05
30960.0 3.67674e-05
30970.0 3.64795e-05
30980.0 3.91615e-05
30990.000000000004 4.1838e-05
31000.0 4.45321e-05
31010.0 4.0344e-05
31020.0 3.61624e-05
31030.000000000004 3.37143e-05
31040.0 3.12766e-05
31050.0 2.88358e-05
31060.0 2.45607e-05
31070.000000000004 2.02894e-05
31080.0 1.73804e-05
31090.0 1.44756e-05
31100.0 1.15707e-05
31110.000000000004 1.14365e-05
31120.0 1.13036e-05
31130.0 1.11684e-05
31140.0 1.66386e-05
31150.000000000004 2.21089e-05
31160.0 2.41798e-05
31170.0 2.62566e-05
31180.0 2.83272e-05
31190.000000000004 2.32581e-05
31200.0 1.81975e-05
31210.0 1.31258e-05
31220.0 1.19707e-05
31230.000000000004 1.08133e-05
31240.0 1.47112e-05
31250.0 1.86126e-05
31260.0 2.25064e-05
31269.999999999996 1.86567e-05
31280.0 1.48091e-05
31290.0 1.09569e-05
31300.0 1.07418e-05
31309.999999999996 1.05283e-05
31320.0 1.79706e-05
31330.0 2.54074e-05
31340.0 3.28529e-05
31349.999999999996 3.27136e-05
31360.0 3.25776e-05
31370.0 3.24415e-05
31380.0 3.53013e-05
31389.999999999996 3.8165e-05
31400.0 3.73158e-05
31410.0 3.64698e-05
31420.0 3.562e-05
31429.999999999996 3.35646e-05
31440.0 3.15084e-05
31450.0 2.94524e-05
31460.0 2.55829e-05
31469.999999999996 2.1715e-05
31480.0 2.50714e-05
31490.0 2.84304e-05
31500.0 3.17873e-05
31509.999999999996 3.28576e-05
31520.0 3.39247e-05
31530.0 3.49991e-05
31540.0 3.30915e-05
31549.999999999996 3.11871e-05
31560.0 2.49094e-05
31570.0 1.86259e-05
31580.0 1.23418e-05
31589.999999999996 1.07244e-05
31600.0 9.10564e-06
31610.0 7.48806e-06
31620.0 3.74792e-06
31629.999999999996 0.0
31640.0 0.0
31650.0 0.0
31660.0 0.0
31669.999999999996 0.0
31680.0 0.0
31690.0 0.0
31700.0 0.0
31710.0 0.0
31720.0 3.06804e-08
31730.0 5.42752e-08
31740.0 7.78792e-08
31750.0 3.18572e-07
31760.0 5.59325e-07
31770.0 1.01964e-06
31780.0 1.4796e-06
31790.0 1.93999e-06
31800.0 1.29573e-06
31810.0 6.5132e-07
31820.0 0.0
31830.0 0.0
31840.0 0.0
31850.0 0.0
31860.0 0.0
31870.0 0.0
31880.0 0.0
31890.0 0.0
31900.0 0.0
31910.0 0.0
31920.0 0.0
31930.0 0.0
31940.0 0.0
31950.0 0.0
31960.0 0.0
31970.0 0.0
31980.0 0.0
31990.0 1.50781e-06
32000.0 3.0088e-06
32010.0 4.36689e-06
32020.0 5.7249e-06
32030.0 7.08359e-06
32040.0 6.085e-06
32050.0 5.08619e-06
32060.0 4.08804e-06
32070.0 2.04705e-06
32080.000000000004 0.0
32090.0 0.0
32100.0 0.0
32110.0 0.0
32120.000000000004 2.82587e-08
32130.0 4.94551e-08
32140.0 7.06442e-08
32150.0 5.62882e-06
32160.000000000004 1.11866e-05
32170.0 9.62556e-06
32180.0 8.06208e-06
32190.0 6.50071e-06
32200.000000000004 5.65991e-06
32210.0 4.8186e-06
32220.0 3.97863e-06
32230.0 7.82366e-06
32240.000000000004 1.16641e-05
32250.0 1.0315e-05
32260.0 8.96267e-06
32270.0 7.6131e-06
32280.000000000004 7.57314e-06
32290.0 7.53476e-06
32300.0 7.49486e-06
32310.0 1.0001e-05
32320.000000000004 1.25095e-05
32330.0 1.17402e-05
32340.0 1.09711e-05
32350.0 1.02054e-05
32360.000000000004 1.09789e-05
32370.0 1.1752e-05
32380.0 1.25248e-05
32390.0 6.26724e-06
32400.000000000004 1.40756e-08
32410.0 1.64234e-08
32420.0 1.87686e-08
32430.0 2.1115e-08
32440.000000000004 4.57454e-08
32450.0 7.03647e-08
32460.0 4.9248e-08
32470.0 2.81397e-08
32480.000000000004 0.0
32490.0 2.74377e-07
32500.0 5.41504e-07
32510.0 8.08706e-07
32519.999999999996 5.76614e-07
32530.0 3.44543e-07
32540.0 2.32047e-07
32550.0 1.19526e-07
32559.999999999996 0.0
32570.0 7.77925e-07
32580.0 1.54881e-06
32590.0 2.31965e-06
32599.999999999996 1.1631e-06
32610.0 0.0
32620.0 0.0
32630.0 0.0
32639.999999999996 0.0
32650.0 0.0
32660.0 0.0
32670.0 0.0
32679.999999999996 0.0
32690.0 0.0
32700.0 0.0
32710.0 0.0
32719.999999999996 0.0
32730.0 0.0
32740.0 0.0
32750.0 0.0
32759.999999999996 0.0
32770.0 0.0
32780.0 0.0
32790.0 0.0
32800.0 0.0
32810.0 0.0
32820.0 0.0
32830.0 0.0
32840.0 0.0
32850.0 0.0
32860.0 0.0
32870.0 0.0
32880.0 0.0
32890.0 0.0
32900.0 0.0
32910.0 0.0
32920.0 0.0
32930.0 0.0
32940.0 0.0
32950.0 0.0
32960.0 0.0
32970.0 0.0
32980.0 0.0
32990.0 0.0
33000.0 0.0
33010.0 0.0
33020.0 0.0
33030.0 0.0
33040.0 0.0
33050.0 0.0
33060.0 0.0
33070.0 0.0
33080.0 0.0
33090.0 0.0
33100.0 0.0
33110.0 0.0
33120.0 0.0
33130.0 0.0
33140.0 0.0
33150.0 0.0
33160.0 0.0
33170.0 0.0
33180.0 0.0
33190.0 0.0
33200.0 0.0
33210.0 0.0
33220.0 0.0
33230.0 0.0
33240.0 0.0
33250.0 0.0
33260.0 0.0
33270.0 0.0
33280.0 0.0
33290.0 0.0
33300.0 0.0
33310.0 0.0
33320.0 0.0
33330.0 0.0
33340.0 0.0
33350.0 0.0
33360.0 0.0
33370.0 0.0
33380.0 0.0
33390.0 0.0
33400.0 0.0
33410.0 0.0
33420.0 0.0
33430.0 0.0
33440.0 0.0
33450.0 0.0
33460.0 0.0
33470.0 0.0
33480.0 0.0
33490.0 0.0
33500.0 0.0
33510.0 0.0
33520.0 0.0
33530.0 0.0
33540.0 0.0
33550.0 0.0
33560.0 0.0
33570.0 0.0
33580.0 0.0
33590.0 0.0
33600.0 0.0
33610.0 0.0
33620.0 0.0
33630.0 0.0
33640.0 0.0
33650.0 0.0
33660.0 0.0
33670.0 0.0
33680.0 0.0
33690.0 0.0
33700.0 0.0
33710.0 0.0
33720.0 0.0
33730.0 0.0
33740.0 0.0
33750.0 0.0
33760.0 0.0
33770.0 0.0
33780.0 0.0
33790.0 0.0
33800.0 0.0
33810.0 0.0
33820.0 0.0
33830.0 0.0
33840.0 0.0
33850.0 0.0
33860.0 0.0
33870.0 0.0
33880.0 0.0
33890.0 0.0
33900.0 0.0
33910.0 0.0
33920.0 0.0
33930.0 0.0
33940.0 0.0
33950.0 0.0
33960.0 0.0
33970.0 0.0
33980.0 0.0
33990.0 0.0
34000.0 0.0
34010.0 0.0
34020.0 0.0
34030.0 0.0
34040.0 0.0
34050.0 0.0
34060.0 0.0
34070.0 0.0
34080.0 0.0
34090.0 0.0
34100.0 0.0
34110.0 0.0
34120.0 0.0
34130.0 0.0
34140.0 0.0
34150.0 0.0
34160.0 0.0
34170.0 0.0
34180.0 0.0
34190.0 0.0
34200.0 0.0
34210.0 0.0
34220.0 0.0
34230.0 0.0
34240.0 0.0
34250.0 0.0
34260.0 0.0
34270.0 0.0
34280.0 0.0
34290.0 0.0
34300.0 0.0
34310.0 0.0
34320.0 0.0
34330.0 0.0
34340.0 0.0
34350.0 0.0
34360.0 0.0
34370.0 0.0
34380.0 0.0
34390.0 0.0
34400.0 0.0
34410.0 0.0
34420.0 0.0
34430.0 0.0
34440.0 0.0
34450.0 0.0
34460.0 0.0
34470.0 0.0
34480.0 0.0
34490.0 0.0
34500.0 0.0
34510.0 0.0
34520.0 0.0
34530.0 0.0
34540.0 0.0
34550.0 0.0
34560.0 0.0
34570.0 0.0
34580.0 0.0
34590.0 0.0
34600.0 0.0
34610.0 0.0
34620.0 0.0
34630.0 0.0
34640.0 0.0
34650.0 0.0
34660.0 0.0
34670.0 0.0
34680.0 0.0
34690.0 0.0
34700.0 0.0
34710.0 0.0
34720.0 0.0
34730.0 0.0
34740.0 0.0
34750.0 0.0
34760.0 0.0
34770.0 0.0
34780.0 0.0
34790.0 0.0
34800.0 0.0
34810.0 0.0
34820.0 0.0
34830.0 0.0
34840.0 0.0
34850.0 0.0
34860.0 0.0
34870.0 0.0
34880.0 0.0
34890.0 0.0
34900.0 0.0
34910.0 0.0
34920.0 0.0
34930.0 0.0
34940.0 0.0
34950.0 0.0
34960.0 0.0
34970.0 0.0
34980.0 0.0
34990.0 0.0
35000.0 0.0
35010.0 0.0
35020.0 0.0
35030.0 0.0
35040.0 0.0
35050.0 0.0
35060.0 0.0
35070.0 0.0
35080.0 0.0
35090.0 0.0
35100.0 0.0
35110.0 0.0
35120.0 0.0
35130.0 0.0
35140.0 0.0
35150.0 0.0
35160.0 0.0
35170.0 0.0
35180.0 0.0
35190.0 0.0
35200.0 0.0
35210.0 0.0
35220.0 0.0
35230.0 0.0
35240.0 0.0
35250.0 0.0
35260.0 0.0
35270.0 0.0
35280.0 0.0
35290.0 0.0
35300.0 0.0
35310.0 0.0
35320.0 0.0
35330.0 0.0
35340.0 0.0
35350.0 0.0
35360.0 0.0
35370.0 0.0
35380.0 0.0
35390.0 0.0
35400.0 0.0
35410.0 0.0
35420.0 0.0
35430.0 0.0
35440.0 0.0
35450.0 0.0
35460.0 0.0
35470.0 0.0
35480.0 0.0
35490.0 0.0
35500.0 0.0
35510.0 0.0
35520.0 0.0
35530.0 0.0
35540.0 0.0
35550.0 0.0
35560.0 0.0
35570.0 0.0
35580.0 0.0
35590.0 0.0
35600.0 0.0
35610.0 0.0
35620.0 0.0
35630.0 0.0
35640.0 0.0
35650.0 0.0
35660.0 0.0
35670.0 0.0
35680.0 0.0
35690.0 0.0
35700.0 0.0
35710.0 0.0
35720.0 0.0
35730.0 0.0
35740.0 0.0
35750.0 0.0
35760.0 0.0
35770.0 0.0
35780.0 0.0
35790.0 0.0
35800.0 0.0
35810.0 0.0
35820.0 0.0
35830.0 0.0
35840.0 0.0
35850.0 0.0
35860.0 0.0
35870.0 0.0
35880.0 0.0
35890.0 0.0
35900.0 0.0
35910.0 0.0
35920.0 0.0
35930.0 0.0
35940.0 0.0
35950.0 0.0
35960.0 0.0
35970.0 1.11974e-08
35980.0 1.78742e-08
35990.0 1.29549e-06
36000.0 2.56695e-06
36010.0 3.83204e-06
36020.0 2.68421e-06
36030.0 1.54181e-06
36040.0 4.05002e-07
36050.0 2.04198e-07
36060.0 0.0
36070.0 0.0
36080.0 0.0
36090.0 0.0
36100.0 0.0
36110.0 0.0
36120.0 0.0
36130.0 0.0
36140.0 0.0
36150.0 0.0
36160.0 0.0
36170.0 0.0
36180.0 0.0
36190.0 0.0
36200.0 0.0
36210.0 2.1079e-07
36220.0 4.16252e-07
36230.0 2.83761e-07
36240.0 1.51942e-07
36250.0 2.08571e-08
36260.0 1.52546e-08
36270.0 9.68164e-09
36280.0 0.0
36290.0 0.0
36300.0 0.0
36310.0 0.0
36320.0 0.0
36330.0 0.0
36340.0 0.0
36350.0 0.0
36360.0 0.0
36370.0 1.34226e-06
36380.0 2.67039e-06
36390.0 3.13816e-06
36400.0 3.60242e-06
36410.0 4.06337e-06
36420.0 2.69998e-06
36430.0 1.34693e-06
36440.0 0.0
36450.0 0.0
36460.0 0.0
36470.0 0.0
36480.0 0.0
36490.0 0.0
36500.0 0.0
36510.0 0.0
36520.0 0.0
36530.0 0.0
36540.0 0.0
36550.0 0.0
36560.0 0.0
36570.0 0.0
36580.0 0.0
36590.0 0.0
36600.0 0.0
36610.0 0.0
36620.0 0.0
36630.0 9.6548e-09
36640.0 1.56214e-08
36650.0 2.15369e-08
36660.0 9.81089e-07
36670.0 1.93262e-06
36680.0 2.3495e-06
36690.0 2.76271e-06
36700.0 3.17233e-06
36710.0 2.16876e-06
36720.0 1.17381e-06
36730.0 1.87259e-07
36740.0 1.08754e-07
36750.0 3.09325e-08
36760.0 5.9314e-08
36770.0 8.74351e-08
36780.0 1.15302e-07
36790.0 8.77781e-08
36800.0 6.04917e-08
36810.0 3.34476e-08
36820.0 5.66034e-08
36830.0 7.95466e-08
36840.0 5.38875e-08
36850.0 2.84634e-08
36860.0 0.0
36870.0 0.0
36880.0 0.0
36890.0 0.0
36900.0 0.0
36910.0 0.0
36920.0 2.7524e-08
36930.0 5.16292e-08
36940.0 7.54954e-08
36950.0 9.3697e-07
36960.0 1.79027e-06
36970.0 2.63499e-06
36980.0 2.20408e-06
36990.0 1.77728e-06
37000.0 1.44843e-06
37010.0 1.12408e-06
37020.0 8.02244e-07
37030.0 9.58522e-07
37040.0 1.11335e-06
37050.0 1.26653e-06
37060.0 2.16511e-06
37070.0 3.05545e-06
37080.0 2.06137e-06
37090.0 1.07562e-06
37100.0 9.92873e-08
37110.0 8.52778e-08
37120.0 7.13903e-08
37130.0 5.76096e-08
37140.0 1.11687e-06
37150.0 2.16627e-06
37160.0 2.95673e-06
37170.0 3.73889e-06
37180.0 4.51433e-06
37190.0 5.34093e-06
37200.0 6.15819e-06
37210.0 6.61199e-06
37220.0 7.06125e-06
37230.0 7.50452e-06
37240.0 7.28462e-06
37250.0 7.06649e-06
37260.0 6.85006e-06
37270.0 5.57666e-06
37280.0 4.31738e-06
37290.0 3.62373e-06
37300.0 2.93624e-06
37310.0 2.25586e-06
37320.0 1.52965e-06
37330.0 8.10551e-07
37340.0 9.88683e-08
37350.0 5.04861e-08
37360.0 0.0
37370.0 0.0
37380.0 0.0
37390.0 0.0
37400.0 0.0
37410.0 0.0
37420.0 0.0
37430.0 0.0
37440.0 0.0
37450.0 9.82378e-09
37460.0 1.70984e-08
37470.0 2.4295e-08
37480.0 7.15213e-07
37490.0 1.3984e-06
37500.0 2.07419e-06
37510.0 3.22007e-06
37520.0 4.32337e-06
37530.0 4.35345e-06
37540.0 4.38e-06
37550.0 4.40166e-06
37560.0 4.68111e-06
37570.0 4.9464e-06
37580.0 5.19646e-06
37590.0 6.03337e-06
37600.0 6.83041e-06
37610.0 6.68163e-06
37620.0 6.53315e-06
37630.0 6.387e-06
37640.0 5.796e-06
37650.0 5.20813e-06
37660.0 4.62589e-06
37670.0 3.85609e-06
37680.0 3.0921e-06
37690.0 2.96116e-06
37700.0 2.83214e-06
37710.0 2.704e-06
37720.0 2.53787e-06
37730.0 2.37229e-06
37740.0 2.20871e-06
37750.0 2.15812e-06
37760.0 2.10788e-06
37770.0 2.6276e-06
37780.0 3.14384e-06
37790.0 3.65572e-06
37800.0 4.19308e-06
37810.0 4.73957e-06
37820.0 5.28594e-06
37830.0 5.06748e-06
37840.0 4.84942e-06
37850.0 4.52531e-06
37860.0 4.20158e-06
37870.0 3.87939e-06
37880.0 4.18875e-06
37890.0 4.4974e-06
37900.0 4.71687e-06
37910.0 4.93552e-06
37920.0 5.1532e-06
37930.0 5.0758e-06
37940.0 4.9991e-06
37950.0 4.92251e-06
37960.0 4.82191e-06
37970.0 4.7215e-06
37980.0 4.99802e-06
37990.0 5.27392e-06
38000.0 5.54927e-06
38010.0 5.5336e-06
38020.0 5.51855e-06
38030.0 5.50351e-06
38040.0 4.651e-06
38050.0 3.8e-06
38060.0 3.62368e-06
38070.0 3.44772e-06
38080.0 3.27205e-06
38090.0 3.56556e-06
38100.0 3.85804e-06
38110.0 4.15024e-06
38120.0 4.32199e-06
38130.0 4.49338e-06
38140.0 3.96788e-06
38150.0 3.44337e-06
38160.0 2.92006e-06
38170.0 2.67173e-06
38180.0 2.42385e-06
38190.0 2.177e-06
38200.0 2.89718e-06
38210.0 3.61543e-06
38220.0 3.81791e-06
38230.0 4.01995e-06
38240.0 4.22155e-06
38250.0 3.97555e-06
38260.0 3.73011e-06
38270.0 3.4859e-06
38280.0 3.8868e-06
38290.0 4.28674e-06
38300.0 4.74262e-06
38310.0 5.19761e-06
38320.0 5.65152e-06
38330.0 5.67885e-06
38340.0 5.70433e-06
38350.0 5.73037e-06
38360.0 6.2242e-06
38370.0 6.71696e-06
38380.0 7.3194e-06
38390.0 7.91903e-06
38400.0 8.51732e-06
38410.0 8.268e-06
38420.0 8.01835e-06
38430.0 7.77084e-06
38440.0 7.11308e-06
38450.0 6.4569e-06
38460.0 6.13536e-06
38470.0 5.8145e-06
38480.0 5.49536e-06
38490.0 5.03567e-06
38500.0 4.57696e-06
38510.0 4.1191e-06
38520.0 3.70304e-06
38530.0 3.28704e-06
38540.0 3.41612e-06
38550.0 3.54488e-06
38560.0 3.67335e-06
38570.0 4.62892e-06
38580.0 5.58105e-06
38590.0 6.55737e-06
38600.0 7.53154e-06
38610.0 8.50561e-06
38620.0 8.66687e-06
38630.0 8.82776e-06
38640.0 8.98829e-06
38650.0 8.42256e-06
38660.0 7.85619e-06
38670.0 7.23412e-06
38680.0 6.61354e-06
38690.0 5.99553e-06
38700.0 4.98444e-06
38710.0 3.97454e-06
38720.0 2.9672e-06
38730.0 2.84867e-06
38740.0 2.72977e-06
38750.0 3.05099e-06
38760.0 3.37147e-06
38770.0 3.69203e-06
38780.0 3.91244e-06
38790.0 4.13278e-06
38800.0 4.35224e-06
38810.0 4.3053e-06
38820.0 4.25754e-06
38830.0 4.4432e-06
38840.0 4.62914e-06
38850.0 4.81532e-06
38860.0 5.23359e-06
38870.0 5.65144e-06
38880.0 6.06866e-06
38890.0 6.14116e-06
38900.0 6.21304e-06
38910.0 5.81411e-06
38920.0 5.41564e-06
38930.0 5.01768e-06
38940.0 4.6851e-06
38950.0 4.352e-06
38960.0 4.0193e-06
38970.0 3.46754e-06
38980.0 2.91719e-06
38990.0 3.00801e-06
39000.0 3.09813e-06
39010.0 3.18799e-06
39020.0 3.53591e-06
39030.0 3.88346e-06
39040.0 4.23047e-06
39050.0 4.34794e-06
39060.0 4.46394e-06
39070.0 3.85825e-06
39080.0 3.25351e-06
39090.0 2.64955e-06
39100.0 2.14355e-06
39110.0 1.63858e-06
39120.0 1.13421e-06
39130.0 1.30341e-06
39140.0 1.47236e-06
39150.0 2.27549e-06
39160.0 3.07763e-06
39170.0 3.87941e-06
39180.0 4.15036e-06
39190.0 4.42059e-06
39200.0 4.69151e-06
39210.0 4.80876e-06
39220.0 4.92639e-06
39230.0 5.07432e-06
39240.0 5.22202e-06
39250.0 5.36954e-06
39260.0 4.85204e-06
39270.0 4.33473e-06
39280.0 4.38039e-06
39290.0 4.42687e-06
39300.0 4.47243e-06
39310.0 5.01897e-06
39320.0 5.56435e-06
39330.0 6.10922e-06
39340.0 6.4293e-06
39350.0 6.74974e-06
39360.0 6.24984e-06
39370.0 5.75063e-06
39380.0 5.25202e-06
39390.0 4.74333e-06
39400.0 4.23392e-06
39410.0 3.72467e-06
39420.0 3.60871e-06
39430.0 3.49247e-06
39440.0 3.96174e-06
39450.0 4.43042e-06
39460.0 4.89918e-06
39470.0 5.60264e-06
39480.0 6.30521e-06
39490.0 7.00911e-06
39500.0 6.68299e-06
39510.0 6.35724e-06
39520.0 5.77572e-06
39530.0 5.19538e-06
39540.0 4.61529e-06
39550.0 4.34299e-06
39560.0 4.07143e-06
39570.0 3.79979e-06
39580.0 3.85147e-06
39590.0 3.90351e-06
39600.0 4.1925e-06
39610.0 4.48276e-06
39620.0 4.7724e-06
39630.0 5.13334e-06
39640.0 5.49384e-06
39650.0 5.85464e-06
39660.0 6.09883e-06
39670.0 6.34274e-06
39680.0 6.61727e-06
39690.0 6.89173e-06
39700.0 7.16513e-06
39710.0 7.33668e-06
39720.0 7.50892e-06
39730.0 7.68024e-06
39740.0 7.33483e-06
39750.0 6.98731e-06
39760.0 6.58031e-06
39770.0 6.17448e-06
39780.0 5.76826e-06
39790.0 5.60653e-06
39800.0 5.44558e-06
39810.0 5.28391e-06
39820.0 5.81419e-06
39830.0 6.34455e-06
39840.0 7.12567e-06
39850.0 7.90603e-06
39860.0 8.68677e-06
39870.0 8.94163e-06
39880.0 9.19453e-06
39890.0 8.57084e-06
39900.0 7.94699e-06
39910.0 7.3239e-06
39920.0 6.74219e-06
39930.0 6.16034e-06
39940.0 5.57965e-06
39950.0 5.06269e-06
39960.0 4.54607e-06
39970.0 4.55425e-06
39980.0 4.56192e-06
39990.0 4.56957e-06
40000.0 4.81567e-06
40010.0 5.06195e-06
40020.0 5.30702e-06
40030.0 5.72612e-06
40039.99999999999 6.14443e-06
40050.0 6.24574e-06
40060.0 6.34628e-06
40070.0 6.44671e-06
40080.0 6.50833e-06
40090.0 6.56917e-06
40100.0 6.62998e-06
40110.0 6.32367e-06
40119.99999999999 6.01692e-06
40130.0 5.59295e-06
40140.0 5.16995e-06
40150.0 4.74674e-06
40160.0 4.43216e-06
40170.0 4.1172e-06
40180.0 3.80346e-06
40190.0 3.60322e-06
40199.99999999999 3.40275e-06
40210.0 3.47394e-06
40220.0 3.54546e-06
40230.0 3.61652e-06
40240.0 3.92005e-06
40250.0 4.22361e-06
40260.0 4.52644e-06
40270.0 4.97053e-06
40279.99999999999 5.4137e-06
40290.0 5.80637e-06
40300.0 6.19954e-06
40310.0 6.59164e-06
40320.0 6.74927e-06
40330.0 6.90751e-06
40340.0 7.06488e-06
40350.0 6.92644e-06
40359.99999999999 6.78959e-06
40370.0 6.64578e-06
40380.0 6.50217e-06
40390.0 6.35939e-06
40400.0 6.20791e-06
40410.00000000001 6.05642e-06
40420.0 5.90573e-06
40430.0 5.38128e-06
40439.99999999999 4.85761e-06
40450.0 5.03674e-06
40460.0 5.21514e-06
40470.0 5.39337e-06
40480.0 5.20056e-06
40490.00000000001 5.00735e-06
40500.0 4.81423e-06
40510.0 3.95654e-06
40519.99999999999 3.09915e-06
40530.0 2.98713e-06
40540.0 2.87555e-06
40550.0 2.7643e-06
40560.0 3.29654e-06
40570.00000000001 3.82843e-06
40580.0 3.91324e-06
40590.0 3.99797e-06
40599.99999999999 4.0826e-06
40610.0 3.79081e-06
40620.0 3.49884e-06
40630.0 3.20701e-06
40640.0 2.9314e-06
40650.00000000001 2.65569e-06
40660.0 2.84811e-06
40670.0 3.04034e-06
40679.99999999999 3.23242e-06
40690.0 3.65355e-06
40700.0 4.07447e-06
40710.0 4.49453e-06
40720.0 4.92509e-06
40730.00000000001 5.35489e-06
40740.0 5.1794e-06
40750.0 5.00477e-06
40759.99999999999 4.82977e-06
40770.0 4.74134e-06
40780.0 4.65307e-06
40790.0 4.56545e-06
40800.0 4.256e-06
40810.00000000001 3.94709e-06
40820.0 3.84498e-06
40830.0 3.74341e-06
40839.99999999999 3.64164e-06
40850.0 3.73175e-06
40860.0 3.82098e-06
40870.0 3.91048e-06
40880.0 4.32536e-06
40890.00000000001 4.73971e-06
40900.0 4.94243e-06
40910.0 5.14479e-06
40920.0 5.34738e-06
40930.0 4.9828e-06
40940.0 4.61884e-06
40950.0 4.25551e-06
40960.0 3.47025e-06
40970.00000000001 2.68619e-06
40980.0 2.73202e-06
40990.0 2.77778e-06
41000.0 2.82317e-06
41010.0 3.31792e-06
41020.0 3.81202e-06
41030.0 4.30551e-06
41040.0 4.96178e-06
41050.00000000001 5.61601e-06
41060.0 5.70875e-06
41070.0 5.80132e-06
41080.0 5.89371e-06
41090.0 6.20744e-06
41100.0 6.52119e-06
41110.0 6.835e-06
41120.0 7.06347e-06
41130.00000000001 7.2915e-06
41140.0 7.22538e-06
41150.0 7.15937e-06
41160.0 7.09343e-06
41170.0 6.92268e-06
41180.0 6.75077e-06
41190.0 6.57918e-06
41200.0 6.43704e-06
41210.00000000001 6.29445e-06
41220.0 6.06451e-06
41230.0 5.83626e-06
41240.0 5.60718e-06
41250.0 5.2445e-06
41260.0 4.88248e-06
41270.0 4.82346e-06
41280.0 4.7655e-06
41289.99999999999 4.70664e-06
41300.0 4.86254e-06
41310.0 5.01816e-06
41320.0 5.17349e-06
41330.0 5.60828e-06
41340.0 6.04349e-06
41350.0 6.27729e-06
41360.0 6.51054e-06
41369.99999999999 6.74335e-06
41380.0 6.85109e-06
41390.0 6.96002e-06
41400.0 7.06735e-06
41410.0 6.89685e-06
41420.0 6.72656e-06
41430.0 6.48003e-06
41440.0 6.23393e-06
41449.99999999999 5.9895e-06
41460.0 5.79284e-06
41470.0 5.59655e-06
41480.0 5.4006e-06
41490.0 5.32987e-06
41500.0 5.26036e-06
41510.0 5.18817e-06
41520.0 5.11611e-06
41529.99999999999 5.04417e-06
41540.0 4.93803e-06
41550.0 4.83203e-06
41560.0 4.72722e-06
41570.0 4.53483e-06
41580.0 4.34229e-06
41590.0 4.21642e-06
41600.0 4.09077e-06
41609.99999999999 3.96528e-06
41620.0 4.15412e-06
41630.0 4.34171e-06
41640.0 4.52895e-06
41650.0 5.03537e-06
41660.00000000001 5.54085e-06
41670.0 6.02056e-06
41680.0 6.50153e-06
41689.99999999999 6.98015e-06
41700.0 7.45793e-06
41710.0 7.93487e-06
41720.0 8.4109e-06
41730.0 8.46462e-06
41740.00000000001 8.51732e-06
41750.0 7.79299e-06
41760.0 7.06861e-06
41769.99999999999 6.34557e-06
41780.0 6.23795e-06
41790.0 6.13053e-06
41800.0 6.02262e-06
41810.0 6.3382e-06
41820.00000000001 6.65438e-06
41830.0 6.93284e-06
41840.0 7.21075e-06
41849.99999999999 7.48729e-06
41860.0 7.3086e-06
41870.0 7.13024e-06
41880.0 6.95212e-06
41890.0 6.61999e-06
41900.00000000001 6.28924e-06
41910.0 6.01539e-06
41920.0 5.74136e-06
41929.99999999999 5.46842e-06
41940.0 5.17869e-06
41950.0 4.89061e-06
41960.0 4.85685e-06
41970.0 4.8232e-06
41980.00000000001 4.78911e-06
41990.0 4.65395e-06
42000.0 4.51932e-06
42009.99999999999 4.38463e-06
42020.0 4.01561e-06
42030.0 3.64812e-06
42040.0 3.56407e-06
42050.0 3.47995e-06
42060.00000000001 3.39656e-06
42070.0 3.55502e-06
42080.0 3.71241e-06
42089.99999999999 3.86941e-06
42100.0 4.62795e-06
42110.0 5.3827e-06
42120.0 5.56975e-06
42130.0 5.75593e-06
42140.00000000001 5.94136e-06
42150.0 5.79174e-06
42160.0 5.64339e-06
42170.0 5.49508e-06
42180.0 5.21255e-06
42190.0 4.93183e-06
42200.0 4.95847e-06
42210.0 4.98445e-06
42220.00000000001 5.01081e-06
42230.0 4.98465e-06
42240.0 4.95911e-06
42250.0 4.93364e-06
42260.0 5.01865e-06
42270.0 5.10384e-06
42280.0 5.16277e-06
42290.0 5.22079e-06
42300.00000000001 5.27909e-06
42310.0 5.25531e-06
42320.0 5.23097e-06
42330.0 5.2073e-06
42340.0 4.76577e-06
42350.0 4.32698e-06
42360.0 4.33086e-06
42370.0 4.33505e-06
42380.00000000001 4.33967e-06
42390.0 4.40855e-06
42400.0 4.47755e-06
42410.0 4.54616e-06
42420.0 4.56688e-06
42430.0 4.58797e-06
42440.0 4.37302e-06
42450.0 4.15955e-06
42460.00000000001 3.94703e-06
42470.0 3.74407e-06
42480.0 3.54255e-06
42490.0 3.34157e-06
42500.0 3.45476e-06
42510.0 3.56765e-06
42520.0 3.83105e-06
42530.0 4.09354e-06
42539.99999999999 4.35437e-06
42550.0 4.60072e-06
42560.0 4.84528e-06
42570.0 5.08913e-06
42580.0 5.12698e-06
42590.0 5.16401e-06
42600.0 5.17593e-06
42610.0 5.18739e-06
42619.99999999999 5.19827e-06
42630.0 5.08779e-06
42640.0 4.97838e-06
42650.0 4.74631e-06
42660.0 4.51588e-06
42670.0 4.2864e-06
42680.0 4.15397e-06
42690.0 4.02263e-06
42699.99999999999 3.89143e-06
42710.0 3.98216e-06
42720.0 4.07047e-06
42730.0 4.24049e-06
42740.0 4.40729e-06
42750.0 4.56926e-06
42760.0 4.77628e-06
42770.0 4.97864e-06
42779.99999999999 5.17747e-06
42790.0 4.80482e-06
42800.0 4.43821e-06
42810.0 4.24593e-06
42820.0 4.05684e-06
42830.0 3.87041e-06
42840.0 3.88608e-06
42850.0 3.9013e-06
42859.99999999999 3.91518e-06
42870.0 4.48003e-06
42880.0 5.0315e-06
42890.0 4.946e-06
42900.0 4.86123e-06
42910.00000000001 4.77681e-06
42920.0 4.61832e-06
42930.0 4.46144e-06
42939.99999999999 4.30732e-06
42950.0 4.24149e-06
42960.0 4.17661e-06
42970.0 4.35344e-06
42980.0 4.52535e-06
42990.00000000001 4.69338e-06
43000.0 4.76847e-06
43010.0 4.74025e-06
43019.99999999999 4.70382e-06
43030.0 4.5724e-06
43040.0 4.43933e-06
43050.0 4.24312e-06
43060.0 4.05018e-06
43070.00000000001 3.85973e-06
43080.0 3.66255e-06
43090.0 3.46905e-06
43099.99999999999 3.27883e-06
43110.0 2.84402e-06
43120.0 2.43774e-06
43130.0 2.13533e-06
43140.0 1.85284e-06
43150.00000000001 1.58991e-06
43160.0 1.39901e-06
43170.0 1.22005e-06
43179.99999999999 1.05332e-06
43190.0 9.92975e-07
43200.0 9.26774e-07
43210.0 8.76348e-07
43220.0 8.27301e-07
43230.00000000001 7.79551e-07
43240.0 7.14386e-07
43250.0 6.51588e-07
43259.99999999999 5.91062e-07
43270.0 5.34039e-07
43280.0 4.79271e-07
43290.0 5.2266e-07
43300.0 5.6261e-07
43310.00000000001 5.99024e-07
43320.0 6.8168e-07
43330.0 7.57655e-07
43339.99999999999 7.65652e-07
43350.0 7.71342e-07
43360.0 7.74638e-07
43370.0 7.27112e-07
43380.0 6.80873e-07
43390.00000000001 6.36203e-07
43400.0 5.55308e-07
43410.0 4.79045e-07
43420.0 4.68255e-07
43430.0 4.56324e-07
43440.0 4.43248e-07
43450.0 4.49807e-07
43460.0 4.52872e-07
43470.00000000001 4.52392e-07
43480.0 4.81795e-07
43490.0 5.0294e-07
43500.0 4.70238e-07
43510.0 4.7493e-07
43520.0 4.79619e-07
43530.0 4.7512e-07
43540.0 4.70682e-07
43550.00000000001 4.66248e-07
43560.0 4.54862e-07
43570.0 4.43437e-07
43580.0 4.42271e-07
43590.0 4.41106e-07
43600.0 4.39941e-07
43610.0 4.22107e-07
43620.0 4.04293e-07
43630.00000000001 3.86453e-07
43640.0 3.59522e-07
43650.0 3.32544e-07
43660.0 3.19095e-07
43670.0 3.05667e-07
43680.0 2.92254e-07
43690.0 3.03905e-07
43700.0 3.15608e-07
43710.00000000001 3.27427e-07
43720.0 3.54594e-07
43730.0 3.81743e-07
43740.0 4.00192e-07
43750.0 4.18637e-07
43760.0 4.3708e-07
43770.0 4.45138e-07
43780.0 4.53194e-07
43789.99999999999 4.61253e-07
43800.0 4.61616e-07
43810.0 4.62038e-07
43820.0 4.72382e-07
43830.0 4.82723e-07
43840.0 4.93165e-07
43850.0 5.15374e-07
43860.0 5.3757e-07
43869.99999999999 5.59763e-07
43880.0 5.90471e-07
43890.0 6.21175e-07
43900.0 6.47841e-07
43910.0 6.745e-07
43920.0 7.01168e-07
43930.0 7.25512e-07
43940.0 7.49852e-07
43949.99999999999 7.74279e-07
43960.0 7.88867e-07
43970.0 8.03452e-07
43980.0 7.94126e-07
43990.0 7.84878e-07
44000.0 7.75553e-07
44010.0 7.81494e-07
44020.0 7.87434e-07
44029.99999999999 8.04995e-07
44040.0 8.22391e-07
44050.0 8.39891e-07
44060.0 8.37305e-07
44070.0 8.34711e-07
44080.0 8.32125e-07
44090.0 8.19796e-07
44100.0 8.07386e-07
44109.99999999999 7.97963e-07
44120.0 7.88602e-07
44130.0 7.79085e-07
44140.0 7.72675e-07
44150.0 7.66265e-07
44160.00000000001 7.59944e-07
44170.0 7.3981e-07
44180.0 7.19591e-07
44189.99999999999 7.11015e-07
44200.0 7.02521e-07
44210.0 6.9409e-07
44220.0 6.92881e-07
44230.0 6.91672e-07
44240.00000000001 6.90544e-07
44250.0 7.03296e-07
44260.0 7.1597e-07
44269.99999999999 7.23964e-07
44280.0 7.31872e-07
44290.0 7.3993e-07
44300.0 7.44545e-07
44310.0 7.49044e-07
44320.00000000001 7.53616e-07
44330.0 7.375e-07
44340.0 7.213e-07
44349.99999999999 7.08166e-07
44360.0 6.94951e-07
44370.0 6.8174e-07
44380.0 6.68688e-07
44390.0 6.55764e-07
44400.00000000001 6.42716e-07
44410.0 6.25275e-07
44420.0 6.07837e-07
44429.99999999999 6.01871e-07
44440.0 5.95832e-07
44450.0 5.8992e-07
44460.0 5.88962e-07
44470.0 5.88073e-07
44480.00000000001 5.87115e-07
44490.0 5.94093e-07
44500.0 6.01124e-07
44509.99999999999 5.95791e-07
44520.0 5.90451e-07
44530.0 5.8512e-07
44540.0 5.65069e-07
44550.0 5.44954e-07
44560.00000000001 5.24906e-07
44570.0 4.85602e-07
44580.0 4.46343e-07
44589.99999999999 4.35938e-07
44600.0 4.25629e-07
44610.0 4.15289e-07
44620.0 4.21701e-07
44630.0 4.28163e-07
44640.00000000001 4.34576e-07
44650.0 4.46652e-07
44660.0 4.58728e-07
44670.0 4.40981e-07
44680.0 4.23329e-07
44690.0 4.05631e-07
44700.0 3.98224e-07
44710.0 3.9085e-07
44720.00000000001 3.9126e-07
44730.0 3.9167e-07
44740.0 3.92034e-07
44750.0 3.9656e-07
44760.0 4.01086e-07
44770.0 4.05655e-07
44780.0 3.84856e-07
44790.0 3.64104e-07
44800.00000000001 3.54469e-07
44810.0 3.44842e-07
44820.0 3.35176e-07
44830.0 3.33921e-07
44840.0 3.32664e-07
44850.0 3.31409e-07
44860.0 3.3755e-07
44870.0 3.43651e-07
44880.00000000001 3.52396e-07
44890.0 3.61211e-07
44900.0 3.70026e-07
44910.0 3.84534e-07
44920.0 3.98999e-07
44930.0 4.13465e-07
44940.0 4.18195e-07
44950.0 4.22975e-07
44960.00000000001 4.27969e-07
44970.0 4.3305e-07
44980.0 4.3813e-07
44990.0 4.45021e-07
45000.0 4.51911e-07
45010.0 4.58715e-07
45020.0 4.69753e-07
45030.0 4.80791e-07
45039.99999999999 4.7519e-07
45050.0 4.69688e-07
45060.0 4.64138e-07
45070.0 4.51549e-07
45080.0 4.39055e-07
45090.0 4.26559e-07
45100.0 4.16937e-07
45110.0 4.07417e-07
45119.99999999999 4.08067e-07
45130.0 4.08633e-07
45140.0 4.09283e-07
45150.0 4.14125e-07
45160.0 4.1905e-07
45170.0 4.23935e-07
45180.0 4.34804e-07
45190.0 4.4576e-07
45199.99999999999 4.50267e-07
45210.0 4.54853e-07
45220.0 4.59347e-07
45230.0 4.63878e-07
45240.0 4.68358e-07
45250.0 4.72738e-07
45260.0 4.87373e-07
45270.0 5.01954e-07
45279.99999999999 5.07853e-07
45290.0 5.13649e-07
45300.0 5.19611e-07
45310.0 5.23045e-07
45320.0 5.26584e-07
45330.0 5.29962e-07
45340.0 5.31857e-07
45350.0 5.33645e-07
45359.99999999999 5.4094e-07
45370.0 5.48064e-07
45380.0 5.55296e-07
45390.0 5.66338e-07
45400.0 5.77551e-07
45410.00000000001 5.76592e-07
45420.0 5.75684e-07
45430.0 5.74658e-07
45439.99999999999 5.69372e-07
45450.0 5.63978e-07
45460.0 5.58691e-07
45470.0 5.47274e-07
45480.0 5.35969e-07
45490.00000000001 5.26069e-07
45500.0 5.16209e-07
45510.0 5.06206e-07
45519.99999999999 4.97782e-07
45530.0 4.89199e-07
45540.0 4.80716e-07
45550.0 4.74872e-07
45560.0 4.69068e-07
45570.00000000001 4.80321e-07
45580.0 4.91618e-07
45590.0 5.03072e-07
45599.99999999999 5.12614e-07
45610.0 5.22246e-07
45620.0 5.3183e-07
45630.0 5.29323e-07
45640.0 5.26826e-07
45650.00000000001 4.85808e-07
45660.0 4.44696e-07
45670.0 4.03731e-07
45679.99999999999 3.82944e-07
45690.0 3.62203e-07
45700.0 3.4146e-07
45710.0 3.33193e-07
45720.0 3.24964e-07
45730.00000000001 3.67203e-07
45740.0 4.09512e-07
45750.0 4.51738e-07
45759.99999999999 4.79246e-07
45770.0 5.06638e-07
45780.0 5.34193e-07
45790.0 5.53154e-07
45800.0 5.72292e-07
45810.00000000001 5.77916e-07
45820.0 5.83666e-07
45830.0 5.89409e-07
45839.99999999999 5.97705e-07
45850.0 6.06192e-07
45860.0 6.14485e-07
45870.0 6.27834e-07
45880.0 6.41113e-07
45890.00000000001 6.20075e-07
45900.0 5.99167e-07
45910.0 5.78133e-07
45920.0 5.51413e-07
45930.0 5.24626e-07
45940.0 4.97796e-07
45950.0 4.54315e-07
45960.0 4.1086e-07
45970.00000000001 4.05928e-07
45980.0 4.01169e-07
45990.0 3.96361e-07
46000.0 4.00117e-07
46010.0 4.03744e-07
46020.0 4.07501e-07
46030.0 4.29527e-07
46040.0 4.51553e-07
46050.00000000001 4.71448e-07
46060.0 4.91292e-07
46070.0 5.11089e-07
46080.0 5.41909e-07
46090.0 5.7281e-07
46100.0 5.91531e-07
46110.0 6.10329e-07
46120.0 6.29058e-07
46130.00000000001 6.31915e-07
46140.0 6.34698e-07
46150.0 6.37426e-07
46160.0 6.34598e-07
46170.0 6.31844e-07
46180.0 6.27118e-07
46190.0 6.22464e-07
46200.0 6.17738e-07
46210.00000000001 6.0865e-07
46220.0 5.99486e-07
46230.0 5.90337e-07
46240.0 5.77954e-07
46250.0 5.65638e-07
46260.0 5.67347e-07
46270.0 5.69123e-07
46280.0 5.70833e-07
46289.99999999999 5.7321e-07
46300.0 5.75579e-07
46310.0 5.77959e-07
46320.0 5.81843e-07
46330.0 5.85796e-07
46340.0 5.86333e-07
46350.0 5.86938e-07
46360.0 5.87475e-07
46369.99999999999 6.00296e-07
46380.0 6.13048e-07
46390.0 6.258e-07
46400.0 6.67147e-07
46410.0 7.08402e-07
46420.0 7.16056e-07
46430.0 7.23623e-07
46440.0 7.31274e-07
46449.99999999999 7.22606e-07
46460.0 7.14022e-07
46470.0 7.05354e-07
46480.0 6.58757e-07
46490.0 6.12059e-07
46500.0 5.82553e-07
46510.0 5.52991e-07
46520.0 5.23491e-07
46529.99999999999 5.07189e-07
46540.0 4.91045e-07
46550.0 4.74731e-07
46560.0 5.0458e-07
46570.0 5.3449e-07
46580.0 5.51377e-07
46590.0 5.68329e-07
46600.0 5.85217e-07
46609.99999999999 5.97649e-07
46620.0 6.10016e-07
46630.0 6.2245e-07
46640.0 5.85379e-07
46650.0 5.48477e-07
46660.00000000001 5.38205e-07
46670.0 5.2787e-07
46680.0 5.17591e-07
46689.99999999999 5.21261e-07
46700.0 5.24993e-07
46710.0 5.56093e-07
46720.0 5.87193e-07
46730.0 6.18364e-07
46740.00000000001 6.51399e-07
46750.0 6.84401e-07
46760.0 7.17312e-07
46769.99999999999 7.47065e-07
46780.0 7.76906e-07
46790.0 7.54068e-07
46800.0 7.31318e-07
46810.0 7.08437e-07
46820.00000000001 6.76042e-07
46830.0 6.43582e-07
46840.0 6.11108e-07
46849.99999999999 5.85102e-07
46860.0 5.59028e-07
46870.0 5.63045e-07
46880.0 5.67128e-07
46890.0 5.7126e-07
46900.00000000001 5.94799e-07
46910.0 6.18429e-07
46920.0 6.41988e-07
46929.99999999999 6.49034e-07
46940.0 6.56156e-07
46950.0 6.55698e-07
46960.0 6.55241e-07
46970.0 6.54993e-07
46980.00000000001 6.47111e-07
46990.0 6.39232e-07
47000.0 6.31425e-07
47009.99999999999 6.19557e-07
47020.0 6.07696e-07
47030.0 6.00906e-07
47040.0 5.94124e-07
47050.0 5.87272e-07
47060.00000000001 5.86803e-07
47070.0 5.86521e-07
47080.0 5.86051e-07
47089.99999999999 5.83143e-07
47100.0 5.80235e-07
47110.0 5.77025e-07
47120.0 5.73748e-07
47130.0 5.70471e-07
47140.00000000001 5.77577e-07
47150.0 5.84748e-07
47160.0 5.9197e-07
47170.0 6.07034e-07
47180.0 6.22097e-07
47190.0 6.36531e-07
47200.0 6.5089e-07
47210.0 6.65239e-07
47220.00000000001 6.79744e-07
47230.0 6.94248e-07
47240.0 7.08903e-07
47250.0 7.31156e-07
47260.0 7.53262e-07
47270.0 7.6278e-07
47280.0 7.7229e-07
47290.0 7.818e-07
47300.00000000001 7.81867e-07
47310.0 7.81867e-07
47320.0 7.81864e-07
47330.0 7.622e-07
47340.0 7.42678e-07
47350.0 7.43309e-07
47360.0 7.43938e-07
47370.0 7.44653e-07
47380.00000000001 7.49843e-07
47390.0 7.55032e-07
47400.0 7.54592e-07
47410.0 7.54156e-07
47420.0 7.53872e-07
47430.0 7.45072e-07
47440.0 7.36198e-07
47450.0 7.27323e-07
47460.00000000001 7.0388e-07
47470.0 6.80426e-07
47480.0 6.77004e-07
47490.0 6.73661e-07
47500.0 6.7024e-07
47510.0 6.70789e-07
47520.0 6.71204e-07
47530.0 6.71616e-07
47539.99999999999 6.83182e-07
47550.0 6.94742e-07
47560.0 6.99565e-07
47570.0 7.04386e-07
47580.0 7.09207e-07
47590.0 7.12082e-07
47600.0 7.14958e-07
47610.0 7.17964e-07
47619.99999999999 7.02472e-07
47630.0 6.86981e-07
47640.0 6.76489e-07
47650.0 6.65853e-07
47660.0 6.55295e-07
47670.0 6.44791e-07
47680.0 6.34293e-07
47690.0 6.23795e-07
47699.99999999999 6.18623e-07
47710.0 6.1359e-07
47720.0 6.13674e-07
47730.0 6.1376e-07
47740.0 6.13844e-07
47750.0 6.37694e-07
47760.0 6.61465e-07
47770.0 6.85308e-07
47779.99999999999 7.14759e-07
47790.0 7.44208e-07
47800.0 7.51898e-07
47810.0 7.59571e-07
47820.0 7.67245e-07
47830.0 7.54716e-07
47840.0 7.42428e-07
47850.0 7.29989e-07
47859.99999999999 7.00564e-07
47870.0 6.71129e-07
47880.0 6.74594e-07
47890.0 6.78137e-07
47900.0 6.8168e-07
47910.00000000001 6.91186e-07
47920.0 7.0061e-07
47930.0 7.10116e-07
47939.99999999999 7.42231e-07
47950.0 7.74423e-07
47960.0 7.85989e-07
47970.0 7.97644e-07
47980.0 8.09297e-07
47990.00000000001 8.15809e-07
48000.0 8.22226e-07
48010.0 8.2872e-07
48019.99999999999 8.15332e-07
48030.0 8.01853e-07
48040.0 7.95697e-07
48050.0 7.89542e-07
48060.0 7.83293e-07
48070.00000000001 7.81632e-07
48080.0 7.7997e-07
48090.0 7.75966e-07
48099.99999999999 7.72053e-07
48110.0 7.68148e-07
48120.0 7.62686e-07
48130.0 7.5739e-07
48140.0 7.52009e-07
48150.00000000001 7.40823e-07
48160.0 7.2949e-07
48170.0 7.24797e-07
48179.99999999999 7.2019e-07
48190.0 7.155e-07
48200.0 7.176e-07
48210.0 7.19708e-07
48220.0 7.21733e-07
48230.00000000001 7.26798e-07
48240.0 7.31777e-07
48250.0 7.36035e-07
48259.99999999999 7.40207e-07
48270.0 7.44463e-07
48280.0 7.53534e-07
48290.0 7.62533e-07
48300.0 7.71596e-07
48310.00000000001 7.87094e-07
48320.0 8.02497e-07
48330.0 8.14442e-07
48339.99999999999 8.2628e-07
48350.0 8.38215e-07
48360.0 8.50807e-07
48370.0 8.63403e-07
48380.0 8.76088e-07
48390.00000000001 8.96133e-07
48400.0 9.16439e-07
48410.0 9.21778e-07
48420.0 9.27114e-07
48430.0 9.32555e-07
48440.0 9.35687e-07
48450.0 9.38925e-07
48460.0 9.42052e-07
48470.00000000001 9.4351e-07
48480.0 9.45075e-07
48490.0 9.39747e-07
48500.0 9.34701e-07
48510.0 9.29815e-07
48520.0 9.16169e-07
48530.0 9.02527e-07
48540.0 8.89002e-07
48550.00000000001 8.53431e-07
48560.0 8.17875e-07
48570.0 7.91733e-07
48580.0 7.6535e-07
48590.0 7.39124e-07
48600.0 7.49192e-07
48610.0 7.59342e-07
48620.0 7.69402e-07
48630.00000000001 7.90564e-07
48640.0 8.11718e-07
48650.0 8.34511e-07
48660.0 8.57216e-07
48670.0 8.79717e-07
48680.0 8.91493e-07
48690.0 9.03376e-07
48700.0 9.15142e-07
48710.00000000001 9.16778e-07
48720.0 9.18414e-07
48730.0 9.18898e-07
48740.0 9.19496e-07
48750.0 9.19977e-07
48760.0 9.20074e-07
48770.0 9.2045e-07
48780.0 9.19044e-07
48789.99999999999 9.17638e-07
48800.0 9.16233e-07
48810.0 9.17232e-07
48820.0 9.18132e-07
48830.0 9.19023e-07
48840.0 9.2692e-07
48850.0 9.34815e-07
48860.0 9.45857e-07
48869.99999999999 9.56699e-07
48880.0 9.67729e-07
48890.0 9.82952e-07
48900.0 9.98168e-07
48910.0 1.01337e-06
48920.0 1.00449e-06
48930.0 9.9548e-07
48940.0 9.8489e-07
48949.99999999999 9.74312e-07
48960.0 9.6373e-07
48970.0 9.43003e-07
48980.0 9.22276e-07
48990.0 9.01557e-07
49000.0 8.82958e-07
49010.0 8.6434e-07
49020.0 8.62842e-07
49029.99999999999 8.61344e-07
49040.0 8.59846e-07
49050.0 8.7045e-07
49060.0 8.80859e-07
49070.0 8.91337e-07
49080.0 9.18485e-07
49090.0 9.45619e-07
49100.0 9.64529e-07
49109.99999999999 9.83459e-07
49120.0 1.00239e-06
49130.0 1.01793e-06
49140.0 1.03347e-06
49150.0 1.049e-06
49160.00000000001 1.03344e-06
49170.0 1.0179e-06
49180.0 1.00435e-06
49189.99999999999 9.90711e-07
49200.0 9.77386e-07
49210.0 9.59232e-07
49220.0 9.41095e-07
49230.0 9.22957e-07
49240.00000000001 9.1886e-07
49250.0 9.14762e-07
49260.0 9.20629e-07
49269.99999999999 9.2661e-07
49280.0 9.32578e-07
49290.0 9.37079e-07
49300.0 9.41578e-07
49310.0 9.45961e-07
49320.00000000001 9.48694e-07
49330.0 9.51425e-07
49340.0 9.29708e-07
49349.99999999999 9.08002e-07
49360.0 8.86201e-07
49370.0 8.69762e-07
49380.0 8.53322e-07
49390.0 8.36896e-07
49400.00000000001 8.24792e-07
49410.0 8.12798e-07
49420.0 8.1797e-07
49429.99999999999 8.23147e-07
49440.0 8.28215e-07
49450.0 8.53075e-07
49460.0 8.77906e-07
49470.0 8.85075e-07
49480.00000000001 8.92343e-07
49490.0 8.99606e-07
49500.0 9.03976e-07
49509.99999999999 9.0845e-07
49520.0 9.12921e-07
49530.0 9.14805e-07
49540.0 9.16611e-07
49550.0 9.17128e-07
49560.00000000001 9.17543e-07
49570.0 9.18058e-07
49580.0 9.16404e-07
49589.99999999999 9.14644e-07
49600.0 9.12992e-07
49610.0 9.12579e-07
49620.0 9.12274e-07
49630.0 9.13894e-07
49640.00000000001 9.15413e-07
49650.0 9.17031e-07
49660.0 9.18808e-07
49670.0 9.20684e-07
49680.0 9.22566e-07
49690.0 9.25759e-07
49700.0 9.28968e-07
49710.0 9.22255e-07
49720.00000000001 9.15662e-07
49730.0 9.09141e-07
49740.0 9.01945e-07
49750.0 8.94638e-07
49760.0 8.87448e-07
49770.0 9.07701e-07
49780.0 9.28033e-07
49790.0 9.44717e-07
49800.00000000001 9.61287e-07
49810.0 9.77832e-07
49820.0 1.00422e-06
49830.0 1.03049e-06
49840.0 1.05687e-06
49850.0 1.08298e-06
49860.0 1.1092e-06
49870.0 1.11259e-06
49880.00000000001 1.11612e-06
49890.0 1.1195e-06
49900.0 1.11091e-06
49910.0 1.10218e-06
49920.0 1.0936e-06
49930.0 1.07095e-06
49940.0 1.04808e-06
49950.0 1.03674e-06
49960.00000000001 1.02528e-06
49970.0 1.01395e-06
49980.0 1.00358e-06
49990.0 9.93215e-07
50000.0 9.82978e-07
50010.0 9.71201e-07
50020.0 9.59549e-07
50030.0 9.53428e-07
50039.99999999999 9.47312e-07
50050.0 9.41312e-07
50060.0 9.42767e-07
50070.0 9.44211e-07
50080.0 9.45662e-07
50090.0 9.54318e-07
50100.0 9.62853e-07
50110.0 9.76103e-07
50119.99999999999 9.89455e-07
50130.0 1.00269e-06
50140.0 1.02217e-06
50150.0 1.04163e-06
50160.0 1.05451e-06
50170.0 1.06705e-06
50180.0 1.07956e-06
50190.0 1.08928e-06
50199.99999999999 1.09884e-06
50210.0 1.10841e-06
50220.0 1.12117e-06
50230.0 1.13406e-06
50240.0 1.12904e-06
50250.0 1.12403e-06
50260.0 1.11901e-06
50270.0 1.11244e-06
50279.99999999999 1.10602e-06
50290.0 1.09946e-06
50300.0 1.10323e-06
50310.0 1.107e-06
50320.0 1.10979e-06
50330.0 1.11272e-06
50340.0 1.11562e-06
50350.0 1.12006e-06
50359.99999999999 1.12448e-06
50370.0 1.12892e-06
50380.0 1.12572e-06
50390.0 1.12239e-06
50400.0 1.10779e-06
50410.00000000001 1.0932e-06
50420.0 1.07862e-06
50430.0 1.07188e-06
50439.99999999999 1.06516e-06
50450.0 1.05857e-06
50460.0 1.05967e-06
50470.0 1.06076e-06
50480.0 1.06905e-06
50490.00000000001 1.07734e-06
50500.0 1.08563e-06
50510.0 1.09836e-06
50519.99999999999 1.11108e-06
50530.0 1.12393e-06
50540.0 1.12041e-06
50550.0 1.1169e-06
50560.0 1.11066e-06
50570.00000000001 1.10443e-06
50580.0 1.0982e-06
50590.0 1.09239e-06
50599.99999999999 1.08658e-06
50610.0 1.08099e-06
50620.0 1.07432e-06
50630.0 1.06766e-06
50640.0 1.07543e-06
50650.00000000001 1.08318e-06
50660.0 1.09093e-06
50670.0 1.09725e-06
50679.99999999999 1.10344e-06
50690.0 1.10962e-06
50700.0 1.1097e-06
50710.0 1.10978e-06
50720.0 1.11272e-06
50730.00000000001 1.11565e-06
50740.0 1.11859e-06
50750.0 1.12737e-06
50759.99999999999 1.13615e-06
50770.0 1.14492e-06
50780.0 1.15995e-06
50790.0 1.17497e-06
50800.0 1.18601e-06
50810.00000000001 1.19704e-06
50820.0 1.20806e-06
50830.0 1.21407e-06
50839.99999999999 1.22008e-06
50850.0 1.21894e-06
50860.0 1.21782e-06
50870.0 1.21668e-06
50880.0 1.2122e-06
50890.00000000001 1.20786e-06
50900.0 1.20353e-06
50910.0 1.19554e-06
50920.0 1.18755e-06
50930.0 1.17914e-06
50940.0 1.17072e-06
50950.0 1.16231e-06
50960.0 1.15351e-06
50970.00000000001 1.14471e-06
50980.0 1.13593e-06
50990.0 1.14703e-06
51000.0 1.15789e-06
51010.0 1.1666e-06
51020.0 1.17529e-06
51030.0 1.18384e-06
51040.0 1.20033e-06
51050.00000000001 1.2168e-06
51060.0 1.23325e-06
51070.0 1.25591e-06
51080.0 1.27855e-06
51090.0 1.28237e-06
51100.0 1.28618e-06
51110.0 1.28983e-06
51120.0 1.28794e-06
51130.00000000001 1.28606e-06
51140.0 1.28418e-06
51150.0 1.2586e-06
51160.0 1.23287e-06
51170.0 1.2193e-06
51180.0 1.20574e-06
51190.0 1.1922e-06
51200.0 1.18423e-06
51210.00000000001 1.17612e-06
51220.0 1.16816e-06
51230.0 1.16153e-06
51240.0 1.15491e-06
51250.0 1.15415e-06
51260.0 1.15326e-06
51270.0 1.1525e-06
51280.0 1.14587e-06
51289.99999999999 1.13926e-06
51300.0 1.13251e-06
51310.0 1.11603e-06
51320.0 1.09956e-06
51330.0 1.10385e-06
51340.0 1.10826e-06
51350.0 1.11267e-06
51360.0 1.12624e-06
51369.99999999999 1.13965e-06
51380.0 1.15319e-06
51390.0 1.16593e-06
51400.0 1.17851e-06
51410.0 1.18465e-06
51420.0 1.19079e-06
51430.0 1.19676e-06
51440.0 1.18572e-06
51449.99999999999 1.17468e-06
51460.0 1.16351e-06
51470.0 1.1414e-06
51480.0 1.1192e-06
51490.0 1.1126e-06
51500.0 1.10615e-06
51510.0 1.09957e-06
51520.0 1.09198e-06
51529.99999999999 1.0844e-06
51540.0 1.09209e-06
51550.0 1.09993e-06
51560.0 1.10774e-06
51570.0 1.11643e-06
51580.0 1.12524e-06
51590.0 1.13391e-06
51600.0 1.15473e-06
51609.99999999999 1.17551e-06
51620.0 1.18817e-06
51630.0 1.20093e-06
51640.0 1.21355e-06
51650.0 1.20959e-06
51660.00000000001 1.2055e-06
51670.0 1.20156e-06
51680.0 1.19451e-06
51689.99999999999 1.18731e-06
51700.0 1.17613e-06
51710.0 1.16482e-06
51720.0 1.15366e-06
51730.0 1.14562e-06
51740.00000000001 1.13775e-06
51750.0 1.12964e-06
51760.0 1.1372e-06
51769.99999999999 1.1449e-06
51780.0 1.15011e-06
51790.0 1.15545e-06
51800.0 1.16065e-06
51810.0 1.1673e-06
51820.00000000001 1.1738e-06
51830.0 1.18044e-06
51840.0 1.18454e-06
51849.99999999999 1.18879e-06
51860.0 1.18147e-06
51870.0 1.1743e-06
51880.0 1.167e-06
51890.0 1.16579e-06
51900.00000000001 1.16444e-06
51910.0 1.16324e-06
51920.0 1.1793e-06
51929.99999999999 1.19549e-06
51940.0 1.20776e-06
51950.0 1.22017e-06
51960.0 1.23215e-06
51970.0 1.24761e-06
51980.00000000001 1.26289e-06
51990.0 1.27831e-06
52000.0 1.28958e-06
52009.99999999999 1.30099e-06
52020.0 1.29638e-06
52030.0 1.29162e-06
52040.0 1.28702e-06
52050.0 1.28077e-06
52060.00000000001 1.27469e-06
52070.0 1.26861e-06
52080.0 1.25724e-06
52089.99999999999 1.24573e-06
52100.0 1.23597e-06
52110.0 1.22622e-06
52120.0 1.21649e-06
52130.0 1.20474e-06
52140.00000000001 1.19299e-06
52150.0 1.18088e-06
52160.0 1.16763e-06
52170.0 1.15439e-06
52180.0 1.14784e-06
52190.0 1.1413e-06
52200.0 1.13465e-06
52210.0 1.12567e-06
52220.00000000001 1.11656e-06
52230.0 1.11051e-06
52240.0 1.10447e-06
52250.0 1.09844e-06
52260.0 1.0939e-06
52270.0 1.08937e-06
52280.0 1.08484e-06
52290.0 1.08032e-06
52300.00000000001 1.07581e-06
52310.0 1.07415e-06
52320.0 1.07271e-06
52330.0 1.0714e-06
52340.0 1.0714e-06
52350.0 1.0714e-06
52360.0 1.07139e-06
52370.0 1.07362e-06
52380.00000000001 1.07583e-06
52390.0 1.07812e-06
52400.0 1.0804e-06
52410.0 1.08267e-06
52420.0 1.08441e-06
52430.0 1.08615e-06
52440.0 1.08788e-06
52450.0 1.09013e-06
52460.00000000001 1.09239e-06
52470.0 1.08978e-06
52480.0 1.0874e-06
52490.0 1.08501e-06
52500.0 1.07987e-06
52510.0 1.07473e-06
52520.0 1.06946e-06
52530.0 1.07622e-06
52539.99999999999 1.08297e-06
52550.0 1.09498e-06
52560.0 1.10683e-06
52570.0 1.1188e-06
52580.0 1.13211e-06
52590.0 1.14525e-06
52600.0 1.15853e-06
52610.0 1.1807e-06
52619.99999999999 1.20325e-06
52630.0 1.21345e-06
52640.0 1.22364e-06
52650.0 1.23399e-06
52660.0 1.24004e-06
52670.0 1.24608e-06
52680.0 1.25199e-06
52690.0 1.25042e-06
52699.99999999999 1.24869e-06
52710.0 1.24085e-06
52720.0 1.23301e-06
52730.0 1.22518e-06
52740.0 1.21974e-06
52750.0 1.21456e-06
52760.0 1.20923e-06
52770.0 1.20541e-06
52779.99999999999 1.20159e-06
52790.0 1.20162e-06
52800.0 1.20166e-06
52810.0 1.20185e-06
52820.0 1.20497e-06
52830.0 1.20808e-06
52840.0 1.21119e-06
52850.0 1.20277e-06
52859.99999999999 1.19436e-06
52870.0 1.17794e-06
52880.0 1.16178e-06
52890.0 1.14563e-06
52900.0 1.13325e-06
52910.00000000001 1.12073e-06
52920.0 1.12209e-06
52930.0 1.12332e-06
52939.99999999999 1.12467e-06
52950.0 1.12794e-06
52960.0 1.13105e-06
52970.0 1.13416e-06
52980.0 1.14414e-06
52990.00000000001 1.1538e-06
53000.0 1.15844e-06
53010.0 1.16299e-06
53019.99999999999 1.16754e-06
53030.0 1.16929e-06
53040.0 1.17087e-06
53050.0 1.17214e-06
53060.0 1.17495e-06
53070.00000000001 1.17728e-06
53080.0 1.17757e-06
53090.0 1.1775e-06
53099.99999999999 1.1771e-06
53110.0 1.17597e-06
53120.0 1.17429e-06
53130.0 1.17251e-06
53140.0 1.16917e-06
53150.00000000001 1.16566e-06
53160.0 1.16342e-06
53170.0 1.161e-06
53179.99999999999 1.15824e-06
53190.0 1.16331e-06
53200.0 1.16814e-06
53210.0 1.17252e-06
53220.0 1.1799e-06
53230.00000000001 1.18673e-06
53240.0 1.17909e-06
53250.0 1.17113e-06
53259.99999999999 1.16318e-06
53270.0 1.15483e-06
53280.0 1.14648e-06
53290.0 1.13798e-06
53300.0 1.1273e-06
53310.00000000001 1.1165e-06
53320.0 1.10664e-06
53330.0 1.09664e-06
53339.99999999999 1.08612e-06
53350.0 1.08024e-06
53360.0 1.07415e-06
53370.0 1.06801e-06
53380.0 1.06286e-06
53390.00000000001 1.05781e-06
53400.0 1.04792e-06
53410.0 1.03804e-06
53420.0 1.02799e-06
53430.0 1.01761e-06
53440.0 1.00714e-06
53450.0 9.96584e-07
53460.0 9.8017e-07
53470.00000000001 9.63884e-07
53480.0 9.49205e-07
53490.0 9.34629e-07
53500.0 9.20145e-07
53510.0 9.03654e-07
53520.0 8.87152e-07
53530.0 8.73062e-07
53540.0 8.59064e-07
53550.00000000001 8.45008e-07
53560.0 8.32908e-07
53570.0 8.20875e-07
53580.0 8.09051e-07
53590.0 7.9715e-07
53600.0 7.85451e-07
53610.0 7.73045e-07
53620.0 7.60858e-07
53630.00000000001 7.48736e-07
53640.0 7.35939e-07
53650.0 7.23225e-07
53660.0 7.10456e-07
53670.0 6.99137e-07
53680.0 6.87875e-07
53690.0 6.78872e-07
53700.0 6.70014e-07
53710.00000000001 6.61153e-07
53720.0 6.53214e-07
53730.0 6.45241e-07
53740.0 6.37249e-07
53750.0 6.31303e-07
53760.0 6.2543e-07
53770.0 6.19441e-07
53780.0 6.13714e-07
53789.99999999999 6.07915e-07
53800.0 6.04421e-07
53810.0 6.00636e-07
53820.0 5.97029e-07
53830.0 5.95877e-07
53840.0 5.94844e-07
53850.0 5.91654e-07
53860.0 5.8848e-07
53869.99999999999 5.85212e-07
53880.0 5.81778e-07
53890.0 5.7855e-07
53900.0 5.75374e-07
53910.0 5.69638e-07
53920.0 5.64033e-07
53930.0 5.57972e-07
53940.0 5.52221e-07
53949.99999999999 5.46449e-07
53960.0 5.35768e-07
53970.0 5.25081e-07
53980.0 5.1477e-07
53990.0 5.0285e-07
54000.0 4.91233e-07
54010.0 4.82504e-07
54020.0 4.74166e-07
54029.99999999999 4.65738e-07
54040.0 4.57677e-07
54050.0 4.4984e-07
54060.0 4.41906e-07
54070.0 4.3547e-07
54080.0 4.29108e-07
54090.0 4.2378e-07
54100.0 4.18301e-07
54109.99999999999 4.12986e-07
54120.0 4.06331e-07
54130.0 3.99865e-07
54140.0 3.93282e-07
54150.0 3.85088e-07
54160.00000000001 3.76976e-07
54170.0 3.72663e-07
54180.0 3.68407e-07
54189.99999999999 3.64128e-07
54200.0 3.64327e-07
54210.0 3.6423e-07
54220.0 3.61027e-07
54230.0 3.57926e-07
54240.00000000001 3.54768e-07
54250.0 3.49344e-07
54260.0 3.43851e-07
54269.99999999999 3.38442e-07
54280.0 3.31734e-07
54290.0 3.25076e-07
54300.0 3.16731e-07
54310.0 3.08342e-07
54320.00000000001 3.00211e-07
54330.0 2.92875e-07
54340.0 2.8562e-07
54349.99999999999 2.78451e-07
54360.0 2.78774e-07
54370.0 2.79138e-07
54380.0 2.77818e-07
54390.0 2.76246e-07
54400.00000000001 2.74722e-07
54410.0 2.74128e-07
54420.0 2.73229e-07
54429.99999999999 2.72354e-07
54440.0 2.73582e-07
54450.0 2.74541e-07
54460.0 2.71006e-07
54470.0 2.67417e-07
54480.00000000001 2.63947e-07
54490.0 2.59789e-07
54500.0 2.55597e-07
54509.99999999999 2.51558e-07
54520.0 2.45572e-07
54530.0 2.39632e-07
54540.0 2.33252e-07
54550.0 2.27064e-07
54560.00000000001 2.20986e-07
54570.0 2.15221e-07
54580.0 2.0951e-07
54589.99999999999 2.0402e-07
54600.0 1.98393e-07
54610.0 1.92992e-07
54620.0 1.88526e-07
54630.0 1.84077e-07
54640.00000000001 1.79611e-07
54650.0 1.76343e-07
54660.0 1.7305e-07
54670.0 1.69902e-07
54680.0 1.67152e-07
54690.0 1.64376e-07
54700.0 1.61918e-07
54710.0 1.59573e-07
54720.00000000001 1.57344e-07
54730.0 1.55088e-07
54740.0 1.52744e-07
54750.0 1.50376e-07
54760.0 1.46841e-07
54770.0 1.43491e-07
54780.0 1.40119e-07
54790.0 1.36752e-07
54800.00000000001 1.3357e-07
54810.0 1.29806e-07
54820.0 1.26073e-07
54830.0 1.22702e-07
54840.0 1.18653e-07
54850.0 1.14835e-07
54860.0 1.12158e-07
54870.0 1.09493e-07
54880.00000000001 1.06838e-07
54890.0 1.04762e-07
54900.0 1.02679e-07
54910.0 1.00627e-07
54920.0 9.87238e-08
54930.0 9.68432e-08
54940.0 9.50048e-08
54950.0 9.31682e-08
54960.00000000001 9.15099e-08
54970.0 8.98634e-08
54980.0 8.82277e-08
54990.0 0.0
55000.0 0.0
