29470.357689999997 0.0
29483.87 0.0
29497.38231 1.0258107208028092e-05
29510.894620000003 1.1114772136516069e-05
29524.406939999997 1.3785838883511826e-05
29537.91925 1.5168466111393495e-05
29551.43156 1.5144703196949369e-05
29564.94388 1.4121944725958937e-05
29578.45619 1.4967591654671478e-05
29591.968510000002 1.8361426376576226e-05
29605.480819999997 1.9220673278384737e-05
29618.993139999995 1.9984650593892165e-05
29632.505449999997 2.025934079202831e-05
29646.01776 2.2956209042849486e-05
29659.53008 2.4422798041354727e-05
29673.042390000002 2.6663684976340194e-05
29686.55471 2.7378780608599727e-05
29700.067020000002 2.9317642374795505e-05
29713.579340000004 2.8457335291326383e-05
29727.091650000002 2.9479736116509314e-05
29740.60397 3.114047496490608e-05
29754.11628 3.545056576723881e-05
29767.62859 3.6139531784687094e-05
29781.140910000002 4.021585212980056e-05
29794.653219999997 4.3182689463045976e-05
29808.16554 4.490907671884738e-05
29821.67785 4.865111409141579e-05
29835.190169999998 4.8828783081807895e-05
29848.70248 5.096242839292384e-05
29862.214789999998 5.101650814083324e-05
29875.72711 5.398966807811575e-05
29889.23942 5.744463636485705e-05
29902.751739999996 6.182664343209463e-05
29916.264049999998 6.715137538172634e-05
29929.77637 7.379654462895762e-05
29943.28868 7.919703133118735e-05
29956.801 8.007005966396562e-05
29970.31331 8.495101395787715e-05
29983.825619999996 8.9324274807218e-05
29997.337940000005 9.410814683822543e-05
30010.85025 9.99265803603361e-05
30024.362569999998 0.00010782845075765363
30037.87488 0.0001111224799791427
30051.387199999997 0.00010995827796652142
30064.89951 0.00010378344742857708
30078.41182 0.00010889715165196797
30091.924140000003 0.0001185907610874993
30105.43645 0.00012095243897695531
30118.94877 0.0001225517349104581
30132.461079999997 0.00012636975914925212
30145.9734 0.00012827253251657708
30159.48571 0.00012514265855349235
30172.99803 0.00012610764442858152
30186.51034 0.0001266184242256599
30200.02265 0.0001240514179802525
30213.53497 0.00012027495808009218
30227.047280000003 0.00012176695800972188
30240.5596 0.00011940509598726436
30254.07191 0.00012531467262025283
30267.584230000004 0.00013195268345082812
30281.096539999995 0.00013805525065289963
30294.60886 0.0001458430154683995
30308.12117 0.0001513745037695045
30321.63348 0.00015434363568556293
30335.1458 0.0001573385719323203
30348.65811 0.00016179141495554258
30362.170430000002 0.0001680812074539017
30375.682740000004 0.00017564570582380773
30389.195060000002 0.00017943290623883271
30402.707369999996 0.00018743529844944496
30416.21968 0.00019277413471244584
30429.732 0.00020351197572747996
30443.244310000002 0.0002117367900115648
30456.75663 0.0002248160887050936
30470.26894 0.00023681151596826764
30483.781260000003 0.0002518608247733335
30497.293570000005 0.00026280601993820807
30510.80589 0.0002759325822730722
30524.318199999998 0.00029118955775126
30537.83051 0.00030853712792495037
30551.342829999998 0.00032627403991360106
30564.85514 0.00034204493720102307
30578.36746 0.00035984521096925077
30591.87977 0.00038098880402458895
30605.392089999998 0.0004042831041094062
30618.9044 0.00042726765301419805
30632.41671 0.00045427419120459844
30645.929030000003 0.0004826425887376928
30659.44134 0.000513000877596172
30672.95366 0.000539465923650161
30686.465969999997 0.0005700966499428408
30699.97829 0.0005981140378883916
30713.4906 0.0006328276120578733
30727.00292 0.0006683538301392792
30740.51523 0.0007073662494693211
30754.027540000003 0.0007434337333262881
30767.539860000004 0.0007887457982279254
30781.052169999995 0.0008315011509687231
30794.564489999997 0.0008793221152356645
30808.0768 0.0009272482785371954
30821.589119999997 0.0009785663899803784
30835.10143 0.001028144483856607
30848.61374 0.0010891878389272364
30862.126060000002 0.00115079933587864
30875.638370000004 0.0012156662887585655
30889.15069 0.001279901443725364
30902.662999999997 0.0013542481740873777
30916.175320000002 0.001432026666199047
30929.68763 0.0015185378616155826
30943.19995 0.0016052276591132432
30956.71226 0.0016995625881826401
30970.22457 0.001802060956453478
30983.736890000004 0.0019180639328903637
30997.249200000002 0.0020473212630720636
31010.76152 0.0021847995944312077
31024.273830000002 0.0023239236340876603
31037.78615 0.002481249034986778
31051.298459999998 0.0026525511622721735
31064.81078 0.002835845590465297
31078.323089999998 0.00304079712845998
31091.8354 0.0032693337221675533
31105.347719999998 0.003518977173927064
31118.86003 0.0037914734745731326
31132.37235 0.004092074722537482
31145.884660000003 0.004434071722884672
31159.39698 0.0048143715552801504
31172.909289999996 0.005236697253522273
31186.421599999998 0.005700282664930296
31199.93392 0.0062160985833022925
31213.44623 0.006797598916425088
31226.95855 0.007448323035000662
31240.47086 0.008176065046405884
31253.983180000003 0.008994698473941054
31267.495489999998 0.009911848963991814
31281.007810000003 0.010945079734667889
31294.52012 0.012100416572271976
31308.03243 0.013401626255531044
31321.544749999997 0.014876847444472626
31335.05706 0.0165394683391238
31348.56938 0.018409838705541075
31362.081690000003 0.020532215940963622
31375.594009999997 0.022918727138358214
31389.10632 0.02561827894120014
31402.61863 0.02866461888945978
31416.130950000002 0.032096791581844614
31429.64326 0.03595581655226854
31443.15558 0.04030844049796305
31456.667889999997 0.045167320724054535
31470.180210000002 0.05060182969145164
31483.69252 0.056618503594147745
31497.20484 0.06328469610853736
31510.71715 0.07059296833053035
31524.229460000002 0.07856560735694867
31537.74178 0.08718665379263715
31551.254090000002 0.0964433766788666
31564.766410000004 0.10628861738452795
31578.27872 0.1166040713407503
31591.791039999996 0.12737574174647198
31605.30335 0.13846271328979082
31618.81566 0.1497627334923171
31632.327980000002 0.1612885766466967
31645.840290000004 0.1727471350322599
31659.35261 0.1842687346838228
31672.86492 0.19570733383668182
31686.37724 0.20702129683769405
31699.88955 0.21827717403214825
31713.401869999998 0.22934021468367444
31726.91418 0.24033320271248115
31740.42649 0.2512232256649306
31753.938809999996 0.26197874606077465
31767.451119999998 0.27270155219238157
31780.96344 0.2832544124944644
31794.47575 0.2937237791325905
31807.98807 0.3040682476488671
31821.50038 0.31420561826955073
31835.012700000003 0.3242069605953222
31848.52501 0.33394423043495236
31862.03732 0.34343776628265016
31875.549639999997 0.35269521261899206
31889.06195 0.36156861912155747
31902.57427 0.3701501584573899
31916.086580000003 0.37839476545361883
31929.5989 0.3862402381502934
31943.111210000003 0.393757071072093
31956.623519999997 0.4008607316024082
31970.13584 0.40759907336594337
31983.648149999997 0.4140055448505503
31997.16047 0.4199868099648613
32010.67278 0.42566381388027796
32024.1851 0.4310027117896788
32037.69741 0.43597097505011895
32051.209730000002 0.44064982118398366
32064.72204 0.4450136862624289
32078.23435 0.44907574986776155
32091.74667 0.4528821689374126
32105.25898 0.4563854176328913
32118.7713 0.4596365047785163
32132.283610000002 0.4626771700629318
32145.79593 0.465460811373009
32159.30824 0.46806011210913717
32172.82055 0.4704449872364288
32186.332870000002 0.4726329590765774
32199.845180000004 0.4746553286705346
32213.357500000002 0.4765220294925223
32226.86981 0.4782418066402677
32240.382129999995 0.4798205549627545
32253.894439999996 0.4812731181840406
32267.406759999998 0.4825867515710866
32280.91907 0.4837746466929665
32294.43138 0.48489340361008093
32307.9437 0.48592270930990245
32321.45601 0.48683188312197434
32334.968330000003 0.48770132856988013
32348.480639999998 0.4884928705761616
32361.992959999996 0.48919411840713334
32375.505269999998 0.48985707147667246
32389.01759 0.49046851177677303
32402.5299 0.49096442667639695
32416.042210000003 0.49146718975859516
32429.55453 0.49192226731571675
32443.06684 0.4922886484170125
32456.579160000005 0.49267496811011535
32470.091470000003 0.4929556576616507
32483.60379 0.49326388933310794
32497.1161 0.493515425536515
32510.62841 0.4936783374641862
32524.14073 0.4938996218648357
32537.653039999997 0.494119525268479
32551.16536 0.4942389028267774
32564.67767 0.49442206441560455
32578.18999 0.4945830738454777
32591.7023 0.49467856347201866
32605.214620000002 0.4948338576070077
32618.72693 0.4949675287768217
32632.23924 0.49502148771012666
32645.751559999997 0.49514007088020995
32659.26387 0.495268899082638
32672.77619 0.49533059827957926
32686.288500000002 0.49547363820575707
32699.80082 0.49561698599609627
32713.313130000002 0.49572270113525085
32726.825439999997 0.495881520840483
32740.33776 0.4959913789811955
32753.850069999997 0.4961692623499957
32767.36239 0.4963656995422224
32780.8747 0.4965335457968594
32794.387019999995 0.49675707666873525
32807.89933 0.4969908921865972
32821.41165 0.49718763320344006
32834.92396 0.49742927572759177
32848.436270000006 0.4976686208152134
32861.94859 0.4979166162527685
32875.4609 0.4981819593143787
32888.97322 0.49845425611484406
32902.48553 0.4987327293449587
32915.99785 0.4990206389364407
32929.51016 0.4993100698337103
32943.02247 0.4996075887364442
32956.534790000005 0.4998898102896878
32970.047099999996 0.5001917453654763
32983.559420000005 0.5004818804384279
32997.071729999996 0.5007515070276113
33010.58405 0.5010485862004916
33024.096359999996 0.501287204347264
33037.60868 0.5015299622667524
33051.12099 0.5018436677921735
33064.6333 0.5020656044081986
33078.145619999996 0.5022839054786477
33091.65793 0.5025800876652224
33105.17025 0.5027880950925395
33118.68256 0.5029925852685341
33132.19488 0.503322665045385
33145.70719 0.5035311250181196
33159.21951 0.5037313262833953
33172.73182 0.5040664191371872
33186.24413 0.5042597927674171
33199.75645 0.5044545956473737
33213.26876 0.5047956420098698
33226.78108 0.5049990670484513
33240.29339 0.5053756677315606
33253.80571 0.5056073525473048
33267.31802 0.5058526781927186
33280.83033 0.506275662052227
33294.34265 0.5065244746148311
33307.85496 0.5067616680711582
33321.36728 0.5071778176063579
33334.879590000004 0.5074394771269772
33348.39191 0.5077296999293446
33361.904220000004 0.508208322673469
33375.416540000006 0.5085145777168731
33388.928850000004 0.5088404328905932
33402.44116 0.5093612006869042
33415.95348 0.5097119487456367
33429.46579 0.5100544184975997
33442.978110000004 0.5106091682692036
33456.490419999995 0.5109953966489903
33470.00274 0.5115886671659653
33483.51505 0.5120014137720558
33497.02736 0.5124164345061047
33510.53968 0.513034979929001
33524.05199 0.513461321039753
33537.56431 0.513897812620717
33551.07662 0.514508786859419
33564.588939999994 0.5149312866767073
33578.10125 0.5153547221284566
33591.61357 0.5159572443037196
33605.12588 0.5163861547392699
33618.638190000005 0.5167919690281775
33632.15051 0.5173512236267097
33645.66282 0.5177191777413187
33659.17514000001 0.5180741652510501
33672.68745 0.5185807710159158
33686.19977 0.5189135029513371
33699.71208 0.5192386091823388
33713.22439 0.5196996762907276
33726.73671 0.5199971904641447
33740.24902 0.5204114139884146
33753.761340000005 0.5206662691648349
33767.27365 0.5209055198290995
33780.78597 0.5212608396287983
33794.298279999995 0.5214823520487725
33807.8106 0.5216979766746851
33821.32291 0.5220323507916493
33834.83522 0.5222496213833296
33848.34754 0.5224734007659506
33861.85985 0.5227920690392376
33875.37217 0.5229946851255589
33888.88448 0.5232017739057071
33902.3968 0.5234958960907273
33915.90911 0.5237061365202325
33929.42143 0.5239212227444028
33942.93373999999 0.5242231356598717
33956.44605 0.5244458523671641
33969.95837 0.5246629416961902
33983.47068 0.524959477785713
33996.983 0.5251918144171389
34010.49531 0.5255244688025833
34024.00763 0.5258047963286152
34037.519940000006 0.5260940850472762
34051.03225 0.526463283923934
34064.54457 0.5267830867846374
34078.05688 0.5271284674772753
34091.5692 0.5275444220868762
34105.08151 0.5279116296643993
34118.59383 0.5282924885581868
34132.10614 0.5287332659829466
34145.618460000005 0.5291283385038482
34159.13077 0.5295211660819825
34172.643079999994 0.5299698326165421
34186.155399999996 0.5303714969936447
34199.66771 0.5307640950653629
34213.180029999996 0.5311906296856456
34226.69234 0.5315557050376589
34240.20466 0.5319575873660429
34253.71697 0.5322857972595192
34267.22928 0.5325935413501035
34280.7416 0.5329540803369649
34294.25391 0.5332452624890847
34307.76623 0.533554055034348
34321.27854 0.5339555613468593
34334.79086 0.5342862646547553
34348.30317 0.5345418949692831
34361.81549 0.5347450749278011
34375.3278 0.5347954350625732
34388.840110000005 0.5348199976255223
34402.35243 0.5348925649462299
34415.864740000005 0.5348762278624895
34429.377060000006 0.5348392087666086
34442.88937 0.534854200581472
34456.40169 0.5347808189108996
34469.914 0.5346786408056787
34483.42631 0.5346449258546176
34496.93863 0.5345316747999889
34510.45094 0.5345043886733338
34523.963260000004 0.5344029031049891
34537.47557 0.5343073177958043
34550.98789 0.5343279026167002
34564.5002 0.5342947216143101
34578.012520000004 0.5342993499240726
34591.52483 0.5344420149058051
34605.03714 0.53452550562207
34618.54946 0.5346651511566491
34632.06177 0.5349681237339377
34645.57409 0.5352375517035053
34659.0864 0.5355855633164759
34672.59872 0.5361083288004169
34686.11103 0.5366098913338939
34699.62335 0.5371871865227132
34713.13566 0.5379620097197646
34726.64797 0.5387160223137206
34740.16029 0.5396380078157526
34753.6726 0.540517431840061
34767.18492 0.5414472176590378
34780.69723 0.5425301750617729
34794.20955 0.5435422784211986
34807.721860000005 0.5445570964671679
34821.234169999996 0.5456797167833847
34834.746490000005 0.5466468980896513
34848.258799999996 0.5475433429394685
34861.77112 0.5484522202473692
34875.28343 0.5491027926070126
34888.79575 0.5495850646174377
34902.30806 0.5499211651313874
34915.820380000005 0.5498783709899784
34929.332689999996 0.5495378232195322
34942.845 0.5489385105101088
34956.35732 0.5478503437524915
34969.86963 0.5462981674046684
34983.381949999995 0.5443299386845193
34996.89426 0.5416831113192792
35010.40658 0.538507750011593
35023.91889 0.5346234747270016
35037.4312 0.5300845227637743
35050.94352 0.5249400070141298
35064.45583 0.5190355541648161
35077.96815 0.5124090607570783
35091.48046 0.5050705879298434
35104.99278 0.4969529918520692
35118.50509 0.4881403795763233
35132.01741 0.47878477451555135
35145.52972 0.46880300800321595
35159.04203 0.4583572317886595
35172.55435 0.4475755712024907
35186.066660000004 0.4362900842813319
35199.57898 0.4246133917253524
35213.091290000004 0.41265581385845457
35226.603610000006 0.4004102957658379
35240.11592 0.3880424533056481
35253.62824 0.3755292277587534
35267.14055 0.3630061839657886
35280.65286 0.3505396015652562
35294.16518 0.3380985299518747
35307.67749 0.32582685114635396
35321.18981 0.3137797809939587
35334.70212 0.30193772056285567
35348.21444 0.29036508498249725
35361.72675 0.2791061671185233
35375.23906 0.2681553716034252
35388.75138 0.2575204544952056
35402.26369 0.24724795463195245
35415.776009999994 0.23731329187157682
35429.28832 0.22772343517159066
35442.80064 0.21852158319379816
35456.31295 0.20965398152808903
35469.82527 0.2011338285137136
35483.33758 0.19297725424737255
35496.84989 0.18512310107328406
35510.36221 0.17761880513781686
35523.87452 0.17041232807531037
35537.38684 0.16348845414424024
35550.89915 0.15687046483760475
35564.41147 0.1505018156795998
35577.923780000005 0.14439297199430862
35591.43609 0.13854382563409945
35604.948410000005 0.13290669771859898
35618.460719999995 0.12749683662549594
35631.97304 0.12229085382048521
35645.485349999995 0.1172629043743059
35658.99767 0.11242879708985597
35672.50998 0.10776372756137467
35686.0223 0.10326224608343507
35699.53461 0.09891660718022341
35713.04692 0.09471563617201026
35726.55924 0.09065396773537038
35740.07155 0.08672466848988827
35753.58387 0.08292039984865893
35767.09618 0.07924645942266195
35780.6085 0.0756806032339297
35794.12081 0.07222813420212323
35807.63312 0.06888242697033838
35821.14544 0.06564778311861966
35834.65775 0.06252734659440744
35848.17007 0.05950449823776745
35861.682380000006 0.05658998389464262
35875.1947 0.053774585693158725
35888.70701 0.05105338070591006
35902.21932999999 0.048446673888402556
35915.73164 0.04593170683130827
35929.24395 0.043513048228317655
35942.75627 0.04120584058080957
35956.26858 0.038981204555607746
35969.7809 0.03685799531720324
35983.29321 0.03483806401505349
35996.805530000005 0.03289950933812966
36010.317839999996 0.031060250203083575
36023.83016 0.0293047154769175
36037.342469999996 0.027637589681343257
36050.85478 0.026063443636803997
36064.3671 0.024561642617311745
36077.87941 0.0231473930542426
36091.39173 0.021815579600218158
36104.90404 0.020545260193299393
36118.41636 0.01935730450459165
36131.92867 0.01823925448073776
36145.44098 0.01718403130775841
36158.9533 0.016197084454275847
36172.46561 0.01526468413728084
36185.97793 0.014391393070628781
36199.49024 0.01357313672376204
36213.00256 0.012798148005424868
36226.51487 0.012075004483241683
36240.02719 0.011396519700195569
36253.5395 0.010760002180586689
36267.05181 0.010172255477205301
36280.56413 0.009610169829241719
36294.07644 0.009081719572007181
36307.58876 0.008595608079677061
36321.10107 0.00813472794749301
36334.61339 0.0077072469351332894
36348.125700000004 0.007306457340438275
36361.63801 0.006924183830179651
36375.150330000004 0.006568313525362746
36388.662639999995 0.006233906000250698
36402.17496 0.00592635572065408
36415.687269999995 0.005642099504029146
36429.19959 0.005364293398189231
36442.7119 0.005105317501506876
36456.22422 0.00486591306089733
36469.73653 0.004636093365946387
36483.24884 0.0044255310284663976
36496.76116 0.004224093037155044
36510.27347 0.004030688975333038
36523.78579 0.0038571391519254716
36537.2981 0.0036883132283324254
36550.81042 0.003530524380327907
36564.32273 0.0033874033386312088
36577.835040000005 0.003243997990532799
36591.34736 0.0031123460569839607
36604.85967 0.0029931595700780278
36618.37199 0.0028760732047644674
36631.8843 0.002767997402034901
36645.39662 0.00266268787647437
36658.90893 0.0025601159755158152
36672.42125 0.00246886604905898
36685.93356 0.0023789615673085115
36699.445869999996 0.0022940971228821777
36712.95819 0.0022186713398108272
36726.4705 0.0021411661555158965
36739.98282 0.0020680713385563118
36753.49513 0.0020001283544282327
36767.007450000005 0.00193101372809609
36780.51976 0.0018714840012982923
36794.032080000004 0.0018154855640485092
36807.544389999995 0.0017578757190744518
36821.0567 0.0017083948790949607
36834.56902 0.0016579344396243571
36848.08133 0.0016091190020412851
36861.59365 0.001568735643505856
36875.10596 0.0015190793975434695
36888.618279999995 0.0014691214528926566
36902.13059 0.001429940986411072
36915.6429 0.001390963210904986
36929.15522 0.0013559888822812977
36942.66753 0.001323112539114212
36956.17985 0.0012859115749014704
36969.69216 0.0012534805431485495
36983.20448 0.0012214295965219182
36996.71679 0.0011856617334465463
37010.22911 0.0011550093530439203
37023.74142 0.001124448488579368
37037.253730000004 0.001093108727724369
37050.766050000006 0.0010663091154867938
37064.278360000004 0.0010381839083729947
37077.79068 0.0010111393251078637
37091.30299 0.0009864904708543438
37104.81531 0.0009572265448081515
37118.32762 0.0009289353461343069
37131.83993 0.000902781217816113
37145.35225 0.0008746871000972697
37158.86456 0.0008515713904607412
37172.37688 0.0008307201949049148
37185.889189999994 0.0008065359819163353
37199.401509999996 0.0007841544364875975
37212.91382 0.000761857960965948
37226.426139999996 0.0007394060877405449
37239.93845 0.0007186266004176277
37253.45076 0.0006937106544516598
37266.96308 0.0006693229817211824
37280.47539 0.0006492551777161471
37293.98771 0.0006260699964072331
37307.50002 0.0006038531346807409
37321.01234 0.000584214119342751
37334.52465 0.0005613485942188008
37348.03696 0.0005413659352147986
37361.54928 0.0005228641864734758
37375.06159 0.0005004923316009914
37388.57391 0.00048238458477560195
37402.08622 0.00046542494281092263
37415.59854 0.0004435031773906567
37429.110850000005 0.0004241223708024507
37442.62317 0.0004057922444765798
37456.13548 0.0003868815585124309
37469.647789999995 0.00037218476287766063
37483.16011 0.0003550708099160429
37496.67242 0.00033625735093129245
37510.18474 0.0003229913781717845
37523.69705 0.0003085716387579682
37537.209370000004 0.0002934038228689798
37550.72168 0.00028184317199965523
37564.234000000004 0.0002663589549042624
37577.74631 0.0002502394806327088
37591.25862 0.00023981891016964735
37604.770939999995 0.00022809563254140756
37618.28325 0.0002160120876697804
37631.79557 0.0002065383701406384
37645.30788 0.00019548862186909345
37658.8202 0.00018632279756456975
37672.33251 0.00017935607844974684
37685.84482 0.0001685515037941742
37699.35714 0.0001587701048953148
37712.86945 0.00015247126223961384
37726.38177 0.00014485327423096684
37739.89408 0.00013908563549999275
37753.4064 0.0001350400039071268
37766.91871 0.00012779236383085455
37780.43103 0.00012138285368402547
37793.94334 0.00011387608340140822
37807.45565 0.00010609852780149527
37820.967970000005 0.00010299928694473628
37834.480279999996 0.0001022924010760715
37847.9926 9.876070626335544e-05
37861.504909999996 9.580141064893517e-05
37875.01723 9.284307238946726e-05
37888.529539999996 8.739753713764411e-05
37902.04185 8.474578703747533e-05
37915.55417 8.267028150540161e-05
37929.06648 7.691433748449947e-05
37942.5788 7.415303663143566e-05
37956.09111 7.375591037746046e-05
37969.60343 7.12329240799399e-05
37983.11574 7.256755119554333e-05
37996.628059999995 7.419136362655319e-05
38010.14037 7.063173560938667e-05
38023.65268 6.938691445057356e-05
38037.165 6.831589523569552e-05
38050.67731000001 6.586201286958834e-05
38064.18963 6.726545174991016e-05
38077.70194 6.571007211264397e-05
38091.21426 6.0320198638981584e-05
38104.72657 5.963675672071568e-05
38118.23889 5.934397799190381e-05
38131.7512 5.673981454893721e-05
38145.26351 5.528289210059752e-05
38158.77583 5.330954157169366e-05
38172.28814 5.0932670491726504e-05
38185.80046 5.047773833979669e-05
38199.312770000004 4.997940118474376e-05
38212.82509 4.88912212191777e-05
38226.337400000004 4.896028543370261e-05
38239.849709999995 5.011297657134391e-05
38253.36203 5.0341401010805384e-05
38266.87434 5.222872186022348e-05
38280.38666 5.37244983427682e-05
38293.89897 5.267237878090986e-05
38307.411290000004 5.219054836386077e-05
38320.9236 5.168087122993892e-05
38334.43592 5.036966217576025e-05
38347.94823 5.276505423099667e-05
38361.46054 5.303047948387514e-05
38374.972859999994 4.727813123291316e-05
38388.48517 4.43814798716102e-05
38401.99749 4.415877782642898e-05
38415.5098 4.334285745139929e-05
38429.02212 4.583651186459132e-05
38442.53443 4.51191963607792e-05
38456.04674 4.1384791062999586e-05
38469.55906 4.0703063982800144e-05
38483.07137 3.993024372927557e-05
38496.58369 3.8953560009930726e-05
38510.096 4.046143500089168e-05
38523.60832 4.247201355901823e-05
38537.120630000005 3.901539679604245e-05
38550.63295 3.863713049343178e-05
38564.14526 4.055810271618026e-05
38577.65757 4.067889283660046e-05
38591.16989 4.018297781322297e-05
38604.6822 4.097947513213027e-05
38618.194520000005 3.7353209192509174e-05
38631.706829999996 3.748671206074248e-05
38645.21915 4.0675499237739886e-05
38658.731459999995 4.027352732909887e-05
38672.24377 4.006271623867215e-05
38685.75609 4.087290320825257e-05
38699.2684 3.944454162684912e-05
38712.78072 3.839769278825071e-05
38726.29303 3.8348752031315855e-05
38739.80535 3.687743875056274e-05
38753.31766 3.650382295328301e-05
38766.82998 3.715305067749459e-05
38780.34229 3.498979337450826e-05
38793.8546 3.2515171493566685e-05
38807.36692 3.5091140192618866e-05
38820.87923 3.74163661238638e-05
38834.39155 3.644148259420803e-05
38847.90386 3.5482017145725605e-05
38861.41618 3.25293569196226e-05
38874.92849 2.9237670181597363e-05
38888.44081 2.8633180265999307e-05
38901.95312 3.0173699525330873e-05
38915.465430000004 3.219566302128517e-05
38928.97775 3.5768407413997254e-05
38942.49006 3.998929475273641e-05
38956.00238 4.063778892497615e-05
38969.51469 4.079887114276586e-05
38983.02701 3.9808489785281325e-05
38996.53932 3.716569644399178e-05
39010.05163 0.0
39023.56394 0.0
