15985.000000000002 0.0
15995.000000000002 0.0
16005.0 5.53096882470032e-07
16015.0 8.055400357813703e-07
16025.0 4.781420465597145e-07
16035.0 1.043454356166427e-06
16045.0 2.0595068611164888e-06
16055.0 3.982555980601051e-08
16065.0 9.68516789099436e-07
16075.0 1.408395437021432e-06
16085.0 3.095262249853538e-07
16095.0 1.3904549219460578e-06
16105.0 1.3647834208443585e-06
16115.0 1.0976189312444317e-06
16125.0 2.9613051106696715e-06
16135.0 1.2659769669118269e-06
16145.0 2.2462358947505323e-06
16155.0 1.2931475723937263e-06
16165.0 2.592984358106779e-06
16175.0 2.600310065913156e-06
16185.0 2.6321685164557144e-06
16195.0 1.1638780818354646e-06
16205.0 2.993635313989993e-06
16215.0 1.4536443240353304e-06
16225.0 3.273249301444153e-06
16235.0 4.092666071250833e-06
16245.0 3.858519442958139e-06
16255.0 5.570213665028594e-06
16265.0 5.473536456390956e-06
16275.0 4.250161664496932e-06
16285.0 6.596960936741937e-06
16295.0 8.175567406074513e-06
16305.0 8.335439385982379e-06
16315.0 9.042588613267649e-06
16325.0 7.848312600690787e-06
16335.0 1.0236827315648875e-05
16345.0 9.387757168578524e-06
16355.0 1.1912233057307453e-05
16365.0 1.2287614682306014e-05
16375.0 1.3319027872550417e-05
16385.0 1.5200879075480229e-05
16395.0 1.6254888186401394e-05
16405.0 1.4384699033596949e-05
16415.0 1.831472406687674e-05
16425.0 1.8133272521718358e-05
16435.0 2.0847837770820184e-05
16445.0 2.193160854108765e-05
16455.0 2.4579820213303007e-05
16465.0 2.572787347417256e-05
16475.0 2.661367741400687e-05
16485.0 2.668373879138744e-05
16495.0 2.9184297480027682e-05
16505.0 3.0188351491895133e-05
16515.0 3.2984492119894905e-05
16525.0 3.5538496761950556e-05
16535.0 4.059578021992442e-05
16545.0 4.405957288691421e-05
16555.0 4.32691743160237e-05
16565.0 4.793468612603888e-05
16575.0 5.608476806769402e-05
16585.0 6.0504114651644775e-05
16595.0 6.65461288236885e-05
16605.0 7.580850881787106e-05
16615.0 8.447375610037647e-05
16625.0 9.573491093048386e-05
16635.0 0.00010949643128472551
16645.0 0.00012446356757968313
16655.0 0.00014447239115921736
16665.0 0.00016420268352533335
16675.0 0.00019481379908038019
16685.0 0.0002234312258524412
16695.0 0.000257009634718641
16705.0 0.00029729335333069084
16715.0 0.0003397526006770236
16725.0 0.0003883809687537374
16735.0 0.0004412747928603328
16745.0 0.0005082552064736132
16755.0 0.0005835728904765535
16765.0 0.0006622170318421776
16775.0 0.0007452175175525937
16785.0 0.0008190104639687801
16795.0 0.0009338848847434714
16805.0 0.0010476520086959789
16815.0 0.0011746372894188672
16825.0 0.0013115478871221031
16835.0 0.001449676283571568
16845.0 0.001612998353963328
16855.0 0.001768201116234896
16865.0 0.0019789624505428
16875.0 0.0021732778307051817
16885.0 0.0023992065261545788
16895.0 0.002724936604331033
16905.0 0.00299348097916112
16915.0 0.0033797671820795135
16925.0 0.003767010503069319
16935.0 0.0042855336672892085
16945.0 0.004926247404972094
16955.0 0.0055239494558096255
16965.0 0.0064429338975342245
16975.0 0.007708758686116723
16985.0 0.009116097860623711
16995.0 0.0110526643155592
17005.0 0.012897440435965817
17015.0 0.015670958302152156
17025.0 0.01906402519932788
17035.0 0.0226385236481419
17045.0 0.025487231690986635
17055.0 0.027995757419743913
17065.0 0.031163051429799922
17075.0 0.03426312693679458
17085.0 0.038630947832070196
17095.0 0.044303029230757136
17105.0 0.04769481229071493
17115.0 0.05606763605239304
17125.0 0.06261965182267215
17135.0 0.07399646286014107
17145.0 0.08365966893971541
17155.0 0.10105679109912778
17165.0 0.11866231043749302
17175.0 0.1408297207168832
17185.0 0.1687580985467127
17195.0 0.18863572264928413
17205.0 0.2209048733545969
17215.0 0.25197971976986955
17225.0 0.2854002225908285
17235.0 0.3118683579978398
17245.0 0.329739174070505
17255.0 0.35565581206289304
17265.0 0.3645026794188462
17275.0 0.37055352846125644
17285.0 0.3802864162498434
17295.0 0.3864344473492862
17305.0 0.38605928193504946
17315.0 0.4020832181183927
17325.0 0.4051120805987521
17335.0 0.4114906073783172
17345.0 0.4195418057988782
17355.0 0.4274495935739899
17365.0 0.43634477717071873
17375.0 0.4498866887464717
17385.0 0.4502579696624312
17395.0 0.4582146212885679
17405.0 0.4666878925671111
17415.0 0.46641120117501067
17425.0 0.47846537379402637
17435.0 0.4828665032667534
17445.0 0.4754535683257367
17455.0 0.48539603387530295
17465.0 0.48331258914167924
17475.0 0.4810798686038834
17485.0 0.4807132877704191
17495.0 0.47364966814010845
17505.0 0.49448528918216705
17515.0 0.4824065934328179
17525.0 0.48443427957421514
17535.0 0.4822885350649262
17545.0 0.48388297598495844
17555.0 0.4837646911324259
17565.0 0.49269616012998885
17575.0 0.48954584551528413
17585.0 0.49140944258286956
17595.0 0.4874227966995025
17605.0 0.4910174738835922
17615.0 0.4954889660762359
17625.0 0.4944050847779729
17635.0 0.4934180558448814
17645.0 0.4855673348242449
17655.0 0.49124490894778633
17665.0 0.4985312194050915
17675.0 0.49581766477723266
17685.0 0.4947453100571145
17695.0 0.4867753341882515
17705.0 0.4909231195016577
17715.0 0.4967778525904265
17725.0 0.48970900533362166
17735.0 0.48285820805684354
17745.0 0.4875277497752618
17755.0 0.4862506473407751
17765.0 0.4803627892281854
17775.0 0.4925574189628573
17785.0 0.47695140085292065
17795.0 0.48726644270091407
17805.0 0.4857055021786371
17815.0 0.48121684658947445
17825.0 0.4779753786431223
17835.0 0.4826730904470622
17845.0 0.4848850509635437
17855.0 0.48061937732352
17865.0 0.4735457753520491
17875.0 0.47542820876114816
17885.0 0.48195691630730914
17895.0 0.47246390587393744
17905.0 0.4727641365356918
17915.0 0.47127856164144577
17925.0 0.4733023658537272
17935.0 0.473396495802451
17945.0 0.46398690748825794
17955.0 0.4745617228243559
17965.0 0.4714413073065864
17975.0 0.46687148592977645
17985.0 0.4655941715291982
17995.0 0.47218265650885766
18005.0 0.472165468051299
18015.0 0.47164594628211143
18025.0 0.47808873911670674
18035.0 0.4746656571490792
18045.0 0.4666070664404448
18055.0 0.47235195087714194
18065.0 0.48030947613173225
18075.0 0.49010484177364816
18085.0 0.4822796389450895
18095.0 0.4853651200702356
18105.0 0.488736542235046
18115.0 0.4899629540591687
18125.0 0.4845461835445227
18135.0 0.4942344880569762
18145.0 0.48522174897805787
18155.0 0.49378266206469623
18165.0 0.4958599914987475
18175.0 0.49744450927501505
18185.0 0.49303366250729697
18195.0 0.5064354534979694
18205.0 0.49780875442860995
18215.0 0.49756752064774457
18225.0 0.49912959343169805
18235.0 0.5018301407178454
18245.0 0.4991004446506172
18255.0 0.4986420987754381
18265.0 0.5052240710834364
18275.0 0.4985492394745391
18285.0 0.49858834576970223
18295.0 0.49674456316357996
18305.0 0.4954752944606439
18315.0 0.5118430504370141
18325.0 0.49704668841912264
18335.0 0.49409592063444746
18345.0 0.5036741193944743
18355.0 0.4940772271337532
18365.0 0.4988352035878749
18375.0 0.4978962132396916
18385.0 0.49153258788254567
18395.0 0.4941091534057655
18405.0 0.49607386003899867
18415.0 0.49009644370695565
18425.0 0.491086642827963
18435.0 0.4966984214052902
18445.0 0.4866105845913748
18455.0 0.4915126950993153
18465.0 0.4799925415531782
18475.0 0.4911334072902406
18485.0 0.4832076950533857
18495.0 0.484703836621349
18505.0 0.4834836636622518
18515.0 0.481189618470739
18525.0 0.4787546304713135
18535.0 0.47994047999225653
18545.0 0.4744356424311789
18555.0 0.4757295220822159
18565.0 0.4800864906097866
18575.0 0.4780164920275707
18585.0 0.4800057905689113
18595.0 0.4816185876266462
18605.0 0.4785902113084833
18615.0 0.47881290524990616
18625.0 0.47919802873877665
18635.0 0.4785065254593225
18645.0 0.483931162599266
18655.0 0.4836316159259589
18665.0 0.48816030003191185
18675.0 0.48925419941425186
18685.0 0.49143052799780795
18695.0 0.4945416665169024
18705.0 0.49678163649575385
18715.0 0.49182223700501027
18725.0 0.49838814216792887
18735.0 0.5007792817892296
18745.0 0.5067445812092829
18755.0 0.5087189236226618
18765.0 0.49800402540545535
18775.0 0.5114625008255081
18785.0 0.5039810370189735
18795.0 0.5082351337164469
18805.0 0.505162752225029
18815.0 0.5081588582290422
18825.0 0.5075004762311895
18835.0 0.5068392682183138
18845.0 0.5097748433682583
18855.0 0.5055693275145134
18865.0 0.505403801666268
18875.0 0.5117767600806981
18885.0 0.5042546878602231
18895.0 0.5070241573577675
18905.0 0.503024482848623
18915.0 0.5019880660170187
18925.0 0.5094586815530789
18935.0 0.4993198053178612
18945.0 0.4997736043858647
18955.0 0.5010686176333119
18965.0 0.4981835265741152
18975.0 0.5026970827515785
18985.0 0.4969734416793968
18995.0 0.491935954875085
19005.0 0.4953684063586338
19015.0 0.49610118633187883
19025.0 0.49215079757922303
19035.0 0.48440084769966535
19045.0 0.4940625439153785
19055.0 0.4854605620336184
19065.0 0.4885026303278173
19075.0 0.48187236778585957
19085.0 0.4914371985902869
19095.0 0.489575750563546
19105.0 0.483423072509955
19115.0 0.4895618847045628
19125.0 0.48222461903807545
19135.0 0.48357570888386003
19145.0 0.48196783493938256
19155.0 0.48670755783453495
19165.0 0.4900441279740984
19175.0 0.4866126485759596
19185.0 0.4847280928722268
19195.0 0.49012420131351736
19205.0 0.48363632731105444
19215.0 0.4958507401935134
19225.0 0.4903045582676762
19235.0 0.4914373736970093
19245.0 0.49171110064974954
19255.0 0.4974417357946051
19265.0 0.49454618957535434
19275.0 0.4986158878922084
19285.0 0.4998446292712766
19295.0 0.5052706894107032
19305.0 0.49846753309679737
19315.0 0.5070265895687082
19325.0 0.49256826920209346
19335.0 0.5081877247666198
19345.0 0.5092903040377968
19355.0 0.4982954645052443
19365.0 0.5057636230628282
19375.0 0.49862811399972845
19385.0 0.5088508728106932
19395.0 0.5057835183495153
19405.0 0.5016475375096793
19415.0 0.5053902273974132
19425.0 0.498318604210817
19435.0 0.5108641900977194
19445.0 0.5064477578084803
19455.0 0.5125544890130687
19465.0 0.5079762800623495
19475.0 0.5044514567603199
19485.0 0.5098863172400933
19495.0 0.5071173157313824
19505.0 0.5025470048567678
19515.0 0.5125644915304591
19525.0 0.5055629478563443
19535.0 0.4953985273195578
19545.0 0.5016962977643831
19555.0 0.48984243950577
19565.0 0.4831309063394913
19575.0 0.46952175292200454
19585.0 0.4508483506821103
19595.0 0.44071740549332794
19605.0 0.4171329396227492
19615.0 0.4014308361401199
19625.0 0.38448005156388265
19635.0 0.3579067028816859
19645.0 0.33190272134300713
19655.0 0.3068439288983577
19665.0 0.2856812485055963
19675.0 0.2571204562458675
19685.0 0.23777072648726344
19695.0 0.21315407775815218
19705.0 0.19259179230418774
19715.0 0.173723881227128
19725.0 0.15615856771364112
19735.0 0.1422324379324038
19745.0 0.12633628864277202
19755.0 0.11380150928363428
19765.0 0.10660975652457844
19775.0 0.09358162766608341
19785.0 0.08678311338105471
19795.0 0.07822878359545807
19805.0 0.07077796922849139
19815.0 0.06362054975244007
19825.0 0.057330678075656595
19835.0 0.05007346888235214
19845.0 0.04556373628685302
19855.0 0.03998264390958567
19865.0 0.03471077420936586
19875.0 0.02964496532659172
19885.0 0.027009322995666822
19895.0 0.022787097895655823
19905.0 0.020668287349877405
19915.0 0.017726931131198154
19925.0 0.015530034138459896
19935.0 0.013495364417122629
19945.0 0.011723552439368994
19955.0 0.01026868072806021
19965.0 0.008682301733821778
19975.0 0.007980156089846648
19985.0 0.006709388933816403
19995.0 0.0060248495603333774
20005.0 0.005298200552143565
20015.0 0.004765935738164166
20025.0 0.004111492475329881
20035.0 0.0036599159979243774
20045.0 0.003272547375496334
20055.0 0.0028999372054115988
20065.0 0.002553141409993347
20075.0 0.002287477029825076
20085.0 0.0020140522710966374
20095.0 0.001851419110318631
20105.0 0.0016273778595860297
20115.0 0.001485340097816854
20125.0 0.0013360591891235336
20135.0 0.0011932348052108707
20145.0 0.0010829226063374423
20155.0 0.0009570856785010342
20165.0 0.000907334622000115
20175.0 0.0008257969437820538
20185.0 0.0007366856981524817
20195.0 0.0006638414552601904
20205.000000000004 0.0006217706708151082
20215.0 0.0005602658423994842
20225.0 0.0005186882014953004
20235.0 0.0004778778753233692
20245.000000000004 0.0004412278064068383
20255.0 0.0003950769418222309
20265.0 0.0003727548487463483
20275.0 0.0003413495905652977
20285.000000000004 0.00032092640363637055
20295.0 0.0002991000429323808
20305.0 0.0002807808981602243
20315.0 0.00025417674014812844
20325.000000000004 0.00024758584761859346
20335.0 0.00022524810094584022
20345.0 0.00021131908698878696
20355.0 0.00019330757210849029
20365.000000000004 0.00018703689387766608
20375.0 0.00016956271191605803
20385.0 0.00015734280741063587
20395.0 0.00014889149267397885
20405.000000000004 0.00014692474794494496
20415.0 0.00013923716191953053
20425.0 0.00012872919015214783
20435.0 0.00012058348264764343
20445.000000000004 0.00011641229893901831
20455.0 0.00010206488882030154
20465.0 9.486616283716771e-05
20475.0 8.929780456743252e-05
20485.000000000004 8.870010621082018e-05
20495.0 7.517794001383044e-05
20505.0 7.607355969608337e-05
20515.0 7.313073829081871e-05
20525.000000000004 6.314656034837311e-05
20535.0 5.799241340621594e-05
20545.0 6.233876877500123e-05
20555.0 5.046196423549168e-05
20565.000000000004 5.485828119605327e-05
20575.0 5.330542196908566e-05
20585.0 3.499913153248849e-05
20595.0 3.963655163587728e-05
20605.000000000004 4.2469984135547824e-05
20615.0 3.814678041334707e-05
20625.0 4.0406531625826713e-05
20635.0 3.816757047924403e-05
20644.999999999996 1.7335524854097804e-05
20655.0 3.300048478068585e-05
20665.0 3.0813294088927274e-05
20675.0 2.5552281841571798e-05
20684.999999999996 1.8695217719817804e-05
20695.0 2.2925012437253215e-05
20705.0 2.3516370739640088e-05
20715.0 2.227818463764286e-05
20724.999999999996 1.1916949364220925e-05
20735.0 1.5228838512546026e-05
20745.0 1.088433416024352e-05
20755.0 1.2947854386322177e-05
20764.999999999996 3.8080207903603126e-06
20775.0 1.7376895273778656e-05
20785.0 1.9085567408054702e-05
20795.0 1.3069211940318212e-05
20804.999999999996 3.543179915295084e-06
20815.0 1.0994887868260768e-05
20825.0 1.0422655052135374e-05
20835.0 1.1793775980683723e-05
20844.999999999996 8.587181581287921e-06
20855.0 9.313870711633853e-06
20865.0 9.287884586529041e-06
20875.0 1.8337620494923123e-06
20884.999999999996 4.214263891898715e-06
20895.0 1.5375686225329034e-05
20905.0 5.8832139210286075e-06
20915.0 6.699057101896836e-06
20924.999999999996 1.9561394687593987e-06
20935.0 1.0058368809573177e-05
20945.0 3.6556564509986186e-06
20955.0 2.9308079126512886e-06
20964.999999999996 6.516562486848714e-06
20975.0 6.118057610053312e-06
20985.0 5.315047287430868e-11
20995.0 1.0001494929601157e-05
21004.999999999996 2.4428672052364652e-06
21014.999999999996 0.0
21024.999999999996 0.0
