36469.73654 0.0
36483.24885 0.0
36496.76116 2.5899297454944252e-05
36510.27347 2.6266868462690345e-05
36523.78579 2.6631855820476027e-05
36537.2981 2.6676613696321253e-05
36550.81042 2.6576302891445213e-05
36564.32273 2.6568415044309536e-05
36577.835040000005 2.6591979420610745e-05
36591.34736 2.6853719816108115e-05
36604.85967 2.7328924657406147e-05
36618.37199 2.777051305515431e-05
36631.8843 2.831233789157703e-05
36645.39662 2.8923002516059756e-05
36658.90893 2.9693659523867372e-05
36672.42125 3.065236990811363e-05
36685.93356 3.151762228537799e-05
36699.445869999996 3.212324238630335e-05
36712.95819 3.2735889047862263e-05
36726.4705 3.358573355403738e-05
36739.98282 3.463678446133432e-05
36753.49513 3.5743222730920296e-05
36767.007450000005 3.690389963974405e-05
36780.51976 3.815159310758744e-05
36794.032080000004 3.944274029119815e-05
36807.544389999995 4.092871284221411e-05
36821.0567 4.229303934311348e-05
36834.56902 4.313929174260988e-05
36848.08133 4.392637825684488e-05
36861.59365 4.493788185350445e-05
36875.10596 4.598461453960794e-05
36888.618279999995 4.7255175036556884e-05
36902.13059 4.881172711293888e-05
36915.6429 5.053191102654199e-05
36929.15522 5.279454161431466e-05
36942.66753 5.5534515574111176e-05
36956.17985 5.855242976724541e-05
36969.69216 6.204678037411512e-05
36983.20448 6.565439661763498e-05
36996.71679 6.90628332766111e-05
37010.22911 7.250533228881072e-05
37023.74142 7.605774423217291e-05
37037.253730000004 7.999239835824278e-05
37050.766050000006 8.420030525259833e-05
37064.278360000004 8.828637972825665e-05
37077.79068 9.239099081950706e-05
37091.30299 9.710048454816925e-05
37104.81531 0.00010251788007211777
37118.32762 0.00010842823904582079
37131.83993 0.00011465564254993315
37145.35225 0.0001211913226806171
37158.86456 0.000128674508532686
37172.37688 0.00013719815672497783
37185.889189999994 0.00014641374828206014
37199.401509999996 0.00015591954623517447
37212.91382 0.00016582704400648401
37226.426139999996 0.0001769385299154422
37239.93845 0.00018934435666641513
37253.45076 0.0002022169909525478
37266.96308 0.0002153501192777453
37280.47539 0.0002290272366170688
37293.98771 0.0002436589822839946
37307.50002 0.00026004451570588963
37321.01234 0.0002780386148336548
37334.52465 0.00029689105157241244
37348.03696 0.0003167869597743547
37361.54928 0.00033810199744364997
37375.06159 0.00036105204511232853
37388.57391 0.0003858484872365564
37402.08622 0.00041187132034711414
37415.59854 0.00043876595063742965
37429.110850000005 0.000467140313943377
37442.62317 0.0004971623449573266
37456.13548 0.0005289166109740653
37469.647789999995 0.0005627844180846749
37483.16011 0.0005986044527019912
37496.67242 0.0006366416839992653
37510.18474 0.0006776718129838106
37523.69705 0.0007212897626885347
37537.209370000004 0.0007672628468030769
37550.72168 0.0008158401333255494
37564.234000000004 0.0008669992278879071
37577.74631 0.0009212625560616149
37591.25862 0.0009788985527603975
37604.770939999995 0.001039357755587494
37618.28325 0.001102936126600917
37631.79557 0.0011701569957009357
37645.30788 0.0012408928475684123
37658.8202 0.0013155322003180361
37672.33251 0.0013943009998661565
37685.84482 0.0014769957928118002
37699.35714 0.001564238882477897
37712.86945 0.0016562043512144044
37726.38177 0.001752435185019143
37739.89408 0.0018535423503793507
37753.4064 0.001960025373927936
37766.91871 0.0020717492848194748
37780.43103 0.0021895937011044597
37793.94334 0.002313635547834398
37807.45565 0.0024440366035779135
37820.967970000005 0.002581681227838298
37834.480279999996 0.0027267768764920987
37847.9926 0.0028795818036445884
37861.504909999996 0.0030411064940463815
37875.01723 0.0032117869992792916
37888.529539999996 0.003392060949607074
37902.04185 0.003582863248418471
37915.55417 0.00378464265331369
37929.06648 0.003998356359397388
37942.5788 0.004225415390421116
37956.09111 0.004466348326311745
37969.60343 0.004722277315872755
37983.11574 0.0049949311328461345
37996.628059999995 0.005284944294891248
38010.14037 0.005593576269148113
38023.65268 0.005922792120578228
38037.165 0.006274219839451997
38050.67731000001 0.0066497899099513015
38064.18963 0.007051965118828128
38077.70194 0.007482303370894474
38091.21426 0.00794288686222775
38104.72657 0.008437266232920446
38118.23889 0.008967892581285348
38131.7512 0.00953739817230321
38145.26351 0.010150004074597098
38158.77583 0.010809218833669846
38172.28814 0.011519073823148363
38185.80046 0.01228537487661711
38199.312770000004 0.013112254946149319
38212.82509 0.014004596480363396
38226.337400000004 0.014970159422265285
38239.849709999995 0.016015017567789995
38253.36203 0.017144824966777432
38266.87434 0.01836856740390764
38280.38666 0.019692275486525322
38293.89897 0.021127320526467312
38307.411290000004 0.022683022062252804
38320.9236 0.02436835022136299
38334.43592 0.026197968193159477
38347.94823 0.028183392132799072
38361.46054 0.03033604209674012
38374.972859999994 0.03267448697583511
38388.48517 0.03521246656304537
38401.99749 0.037963276359103716
38415.5098 0.0409489736387446
38429.02212 0.044185263375399145
38442.53443 0.047686746132571706
38456.04674 0.05147970984266659
38469.55906 0.055581040429713
38483.07137 0.060006687503169495
38496.58369 0.06478585740129197
38510.096 0.06992858935101495
38523.60832 0.0754658156749023
38537.120630000005 0.08141270399089204
38550.63295 0.0877800796671937
38564.14526 0.09459649851283569
38577.65757 0.10186894463234622
38591.16989 0.10959770143748856
38604.6822 0.11780582991044164
38618.194520000005 0.12648980012969563
38631.706829999996 0.13563647303629
38645.21915 0.1452580186431799
38658.731459999995 0.15533414091926906
38672.24377 0.16583582500597172
38685.75609 0.17676259214118115
38699.2684 0.18807797556399952
38712.78072 0.19973036250184806
38726.29303 0.21170691433787067
38739.80535 0.22395182672585107
38753.31766 0.23640162352912303
38766.82998 0.24902747824119315
38780.34229 0.26174869239389076
38793.8546 0.27452858816927894
38807.36692 0.2872964782653253
38820.87923 0.29998236219964136
38834.39155 0.31255292592249206
38847.90386 0.3249375376152234
38861.41618 0.3370738920248332
38874.92849 0.34894163220936103
38888.44081 0.36048274577561507
38901.95312 0.371655780383324
38915.465430000004 0.3824502462569642
38928.97775 0.39283064311191207
38942.49006 0.40277179458783685
38956.00238 0.41228134024246377
38969.51469 0.42133560553463406
38983.02701 0.42992851125401993
38996.53932 0.43807694729115465
39010.051629999994 0.44577528396494925
39023.56395 0.4530379975773079
39037.07626 0.45988307401912965
39050.588579999996 0.46632858804343746
39064.10089 0.47238027541282646
39077.613209999996 0.4780687190047677
39091.12552 0.4834216045150517
39104.63784 0.4884386351307564
39118.15015 0.493154768170718
39131.66246 0.4975907548167782
39145.17478 0.5017306484160031
39158.68709 0.5056066355914597
39172.19941 0.509253083781855
39185.71172 0.5126449120858363
39199.22404 0.5158132069616006
39212.73635 0.5187991937183012
39226.24866 0.5215636477801541
39239.76098 0.5241391128229063
39253.273290000005 0.5265707445098642
39266.78561 0.5288106708962914
39280.29792 0.5309204773288103
39293.81024 0.5328569958637916
39307.32255 0.534646410267392
39320.83487 0.5363284270610273
39334.34718 0.5378552422107059
39347.85949 0.5392657441562331
39361.37181 0.5405978627951479
39374.88412 0.541791215852669
39388.396440000004 0.5428914471738286
39401.90875 0.5439364356313778
39415.421070000004 0.5448630876583651
39428.933379999995 0.5457157164633756
39442.44569 0.5465335933991963
39455.95801 0.5472432493119137
39469.47032 0.5478937316906425
39482.98264 0.5485291129189978
39496.49495 0.5490675815173954
39510.00727 0.5495957942523313
39523.51958000001 0.5500351456212988
39537.0319 0.5504315697347377
39550.54421 0.550842830775228
39564.05652 0.5511809389261368
39577.56884 0.5514901960520104
39591.08115 0.5518242112433454
39604.59347 0.5520976597687619
39618.10578 0.5523549059541297
39631.6181 0.5526394639695302
39645.13041 0.5528691643044976
39658.64273 0.5530841058122802
39672.15504 0.5533311129144157
39685.66735 0.5535284634827353
39699.17967 0.5537158584553074
39712.691979999996 0.5539537256086394
39726.2043 0.5541457623816126
39739.71661 0.5543367142980551
39753.22893 0.5545663690729736
39766.74124 0.5547507394097067
39780.25355 0.5549809358926481
39793.76587 0.5551596424373404
39807.278179999994 0.5553292201222659
39820.790499999996 0.5555359200628676
39834.30281 0.5556950607322931
39847.815129999995 0.5558509618188865
39861.32744 0.5560498898339366
39874.83976 0.5562054965087369
39888.35207 0.5563552586587717
39901.864380000006 0.5565491405616315
39915.3767 0.5567015892179856
39928.88901 0.5568496979512805
39942.40133 0.5570397188207474
39955.91364 0.5571902502352846
39969.42596 0.5573370947492791
39982.93827 0.5575200312059967
39996.45058 0.5576654597021531
40009.9629 0.5578110971860595
40023.47521 0.5579588013596521
40036.98753 0.5580875864139503
40050.499840000004 0.5582372507336303
40064.012160000006 0.5583620825380399
40077.52447 0.5584883594623811
40091.03679 0.5586399861551536
40104.5491 0.5587657578608741
40118.06141 0.5588912869559177
40131.573730000004 0.5590443512079354
40145.08604 0.5591708914757518
40158.598359999996 0.5592955210811019
40172.11067 0.5594444622313439
40185.62299 0.5595690118829626
40199.1353 0.5596888652991021
40212.64761 0.5598390931759327
40226.159929999994 0.5599694724427438
40239.67224 0.5600962494557528
40253.18456 0.5602513156750049
40266.69687 0.5603838200509105
40280.20919 0.5605426551010506
40293.72150000001 0.5606728501037268
40307.233819999994 0.5608045710866736
40320.74613 0.5609627571965474
40334.25844 0.5610864825335586
40347.77076 0.5612124650619525
40361.283070000005 0.5613699308820539
40374.79538999999 0.5614933953438855
40388.3077 0.5616165046794734
40401.82002 0.5617789923755119
40415.33233 0.5619059237865237
40428.84465 0.5620308574526502
40442.356960000005 0.5621978210704321
40455.869269999996 0.5623261257823178
40469.38159 0.5624506526806703
40482.893899999995 0.5626149856868454
40496.406220000004 0.5627393897494204
40509.91853 0.5628551917336593
40523.430850000004 0.563012998599665
40536.943159999995 0.5631276795681943
40550.45547 0.5632860191171924
40563.96779 0.5633942512703378
40577.4801 0.5635034754859753
40590.992419999995 0.5636654367243007
40604.50472999999 0.5637703172841857
40618.017049999995 0.5638773564975372
40631.52936 0.5640397853107504
40645.04168 0.5641411714677815
40658.55399 0.5642370190783752
40672.066300000006 0.5643916260905038
40685.57862000001 0.5644827300369515
40699.090930000006 0.5645649124659389
40712.60325 0.5647116197406097
40726.11556 0.5647922349574572
40739.62788 0.5648683279263513
40753.140190000006 0.5650106780638573
40766.6525 0.5650884075030578
40780.16482 0.5652334899559993
40793.67713 0.5653036373597369
40807.18945 0.5653757954633059
40820.70176 0.5655215271983902
40834.214080000005 0.5655866146784982
40847.726389999996 0.5656488257956571
40861.23871 0.5657905094697901
40874.75102 0.565849733914477
40888.26333 0.5659079262871971
40901.77565 0.5660492886608285
40915.28796 0.5661100733302963
40928.800279999996 0.5661678677381519
40942.31259 0.5663120884279198
40955.82491 0.5663773353471218
40969.33722 0.5664391290139432
40982.84953 0.5665880537482957
40996.36185000001 0.5666531264863475
41009.87416 0.5667200460664119
41023.38648 0.5668718795153154
41036.89878999999 0.5669377805647342
41050.411109999994 0.5670952857199338
41063.92342000001 0.5671601551910133
41077.43573999999 0.5672258080072634
41090.94805 0.5673883256319454
41104.46036 0.5674576625841532
41117.97268 0.5675202598408187
41131.484990000004 0.5676812446468561
41144.99731 0.5677501530125593
41158.509620000004 0.5678163413123742
41172.021940000006 0.567972999086555
41185.53425 0.5680392148031738
41199.04657 0.5681008350290913
41212.55888 0.568257367708026
41226.07119 0.5683210771823559
41239.583510000004 0.5683848194869141
41253.09582 0.5685367548601044
41266.608140000004 0.5685954012335557
41280.12045 0.5687498434486027
41293.632770000004 0.5688092902486573
41307.145079999995 0.5688663523291324
41320.65739 0.5690127084520663
41334.16971 0.5690676095044811
41347.68202 0.5691143028543131
41361.19434 0.569245816063244
41374.70664999999 0.569286280242131
41388.218969999994 0.5693212973588071
41401.73128000001 0.5694320547124141
41415.2436 0.5694472914213344
41428.75591 0.569460413387667
41442.26821999999 0.5695499235926313
41455.78053999999 0.5695546185754916
41469.292850000005 0.56955975269755
41482.80517 0.5696394379769247
41496.31748 0.5696316663571876
41509.8298 0.5696250061900634
41523.342110000005 0.5696902958753098
41536.854419999996 0.5696741416598905
41550.36674 0.5697229032437416
41563.879049999996 0.5696975902559449
41577.39136999999 0.5696655846388248
41590.90368 0.5696944016307459
41604.416000000005 0.569655235722857
41617.928309999996 0.5696212975371495
41631.44063 0.56964411313404
41644.95294 0.5695997814562637
41658.46525 0.5695561526277663
41671.97757 0.5695674072755226
41685.489879999994 0.5695104552989123
41699.0022 0.56945173494761
41712.51451 0.5694453007763882
41726.02683 0.5693849033000566
41739.53914 0.5693208206632698
41753.051459999995 0.5692976925028764
41766.56377000001 0.5692299865282475
41780.07608 0.5691960276852732
41793.5884 0.5691228699074105
41807.10071 0.5690514621980319
41820.61303 0.569013272221718
41834.125340000006 0.5689375666970611
41847.63765999999 0.5688648181173452
41861.14997 0.568822063155922
41874.66228 0.5687475373681057
41888.1746 0.5686708460130605
41901.686910000004 0.5686192538507888
41915.19923 0.5685363543726729
41928.711540000004 0.5684508368154845
41942.223860000006 0.5683861913331505
41955.73617 0.5683047296986745
41969.248490000005 0.5682232094804089
41982.7608 0.5681573228263258
41996.27311 0.5680822500808261
42009.785429999996 0.5680077097358884
42023.29774 0.5679439873829573
42036.81006 0.567870834674707
42050.32237 0.5678108860984925
42063.83469 0.5677425120593628
42077.346999999994 0.5676749066800293
42090.85931 0.5676146138855922
42104.37163 0.5675586911837229
42117.88394 0.5675143707160102
42131.39626 0.567472605161093
42144.90856999999 0.5674322346997123
42158.420889999994 0.5673951575080215
42171.93320000001 0.5673565147047612
42185.44552 0.5673208275034994
42198.95783 0.5672892691833125
42212.47013999999 0.567244257484113
42225.98245999999 0.5672003932065237
42239.49477 0.5671597961020685
42253.00709 0.5671162134663374
42266.5194 0.5670738475085486
42280.03171999999 0.567022842645061
42293.544030000005 0.5669767631908564
42307.056339999996 0.5669300404970905
42320.56866 0.5668729484682943
42334.08097000001 0.5668173150332222
42347.593290000004 0.5667621361582658
42361.1056 0.5667004228959692
42374.617920000004 0.5666462026111729
42388.130229999995 0.5665987533255354
42401.64255 0.5665515923710278
42415.15486 0.5665052453227674
42428.66717 0.566463079074994
42442.17949 0.5664223974289446
42455.6918 0.5663904514785909
42469.20412000001 0.566356872508919
42482.71643 0.5663177688480654
42496.22875 0.5662835905251775
42509.74105999999 0.566237658333127
42523.253379999995 0.5661810582505364
42536.76569000001 0.5661277242166634
42550.278 0.5660740293815416
42563.79032 0.5660216079891911
42577.30263 0.5659687452565447
42590.81495 0.56591709011906
42604.327260000005 0.5658716967953199
42617.83958 0.5658345357293881
42631.35189 0.5657983697473297
42644.864199999996 0.5657605310081347
42658.37652 0.5657194229530247
42671.88883 0.5656763125601068
42685.40115 0.5656252928814451
42698.91346 0.5655716882939956
42712.425780000005 0.5655243101093463
42725.938089999996 0.5654661338566468
42739.450410000005 0.565406420390768
42752.962719999996 0.5653555934190948
42766.47503 0.5652938150798765
42779.987349999996 0.5652306858562821
42793.49966 0.5651809073585174
42807.01198 0.5651162153453859
42820.52429 0.5650579491252853
42834.03661 0.5649832610667814
42847.548919999994 0.5649064392032503
42861.06123 0.5648420814970052
42874.57355 0.5647559880800174
42888.08586 0.5646665652339289
42901.59818 0.5645949867951647
42915.11048999999 0.5645053689616957
42928.62280999999 0.5644129574541843
42942.135120000006 0.564341480358165
42955.64744 0.5642496802624317
42969.15975 0.5641568149013879
42982.672060000004 0.5640861491680045
42996.184380000006 0.5639925689312761
43009.69669 0.5638895544497042
43023.20901 0.5638053840307544
43036.72132 0.5636932272884289
43050.23363999999 0.5636075893490264
43063.745950000004 0.5634940222761126
43077.258259999995 0.563377766116764
43090.77058 0.5632883536976137
43104.28289000001 0.5631698904876218
43117.795210000004 0.5630479196262237
43131.30752 0.5629543471975649
43144.819840000004 0.5628308298336038
43158.332149999995 0.5627080462647438
43171.84447 0.5626151327205129
43185.35678 0.5624895122367359
43198.86909 0.5623631851410669
43212.38141 0.562283518518407
43225.89372000001 0.5621716402240919
43239.40604000001 0.5620569049997408
43252.91835 0.5619727678674216
43266.43067 0.5618555723954262
43279.94297999999 0.5617362350796868
43293.455299999994 0.561646797514439
43306.96761000001 0.5615201632380071
43320.47992 0.561420074269048
43333.99224 0.5612865661376538
43347.50455 0.5611515880586568
43361.01687 0.5610488437765189
43374.529180000005 0.5609138585902816
43388.0415 0.5607775982414941
43401.55381 0.5606693428240792
43415.066119999996 0.5605272181951864
43428.57844 0.5603813483320639
43442.09075 0.5602610454142984
43455.60307 0.5601064737442414
43469.11538 0.5599498179958248
43482.6277 0.5598170074244735
43496.14001 0.5596396710639551
43509.652330000004 0.5594536353268714
43523.16464 0.5592778463126067
43536.67695 0.5590837367878477
43550.189269999995 0.5588983934911731
43563.70158 0.5586951803089499
43577.2139 0.558488190483944
43590.72621 0.5582853911851013
43604.23853 0.558070129922497
43617.75083999999 0.557859680300957
43631.263150000006 0.5576512704010125
43644.77547000001 0.5574266923800264
43658.28778 0.5571950966290538
43671.8001 0.5569635955675372
43685.31240999999 0.5567195710826874
43698.82472999999 0.5564699473808131
43712.33704 0.5562138323325931
43725.84936 0.5559490448396986
43739.36167 0.5556790466444312
43752.873980000004 0.5554055547646475
43766.386300000006 0.5551248524891632
43779.89861 0.5548412519556827
43793.41093 0.5545515633430325
43806.92324 0.5542648087966944
43820.43555999999 0.5539747458821651
43833.94787 0.5536846840094791
43847.460179999995 0.553391338832945
43860.972499999996 0.553090891073404
43874.48481000001 0.5527931168515232
43887.99713 0.5524952724069485
43901.50944 0.5521881225967558
43915.02176 0.5518864146873335
43928.534069999994 0.5515857238146095
43942.046389999996 0.5512771634472379
43955.5587 0.5509808039025951
43969.07101 0.5506865738971589
43982.583329999994 0.5504566861883541
43996.09564000001 0.5502037572397237
44009.60796000001 0.5499533145340803
44023.12027 0.5497279744761876
44036.63259 0.549483407311262
44050.14489999999 0.5492636593266187
44063.657219999994 0.5490271867328266
44077.16953000001 0.5487953194285469
44090.68184 0.5485911558944412
44104.19416 0.5483713132630872
44117.70647 0.5481580173638432
44131.21879 0.5479698325691447
44144.731100000005 0.5477696590345489
44158.24342 0.5475749748889609
44171.755730000004 0.547404809186194
44185.268039999995 0.5472210621433115
44198.780360000004 0.5470417016020347
44212.292669999995 0.5468867978042553
44225.80499 0.5467185418201901
44239.3173 0.5465556393594844
44252.82962 0.5464136512099195
44266.34193 0.5462604899009389
44279.854250000004 0.5461103010622607
44293.36656 0.5459829147766146
44306.87887 0.5458364588771482
44320.391189999995 0.5457078874992584
44333.9035 0.545564426750732
44347.41582 0.545425959571735
44360.92813 0.5453088742960532
44374.44045 0.5451766946261505
44387.95275999999 0.5450471486400529
44401.465070000006 0.5449404620215033
44414.97739000001 0.5448234401306095
44428.4897 0.5447075458290882
44442.00202 0.5446149061769028
44455.51432999999 0.5444837169586556
44469.02665 0.5443547284718552
44482.53896 0.544228701986318
44496.05128 0.544100067099305
44509.56359 0.5439672366400237
44523.0759 0.5438405229058643
44536.588220000005 0.5437057187438998
44550.100529999996 0.543578445713881
44563.61285 0.5434423015989169
44577.125159999996 0.5433056518885696
44590.63747999999 0.543178948942739
44604.14979 0.5430407289096142
44617.662110000005 0.542905701547324
44631.174419999996 0.5427831136536383
44644.68673000001 0.5426472414353689
44658.19905 0.5425075705647909
44671.71136 0.5423839171450512
44685.22368 0.5422409040776133
44698.735989999994 0.5420964523925619
44712.24831000001 0.5419671866835163
44725.76062 0.5418163645578837
44739.27293 0.5416630302534495
44752.78524999999 0.5415296586558811
44766.297560000006 0.5413701858959139
44779.80988000001 0.5412060993368313
44793.32219 0.5410670006005738
44806.83451 0.5408969264063543
44820.34682 0.5407529196069863
44833.85914 0.5405743047132529
44847.371450000006 0.5403934819347843
44860.88376 0.5402401408669154
44874.39608 0.5400510499580427
44887.90839 0.5398584189943965
44901.42071 0.539698629814052
44914.933020000004 0.5394956206386894
44928.44534 0.53928692999335
44941.957650000004 0.5391143522675392
44955.469959999995 0.5388889371805541
44968.982280000004 0.5386613145779653
44982.494589999995 0.5384612018188413
44996.00691 0.5382232403159142
45009.51922 0.5379866919322672
45023.031539999996 0.5377869564018072
45036.54385 0.53754403643131
45050.05617 0.5373338813406188
45063.56848 0.5370807929577424
45077.08079000001 0.5368221064045315
45090.593109999994 0.5366015693738692
45104.10542 0.5363308080845111
45117.61774 0.5360560767366891
45131.13005 0.5358207391926499
45144.64237 0.5355379211277227
45158.15467999999 0.5352491525672805
45171.666990000005 0.5350025924946611
45185.17931 0.5347067005610617
45198.69162 0.5344056557934165
45212.20394 0.5341520259841104
45225.71625 0.5338433552561357
45239.22857 0.5335326101559081
45252.74088 0.5332655895852833
45266.2532 0.5329440306610574
45279.76551 0.5326162817593021
45293.27782 0.5323367282645457
45306.790140000005 0.5320006976656588
45320.302449999996 0.5317089205531327
45333.81477 0.5313634325323688
45347.32708 0.531015008828386
45360.839400000004 0.5307203993288987
45374.35171 0.5303701068130968
45387.864030000004 0.5300179683212989
45401.376339999995 0.529715151781825
45414.88865 0.5293608820903986
45428.40097 0.5290050801245791
45441.91328 0.5286959141129555
45455.425599999995 0.5283333369659273
45468.93791000001 0.5279668630613534
45482.45023000001 0.5276500752902146
45495.96254 0.5272824564132366
45509.47485 0.5269212481489154
45522.98716999999 0.5266095555911035
45536.499480000006 0.5262525819275236
45550.01180000001 0.5259417421040238
45563.52411 0.5255848858485486
45577.03643 0.5252319810607745
45590.54874 0.524923314628831
45604.06106 0.5245723070259569
45617.573370000006 0.5242177738424053
45631.08568 0.5239064842614842
45644.598 0.5235571342840347
45658.11031 0.5232094923371668
45671.62263 0.5229002707534587
45685.134939999996 0.5225528620942891
45698.64726 0.5222109000416955
45712.15957 0.5219008476774498
45725.67188 0.5215576637225575
45739.1842 0.5212128652906503
45752.696509999994 0.5209009749861524
45766.208829999996 0.5205613021636721
45779.72114 0.5202212910944626
45793.233459999996 0.5199076587324989
45806.74577 0.5195676545370975
45820.25809 0.5192553843637058
45833.7704 0.5189179718993169
45847.28271000001 0.5185799806033259
45860.795029999994 0.5182577600283695
45874.30734 0.5179160425246588
45887.81966 0.5175737203169692
45901.33197 0.5172377533568372
45914.84429 0.5168792137135088
45928.35659999999 0.5165189526706588
45941.868910000005 0.5161677534426705
45955.38123 0.5158034361579664
45968.89354 0.515435172932531
45982.40586 0.515067880311117
45995.918170000004 0.5146957891306161
46009.430490000006 0.514322825122074
46022.9428 0.5139393730794845
46036.45512 0.513555028235075
46049.96743 0.5131665607190723
46063.47974 0.512765398971474
46076.992060000004 0.5123642705083669
46090.504369999995 0.5119416386522273
46104.01669 0.5115286383854065
46117.52900000001 0.5111132340594451
46131.041320000004 0.5106727615764517
46144.55363 0.5102397094227866
46158.065950000004 0.5098016041376723
46171.578259999995 0.509336201238211
46185.09057 0.5088890553335679
46198.60289 0.5084360969015786
46212.1152 0.5079368516362104
46225.627519999995 0.5074618796831682
46239.13983000001 0.5069806451924979
46252.65215000001 0.5064573455401158
46266.16446 0.5059603419954929
46279.67677 0.5054573495500816
46293.18908999999 0.5049108184979947
46306.701400000005 0.5043967178502058
46320.21372000001 0.5038335969679932
46333.72603 0.5033063443360251
46347.23835 0.5027764435512709
46360.75066 0.5021939903372515
46374.26298 0.5016511349270256
46387.775290000005 0.5011041272434644
46401.287599999996 0.5005002737821216
46414.79992 0.4999508487770703
46428.312229999996 0.4993965361467607
46441.824550000005 0.4987806908930271
46455.336859999996 0.49821925761125746
46468.84918 0.49765735287399177
46482.36149 0.4970351801526849
46495.8738 0.4964677301368918
46509.38612 0.495896529447399
46522.898429999994 0.49525769707728046
46536.410749999995 0.49468299471204935
46549.92306000001 0.4941078578340774
46563.435379999995 0.4934607962648626
46576.94769 0.4928857984511292
46590.46001 0.4922429121547669
46603.97232 0.4916758928153757
46617.484630000006 0.4911153354866103
46630.99694999999 0.49048518726331736
46644.509260000006 0.4899355769922984
46658.02158 0.48939152105821293
46671.53389 0.48877844915002067
46685.04621 0.4882422018783107
46698.55852 0.48771391801393
46712.070830000004 0.48712126698115765
46725.58315 0.48661041432445173
46739.09546 0.4861057675766466
46752.60778 0.4855296583044476
46766.120090000004 0.4850395439226962
46779.632410000006 0.4845574643791708
46793.14472 0.48400389693048684
46806.65704 0.4835283033295955
46820.169350000004 0.4829792468284155
46833.68166 0.48251813391332354
46847.193980000004 0.4820651911412117
46860.706289999995 0.4815450397206633
46874.218609999996 0.4811100091147535
46887.73092 0.48068718523675236
46901.24324 0.48020442949456354
46914.75555 0.47980768576268146
46928.267869999996 0.4794197069648765
46941.780179999994 0.4789691496671288
46955.29249 0.4786029184479178
46968.80481 0.4782467611755638
46982.31712 0.47782543410964906
46995.829439999994 0.4774834473050179
47009.34175000001 0.4771534137385277
47022.85407000001 0.4767670227144093
47036.36638 0.476454702201236
47049.87869 0.4761462949879709
47063.39100999999 0.4757828157366375
47076.903320000005 0.47549310226735253
47090.41564000001 0.4751498289362339
47103.92795 0.4748725009733604
47117.44027 0.4745988121754844
47130.95258 0.4742754931916046
47144.464900000006 0.4740175206412992
47157.97721 0.4737646582234045
47171.489519999996 0.47345762957847504
47185.001840000004 0.4732084465142006
47198.51415 0.4729640680314491
47212.026470000004 0.472669508601011
47225.538779999995 0.47242583527305626
47239.0511 0.4721804340038789
47252.56341 0.4718911680460459
47266.07572 0.4716505276996965
47279.58804 0.4714074217411278
47293.10035 0.4711209998915099
47306.61267 0.4708745592088809
47320.12498000001 0.47059330743251304
47333.637299999995 0.4703494311466839
47347.14961 0.4701003639810357
47360.66193 0.46981487079917483
47374.17424 0.4695588123733415
47387.68654999999 0.46930201114456666
47401.19886999999 0.4690138124814942
47414.711180000006 0.46874909514698676
47428.2235 0.46847825960356404
47441.73581 0.4681807842975969
47455.24813 0.46790207976953313
47468.76044 0.4676143561869762
47482.27276 0.46730048744281083
47495.78507 0.4669974408213471
47509.297379999996 0.46668890346620023
47522.8097 0.4663647320096249
47536.32201 0.4660427905824124
47549.834330000005 0.46571269804984805
47563.346639999996 0.46537304627754167
47576.85896 0.46503584587176
47590.37127 0.46469248163724003
47603.88358 0.46434343559435104
47617.3959 0.46399158625105413
47630.908209999994 0.46362399613171235
47644.420529999996 0.4632486470032511
47657.93284 0.4628667905772571
47671.44516 0.4624683948955305
47684.95747 0.4620733313432581
47698.469789999996 0.4616758634488617
47711.982099999994 0.4612696616686677
47725.49441 0.46086078571211037
47739.00673 0.4604454088401451
47752.51904 0.46003134915977617
47766.03135999999 0.45961581050210554
47779.54367000001 0.45919690534291435
47793.05599000001 0.4587816935706437
47806.5683 0.45835308735928343
47820.08061000001 0.45793334073038305
47833.59293 0.45750612491071596
47847.105240000004 0.4570773245169819
47860.617560000006 0.4566622105583015
47874.12987 0.45623332473884204
47887.64219 0.45580916389716
47901.1545 0.45540672416565375
47914.666820000006 0.4549878108437584
47928.17913 0.45456915400804887
47941.69144 0.45417498874115325
47955.203760000004 0.45376462628965364
47968.71607 0.4533571422523157
47982.228390000004 0.4529747930173937
47995.740699999995 0.4525698545250961
48009.25302 0.45217272051369006
48022.76533000001 0.45181115466270183
48036.27764 0.4514242453078454
48049.78996 0.45103739185315117
48063.30227 0.4506854267523661
48076.81459 0.45030900163087795
48090.32690000001 0.4499713637570032
48103.839219999994 0.4496011988220122
48117.35153 0.4492248357266533
48130.863849999994 0.4488878701873572
48144.37616 0.44852212199171937
48157.88846999999 0.4481599446138733
48171.40079 0.447833679705113
48184.913100000005 0.4474695621387732
48198.42542 0.447107344068582
48211.93773 0.4467927606376111
48225.45005 0.44644068752198096
48238.96236 0.4460849816930946
48252.47468 0.44576386474179247
48265.98699 0.44540494354731197
48279.499299999996 0.44504625408914383
48293.011620000005 0.4447220086412561
48306.52393 0.44435061981082047
48320.036250000005 0.44401057251220444
48333.548559999996 0.4436303462802306
48347.06088 0.4432481275175185
48360.57318999999 0.44289729831387137
48374.0855 0.44249781811731004
48387.59782 0.44208923897620644
48401.110129999994 0.4417129168717264
48414.622449999995 0.4412884548834264
48428.13476 0.4408501854693436
48441.64708 0.4404353573839753
48455.15939 0.4399693425329554
48468.671709999995 0.43949310833983146
48482.18402000001 0.4390420637143202
48495.69633 0.43853693688746714
48509.20865 0.43802410358107563
48522.72096 0.4375365604361539
48536.23327999999 0.4370025690926732
48549.745590000006 0.43645619963530563
48563.25791000001 0.4359252493820861
48576.77022 0.4353447920029452
48590.28253 0.434782775891908
48603.79485 0.43417611829185876
48617.307160000004 0.4335546476837279
48630.81948 0.4329450535969327
48644.33179 0.43228938842849485
48657.84411 0.4316200020190119
48671.356420000004 0.4309661036631922
48684.868740000005 0.43026929528325725
48698.381049999996 0.4295553444056974
48711.89336 0.42884720892977124
48725.40568 0.4281019401074001
48738.91799 0.42734763114654817
48752.43031 0.4266040176839122
48765.942619999994 0.42582523589381494
48779.454939999996 0.4250376202011805
48792.96725000001 0.42413228231247646
48806.47956 0.423205407140806
48819.99188 0.4222748140461585
48833.50419 0.42122255106002476
48847.01651 0.420280661382487
48860.52881999999 0.4192229445805361
48874.041139999994 0.41828096587468744
48887.55345 0.41733658154898223
48901.065769999994 0.41627105354811034
48914.57808 0.4153220234018803
48928.09039 0.4143774558440815
48941.60271 0.41331529255503474
48955.115020000005 0.41237423439076326
48968.62734 0.4114339360014396
48982.13965 0.41037453277292724
48995.65197 0.4094450040214039
49009.164280000005 0.40852102126101675
49022.676600000006 0.40747557313897315
49036.18891 0.4065586339849664
49049.70122 0.4056491219290279
49063.213540000004 0.4046209927208012
49076.72585 0.4037266460182939
49090.238170000004 0.40270576751147813
49103.750479999995 0.4018154777250146
49117.2628 0.400930831799755
49130.77511 0.3999191013305231
49144.28742 0.39903918044693065
49157.79974 0.39815442651576094
49171.31204999999 0.39713046367938976
49184.824369999995 0.3962332447303964
49198.33668 0.39533038816626087
49211.849 0.3942773364779461
49225.36131 0.3933410455321904
49238.873629999995 0.39238519259016696
49252.38594000001 0.39127114629843907
49265.89825 0.3902741094099921
49279.41057 0.3892468969608339
49292.92288 0.38804824229546825
49306.43519999999 0.3869486516877263
49319.947510000005 0.38580983845646366
49333.45983000001 0.3844909335660729
49346.97214 0.3832596816667024
49360.484449999996 0.3818346401536688
49373.99677 0.3804825095923473
49387.50908 0.37906923305526585
49401.0214 0.37744461001063867
49414.533709999996 0.37588691231725085
49428.04603 0.3742481392482231
49441.55834 0.37237324307120423
49455.070660000005 0.37055620970562375
49468.582969999996 0.3686383057419026
49482.09528 0.36648487914646255
49495.60760000001 0.36436582875505863
49509.11991 0.362137928191846
49522.63223 0.3596659738002733
49536.144539999994 0.35721769178538393
49549.656859999996 0.35466554290147334
49563.16917000001 0.35184577433654546
49576.68148 0.34905301699342983
49590.1938 0.3460022058401283
49603.70611 0.34297358551215096
49617.21843 0.33983323460785875
49630.73073999999 0.33643079026052164
49644.24306 0.3330593146654678
49657.755370000006 0.3295632821178114
49671.26769 0.32583627436354057
49684.78 0.3221325478348034
49698.29231 0.31832488613251525
49711.80463 0.31429624405348355
49725.316940000004 0.3102966019528327
49738.82926 0.30622103627569774
49752.34157 0.3019237961472411
49765.853890000006 0.29768241075689295
49779.366200000004 0.2933600420545
49792.878520000006 0.28885310112253215
49806.39083 0.2844091525085011
49819.90314 0.27990621701837115
49833.41545999999 0.2752461145689977
49846.92777 0.27064740493540085
49860.440090000004 0.26591206415062196
49873.952399999995 0.2612548488131886
49887.464719999996 0.2565805074828441
49900.97703 0.2517810491513776
49914.48934 0.2470752690397998
49928.00166 0.24236810897878075
49941.51396999999 0.2375556132706294
49955.026289999994 0.2328613664083555
49968.5386 0.22816948790619634
49982.05092 0.2234020168182323
49995.56323 0.21874729394562548
50009.075549999994 0.21411457266066225
50022.58786000001 0.20947312946633212
50036.10017 0.20492362908982265
50049.61249 0.20041082637740432
50063.12479999999 0.19586856860562407
50076.63711999999 0.1914191174164753
50090.149430000005 0.1869676569312682
50103.66175 0.182622536079252
50117.17406 0.17832246611773567
50130.686369999996 0.17400357089830687
50144.198690000005 0.16980574728779554
50157.711 0.16565809723095937
50171.22332 0.1615123562264198
50184.735629999996 0.15747022300050356
50198.247950000004 0.15348691112079133
50211.76026 0.14950869174951276
50225.272580000004 0.14563958168717475
50238.784889999995 0.14182652808023788
50252.29720000001 0.13802416999635314
50265.80952000001 0.13432470001084912
50279.32183 0.13067860380362378
50292.83415 0.127050314591796
50306.34646 0.1235159031710633
50319.85878 0.12003862227168888
50333.37108999999 0.1165713006296463
50346.883409999995 0.11319767396833548
50360.39572 0.10983879820669962
50373.90803 0.10656975799377676
50387.42035 0.10335278778023084
50400.93266 0.10015032685890668
50414.44498 0.09703604262789728
50427.957290000006 0.09396857925911956
50441.46961 0.09092621354663932
50454.98192 0.08796207244735348
50468.49423 0.08505069882854456
50482.00655 0.08215913609923453
50495.518860000004 0.07934788338781579
50509.03118 0.0765875464399245
50522.543490000004 0.07385078732212497
50536.055810000005 0.0711929105502773
50549.56812 0.06858198707215413
50563.080440000005 0.06600307478790067
50576.592749999996 0.06349630944196277
50590.10506 0.06102360254844756
50603.61737999999 0.05862221526679335
50617.12969 0.056274816488645574
50630.64201 0.05395998049745196
50644.154319999994 0.05173158427874268
50657.666639999996 0.04955762513947271
50671.17895 0.047429842159079465
50684.69126 0.045365526424415895
50698.20358 0.04335398722404864
50711.71588999999 0.04139644039643973
50725.228209999994 0.03950002520753293
50738.74052 0.03766373110756638
50752.25284 0.03587823548104954
50765.76515 0.03415734829959956
50779.27746999999 0.03249431864868274
50792.78978000001 0.030884745498783207
50806.30209 0.029338699294623807
50819.81441 0.027849339863481405
50833.32671999999 0.026413622781142655
50846.83904 0.025037567967992967
50860.351350000004 0.023714875038337448
50873.86367 0.022450672038608628
50887.37598 0.02124184833538015
50900.88829 0.020081956426005597
50914.400610000004 0.018978817735275592
50927.91292 0.01792683896350658
50941.42524 0.016921902815572293
50954.93755 0.01596929828204815
50968.44987000001 0.015063764506086187
50981.96218 0.014201257106371263
50995.474500000004 0.013385709628842127
51008.986809999995 0.01261343853257162
51022.49912000001 0.011879786773283416
51036.01144000001 0.01118893880561066
51049.52375 0.0105360314782091
51063.03607 0.009917462775495288
51076.54838 0.009335971632307843
51090.0607 0.008785682650799508
51103.57300999999 0.008269154440394949
51117.08533 0.007782545649909101
51130.59764 0.007322346061090106
51144.10995 0.00689075358878442
51157.62227 0.006484580375530116
51171.13458 0.006100772733907814
51184.6469 0.005741514690155316
51198.159210000005 0.005403790010292888
51211.67153 0.005084908269387883
51225.18384 0.004786802720794984
51238.696149999996 0.0045068337127932585
51252.20847 0.004242801031605091
51265.72078 0.00399619385145572
51279.2331 0.0037647008303977308
51292.74541 0.0035462577127635805
51306.25772999999 0.00334232504114585
51319.77004 0.003150920704685898
51333.282360000005 0.002970185717054306
51346.794669999996 0.002801388099663579
51360.30698 0.0026418401782007488
51373.819299999996 0.00249284414976289
51387.33161 0.002352971358405091
51400.84393 0.0022209215624603355
51414.356239999994 0.0020977452703538225
51427.868559999995 0.0019821688339089075
51441.38087 0.0018729418165745874
51454.89318 0.0017711468484695927
51468.4055 0.0016755621197227348
51481.917810000006 0.0015850754631180938
51495.43013000001 0.0015004901339607884
51508.94244 0.0014208404363826033
51522.45476 0.0013452510969940484
51535.96706999999 0.001274655464772574
51549.47938999999 0.0012081815891752065
51562.991700000006 0.001144985757429478
51576.50401 0.00108583455701976
51590.01633 0.001029613112386198
51603.52864 0.0009771001496199244
51617.040960000006 0.0009276520108162606
51630.553270000004 0.000880691869810621
51644.06559 0.0008367412965859878
51657.5779 0.000795300809689245
51671.09021 0.000755902365022307
51684.602530000004 0.0007191257097157444
51698.11484 0.0006844315286515556
51711.62716 0.000651236234418253
51725.13947000001 0.0006199959776886194
51738.65179000001 0.000590310961349815
51752.1641 0.000561802953716206
51765.67642 0.0005349210488054333
51779.188729999994 0.0005092607114746375
51792.70104000001 0.00048450366526719637
51806.213359999994 0.0004611345967637394
51819.72567 0.0004391013684552311
51833.23799 0.0004181377861375811
51846.7503 0.0003986101702662101
51860.26262 0.00037999388966615283
51873.77493 0.00036262583171583075
51887.28725 0.0003462925963627621
51900.79956 0.0003308728629959629
51914.31187 0.0003166500816477952
51927.82419 0.0003031930250128132
51941.3365 0.00029058122291724883
51954.84882 0.0002785432289245292
51968.36113 0.0
51981.873439999996 0.0
