5000.0 0.0
5010.0 0.0
5020.0 0.0
5030.0 0.0
5040.0 0.0
5050.0 0.0
5060.0 0.0
5070.0 0.0
5080.0 0.0
5090.0 0.0
5100.0 0.0
5110.0 0.0
5120.0 0.0
5130.0 0.0
5140.0 0.0
5150.0 0.0
5160.0 0.0
5170.0 0.0
5180.0 0.0
5190.0 0.0
5200.0 0.0
5210.0 0.0
5220.0 0.0
5230.0 0.0
5240.0 0.0
5250.0 0.0
5260.0 0.0
5270.0 0.0
5280.0 0.0
5290.0 0.0
5300.0 0.0
5310.0 0.0
5320.0 0.0
5330.0 0.0
5340.0 0.0
5350.0 0.0
5360.0 0.0
5370.0 0.0
5380.0 0.0
5390.0 0.0
5400.0 0.0
5410.0 0.0
5420.0 0.0
5430.0 0.0
5440.0 0.0
5450.0 0.0
5460.0 0.0
5470.0 0.0
5480.0 0.0
5490.0 0.0
5500.0 0.0
5510.0 0.0
5520.000000000001 0.0
5530.000000000001 0.0
5540.000000000001 0.0
5550.000000000001 0.0
5560.000000000001 0.0
5570.000000000001 0.0
5580.000000000001 0.0
5590.000000000001 0.0
5600.000000000001 0.0
5610.000000000001 0.0
5620.000000000001 0.0
5629.999999999999 0.0
5639.999999999999 0.0
5649.999999999999 0.0
5659.999999999999 0.0
5669.999999999999 0.0
5679.999999999999 0.0
5689.999999999999 0.0
5699.999999999999 0.0
5709.999999999999 0.0
5719.999999999999 0.0
5729.999999999999 0.0
5740.0 0.0
5750.0 0.0
5760.0 0.0
5770.0 0.0
5780.0 0.0
5790.0 0.0
5800.0 0.0
5810.0 0.0
5820.0 0.0
5830.0 0.0
5840.0 0.0
5850.0 0.0
5860.0 0.0
5870.0 0.0
5880.0 0.0
5890.0 0.0
5900.0 0.0
5910.0 0.0
5920.0 0.0
5930.0 0.0
5940.0 0.0
5950.0 0.0
5960.0 0.0
5970.0 0.0
5980.0 0.0
5990.0 0.0
6000.0 0.0
6010.0 0.0
6020.0 0.0
6030.0 0.0
6040.0 0.0
6050.0 0.0
6060.0 0.0
6070.0 0.0
6080.0 0.0
6090.0 0.0
6100.0 0.0
6110.0 0.0
6120.0 0.0
6130.0 0.0
6140.0 0.0
6150.0 0.0
6160.0 0.0
6170.0 0.0
6180.0 0.0
6190.0 0.0
6200.0 0.0
6210.0 0.0
6220.0 0.0
6230.0 0.0
6240.0 0.0
6250.0 0.0
6260.0 0.0
6270.0 0.0
6280.0 0.0
6290.0 0.0
6300.0 0.0
6310.0 0.0
6320.0 0.0
6330.0 0.0
6340.0 0.0
6350.0 0.0
6360.0 0.0
6370.0 0.0
6380.0 0.0
6390.0 0.0
6400.0 0.0
6410.0 0.0
6420.0 0.0
6430.0 0.0
6440.0 0.0
6450.0 0.0
6460.0 0.0
6470.0 0.0
6480.0 0.0
6490.0 0.0
6500.0 0.0
6510.0 0.0
6520.0 0.0
6530.0 0.0
6540.0 0.0
6550.0 0.0
6560.0 0.0
6570.0 0.0
6580.0 0.0
6590.0 0.0
6600.0 0.0
6610.0 0.0
6620.0 0.0
6630.0 0.0
6640.0 0.0
6650.0 0.0
6660.0 0.0
6670.0 0.0
6680.0 0.0
6690.0 0.0
6700.0 0.0
6710.0 0.0
6720.0 0.0
6730.0 0.0
6740.0 0.0
6750.0 0.0
6760.0 0.0
6770.000000000001 0.0
6780.000000000001 0.0
6790.000000000001 0.0
6800.000000000001 0.0
6810.000000000001 0.0
6820.000000000001 0.0
6830.000000000001 0.0
6840.000000000001 0.0
6850.000000000001 0.0
6860.000000000001 0.0
6870.000000000001 0.0
6879.999999999999 0.0
6889.999999999999 0.0
6899.999999999999 0.0
6909.999999999999 0.0
6919.999999999999 0.0
6929.999999999999 0.0
6939.999999999999 0.0
6949.999999999999 0.0
6959.999999999999 0.0
6969.999999999999 0.0
6979.999999999999 0.0
6990.0 0.0
7000.0 0.0
7010.0 0.0
7020.0 0.0
7030.0 0.0
7040.0 0.0
7050.0 0.0
7060.0 0.0
7070.0 0.0
7080.0 0.0
7090.0 0.0
7100.0 0.0
7110.0 0.0
7120.0 0.0
7130.0 0.0
7140.0 0.0
7150.0 0.0
7160.0 0.0
7170.0 0.0
7180.0 0.0
7190.0 0.0
7200.0 0.0
7210.0 0.0
7220.0 0.0
7230.0 0.0
7240.0 0.0
7250.0 0.0
7260.0 0.0
7270.0 0.0
7280.0 0.0
7290.0 0.0
7300.0 0.0
7310.0 0.0
7320.0 0.0
7330.0 0.0
7340.0 0.0
7350.0 0.0
7360.0 0.0
7370.0 0.0
7380.0 0.0
7390.0 0.0
7400.0 0.0
7410.0 0.0
7420.0 0.0
7430.0 0.0
7440.0 0.0
7450.0 0.0
7460.0 0.0
7470.0 0.0
7480.0 0.0
7490.0 0.0
7500.0 0.0
7510.0 0.0
7520.0 0.0
7530.0 0.0
7540.0 0.0
7550.0 0.0
7560.0 0.0
7570.0 0.0
7580.0 0.0
7590.0 0.0
7600.0 0.0
7610.0 0.0
7620.0 0.0
7630.0 0.0
7640.0 0.0
7650.0 0.0
7660.0 0.0
7670.0 0.0
7680.0 0.0
7690.0 0.0
7700.0 0.0
7710.0 0.0
7720.0 0.0
7730.0 0.0
7740.0 0.0
7750.0 0.0
7760.0 0.0
7770.0 0.0
7780.0 0.0
7790.0 0.0
7800.0 0.0
7810.0 0.0
7820.0 0.0
7830.0 0.0
7840.0 0.0
7850.0 0.0
7860.0 0.0
7870.0 0.0
7880.0 0.0
7890.0 0.0
7900.0 0.0
7910.0 0.0
7920.0 0.0
7930.0 0.0
7940.0 0.0
7950.0 0.0
7960.0 0.0
7970.0 0.0
7980.0 0.0
7990.0 0.0
8000.0 0.0
8010.0 0.0
8020.000000000001 0.0
8030.000000000001 0.0
8040.000000000001 0.0
8050.000000000001 0.0
8060.000000000001 0.0
8070.000000000001 0.0
8080.000000000001 0.0
8090.000000000001 0.0
8100.000000000001 0.0
8110.000000000001 0.0
8120.000000000001 0.0
8129.999999999999 0.0
8139.999999999999 0.0
8149.999999999999 0.0
8159.999999999999 0.0
8169.999999999999 0.0
8179.999999999999 0.0
8189.999999999999 0.0
8200.0 0.0
8210.0 0.0
8220.0 0.0
8230.0 0.0
8240.0 0.0
8250.0 0.0
8260.0 0.0
8270.0 0.0
8280.0 0.0
8290.0 0.0
8300.0 0.0
8310.0 0.0
8320.0 0.0
8330.0 0.0344416
8340.0 0.0346556
8350.0 0.0349803
8360.0 0.0355068
8370.0 0.0355868
8380.0 0.03561
8390.0 0.035919
8400.0 0.0358824
8410.0 0.0355796
8420.0 0.0343447
8430.0 0.0326431
8440.0 0.0301784
8450.0 0.0271761
8460.0 0.0239424
8470.0 0.0203148
8480.0 0.0167314
8490.0 0.0131791
8500.0 0.0106249
8510.0 0.00837581
8520.0 0.00659404
8530.0 0.00505633
8540.0 0.00367824
8550.0 0.00281026
8560.0 0.00217964
8570.0 0.00179063
8580.0 0.00135329
8590.0 0.000971078
8600.0 0.000747129
8610.0 0.000673793
8620.0 0.00066639
8630.0 0.000543368
8640.0 0.000406649
8650.0 0.000253604
8660.0 0.000220585
8670.0 0.000180572
8680.0 4.87663e-05
8690.0 2.66522e-06
8700.0 7.43946e-06
8710.0 3.7028e-05
8720.0 4.06066e-05
8730.0 7.3916e-06
8740.0 5.64688e-07
8750.0 2.55824e-06
8760.0 1.45714e-05
8770.0 1.23426e-05
8780.0 2.26182e-07
8790.0 5.61499e-05
8800.0 7.0534e-05
8810.0 1.33815e-05
8820.0 0.0
8830.0 0.0
8840.0 0.0
8850.0 0.0
8860.0 0.0
8870.0 0.0
8880.0 0.0
8890.0 0.0
8900.0 0.0
8910.0 8.38284e-06
8920.0 7.99185e-05
8930.0 7.86032e-05
8940.0 7.08419e-06
8950.0 0.000115706
8960.0 0.000218479
8970.0 0.000259493
8980.0 0.000342807
8990.0 0.000434625
9000.0 0.000396851
9010.0 0.000411631
9020.0 0.000485761
9030.0 0.000610081
9040.0 0.00072275
9050.0 0.000777348
9060.0 0.000733728
9070.0 0.000641544
9080.0 0.000701732
9090.0 0.000638066
9100.0 0.000409608
9110.0 0.000350227
9120.0 0.000328031
9130.0 0.000306288
9140.0 0.000228827
9150.0 0.000114826
9160.0 0.000217508
9170.0 0.000267733
9180.0 0.000233927
9190.0 0.000252285
9200.0 0.000269516
9210.0 0.000209575
9220.0 0.000125744
9230.0 2.33804e-05
9240.0 5.62419e-05
9250.0 6.42095e-05
9260.0 1.33465e-05
9270.0 8.48046e-06
9280.0 1.68737e-05
9290.0 5.45451e-06
9300.0 0.0
9310.0 0.0
9320.0 0.0
9330.0 0.0
9340.0 0.0
9350.0 0.0
9360.0 0.0
9370.0 0.0
9380.0 1.03767e-08
9390.0 1.53462e-08
9400.0 1.16317e-08
9410.0 0.0
9420.0 0.0
9430.0 0.0
9440.0 0.0
9450.0 0.0
9460.0 3.52079e-06
9470.0 1.14732e-05
9480.0 6.16465e-06
9490.0 0.0
9500.0 0.0
9510.0 0.0
9520.0 0.0
9530.0 0.0
9540.0 0.0
9550.0 0.0
9560.0 0.0
9570.0 8.11436e-08
9580.0 4.76434e-07
9590.0 4.18661e-07
9600.0 2.8238e-08
9610.0 1.12603e-08
9620.0 0.0
9630.0 0.0
9640.0 8.66365e-07
9650.0 4.1854e-06
9660.0 2.03587e-05
9670.0 3.20128e-05
9680.0 3.97597e-05
9690.0 1.70374e-05
9700.0 5.01825e-08
9710.0 1.81366e-07
9720.0 6.15636e-06
9730.0 1.27591e-05
9740.0 4.28517e-06
9750.0 7.62866e-06
9760.0 2.30123e-05
9770.0 8.11973e-05
9780.0 0.000121057
9790.0 9.96893e-05
9800.0 8.11031e-05
9810.0 6.23948e-05
9820.0 2.20216e-05
9830.0 4.22293e-06
9840.0 1.34413e-05
9850.0 7.02592e-06
9860.0 1.80341e-08
9870.0 5.89771e-08
9880.0 5.30062e-07
9890.0 1.21853e-06
9900.0 4.55366e-07
9910.0 0.0
9920.0 0.0
9930.0 0.0
9940.0 0.0
9950.0 0.0
9960.0 1.25847e-05
9970.0 3.38993e-05
9980.0 1.33319e-05
9990.0 3.84499e-06
10000.0 1.40886e-05
10009.999999999998 3.83087e-06
10020.0 8.42764e-06
10029.999999999998 4.29114e-05
10040.0 1.13726e-05
10049.999999999998 5.81457e-05
10060.0 6.89411e-06
10069.999999999998 1.46675e-05
10080.0 1.15655e-05
10089.999999999998 5.66942e-06
10100.0 1.5757e-05
10109.999999999998 1.79402e-05
10120.0 1.24468e-05
10129.999999999998 3.0386e-05
10140.0 1.45502e-05
10149.999999999998 9.18283e-06
10160.0 4.24502e-05
10169.999999999998 1.41935e-05
10180.0 6.28969e-05
10189.999999999998 4.27539e-05
10200.0 4.57382e-07
10209.999999999998 6.76548e-06
10220.0 4.33138e-05
10230.0 1.34693e-05
10240.0 1.74519e-05
10250.0 1.81544e-05
10260.0 1.70474e-05
10270.0 2.03008e-05
10280.0 2.76084e-05
10290.0 3.15446e-05
10300.0 3.16137e-07
10310.0 2.58318e-06
10320.0 1.96844e-06
10330.0 4.07437e-05
10340.0 2.70866e-06
10350.0 9.07675e-06
10360.0 1.04059e-05
10370.0 3.35877e-05
10380.0 3.80973e-06
10390.0 8.6666e-06
10400.0 1.74169e-05
10410.0 1.25156e-05
10420.0 1.02638e-06
10430.0 9.65102e-06
10440.0 2.31899e-05
10450.0 1.74726e-05
10460.0 2.94514e-05
10470.0 2.00873e-05
10480.0 7.88669e-06
10490.0 3.98018e-06
10500.0 2.26492e-06
10510.0 1.74838e-05
10520.0 1.04293e-05
10530.0 2.76647e-06
10540.0 1.74873e-05
10550.0 1.55755e-05
10560.0 2.58477e-05
10570.0 1.24742e-06
10580.0 1.67387e-05
10590.0 6.3957e-06
10600.0 3.05193e-05
10610.0 2.74156e-05
10620.0 7.49548e-06
10630.0 3.42642e-06
10640.0 5.58663e-06
10650.0 1.37797e-06
10660.0 1.45282e-05
10670.0 8.77189e-06
10680.0 1.28059e-05
10690.0 5.40796e-05
10700.0 4.56291e-06
10710.0 3.70062e-05
10720.0 8.32949e-06
10730.0 1.419e-05
10740.0 2.68985e-05
10750.0 2.61755e-05
10760.0 3.03694e-05
10770.0 3.95539e-05
10780.0 5.02741e-05
10790.0 3.98069e-05
10800.0 3.54933e-05
10810.0 3.18266e-05
10820.0 1.25751e-05
10830.0 8.1079e-06
10840.0 1.6896e-05
10850.0 5.65109e-06
10860.0 2.40862e-07
10870.0 2.58745e-05
10880.0 3.15373e-05
10890.0 4.59922e-05
10900.0 2.09326e-05
10910.0 1.46853e-05
10920.0 2.32367e-05
10930.0 2.58348e-05
10940.0 7.40306e-06
10950.0 2.13443e-05
10960.0 3.1401e-05
10970.0 7.92224e-06
10980.0 1.45414e-05
10990.0 1.58011e-05
11000.0 2.32984e-05
11010.0 3.72553e-05
11020.0 1.99011e-05
11030.0 3.87861e-05
11040.000000000002 1.64062e-05
11050.0 3.67899e-05
11060.000000000002 2.07885e-05
11070.0 7.25981e-06
11080.000000000002 2.10444e-05
11090.0 2.49538e-05
11100.000000000002 7.25519e-06
11110.0 1.59058e-05
11120.000000000002 3.79821e-05
11130.0 3.14105e-05
11140.000000000002 8.70874e-06
11150.0 3.04194e-05
11160.000000000002 4.54687e-05
11170.0 3.16898e-05
11180.000000000002 3.30614e-06
11190.0 2.37244e-05
11200.000000000002 1.44345e-05
11210.0 1.78811e-05
11220.000000000002 1.68132e-05
11230.0 9.92659e-06
11240.000000000002 2.07974e-05
11250.0 1.846e-05
11259.999999999998 1.82112e-05
11270.0 2.17889e-05
11279.999999999998 5.90483e-06
11290.0 1.27404e-05
11299.999999999998 3.01094e-05
11310.0 5.37251e-05
11319.999999999998 7.36498e-06
11330.0 1.62962e-05
11339.999999999998 1.41815e-05
11350.0 6.36787e-05
11359.999999999998 2.03325e-05
11370.0 2.93559e-05
11379.999999999998 2.46579e-05
11390.0 5.86829e-06
11399.999999999998 2.91362e-05
11410.0 1.26661e-05
11419.999999999998 1.71977e-05
11430.0 2.37702e-05
11439.999999999998 1.54747e-06
11450.0 2.09603e-05
11459.999999999998 6.15729e-06
11470.0 6.37027e-06
11480.0 3.20248e-05
11490.0 2.38236e-05
11500.0 1.19735e-05
11510.0 1.74508e-05
11520.0 2.36263e-06
11530.0 2.09889e-05
11540.0 1.4086e-05
11550.0 5.37323e-06
11560.0 1.87825e-05
11570.0 2.66982e-05
11580.0 7.39854e-06
11590.0 3.15671e-05
11600.0 2.07859e-06
11610.0 4.73145e-06
11620.0 2.75413e-06
11630.0 3.47313e-05
11640.0 1.02958e-05
11650.0 1.51586e-05
11660.0 1.60049e-05
11670.0 4.10335e-05
11680.0 3.37603e-05
11690.0 1.28163e-05
11700.0 2.89951e-05
11710.0 4.3694e-05
11720.0 3.63296e-05
11730.0 2.00318e-05
11740.0 3.33086e-05
11750.0 1.59443e-05
11760.0 5.90112e-05
11770.0 1.04577e-05
11780.0 2.42706e-05
11790.0 1.12459e-05
11800.0 2.80177e-05
11810.0 2.86567e-05
11820.0 2.31854e-05
11830.0 2.25621e-05
11840.0 3.32487e-05
11850.0 3.32035e-05
11860.0 3.11363e-05
11870.0 1.05424e-05
11880.0 3.68122e-05
11890.0 2.67465e-05
11900.0 1.63293e-05
11910.0 3.73547e-06
11920.0 7.27583e-06
11930.0 1.34911e-05
11940.0 8.28407e-06
11950.0 4.2256e-06
11960.0 1.42006e-05
11970.0 1.15943e-05
11980.0 2.37866e-05
11990.0 8.42081e-06
12000.0 6.56344e-06
12010.0 1.29866e-06
12020.0 0.0
12030.0 0.0
12040.0 0.0
12050.0 0.0
12060.0 0.0
12070.0 0.0
12080.0 0.0
12090.0 0.0
12100.0 0.0
12110.0 0.0
12120.0 0.0
12130.0 0.0
12140.0 0.0
12150.0 0.0
12160.0 0.0
12170.0 0.0
12180.0 0.0
12190.0 0.0
12200.0 0.0
12210.0 0.0
12220.0 0.0
12230.0 0.0
12240.0 0.0
12250.0 0.0
12260.0 0.0
12270.0 0.0
12280.0 0.0
12290.000000000002 0.0
12300.0 0.0
12310.000000000002 0.0
12320.0 0.0
12330.000000000002 0.0
12340.0 0.0
12350.000000000002 0.0
12360.0 0.0
12370.000000000002 0.0
12380.0 0.0
12390.000000000002 0.0
12400.0 0.0
12410.000000000002 0.0
12420.0 0.0
12430.000000000002 0.0
12440.0 0.0
12450.000000000002 0.0
12460.0 0.0
12470.000000000002 0.0
12480.0 0.0
12490.000000000002 0.0
12500.0 0.0
12509.999999999998 0.0
12520.0 0.0
12529.999999999998 0.0
12540.0 0.0
12549.999999999998 0.0
12560.0 0.0
12569.999999999998 0.0
12580.0 0.0
12589.999999999998 0.0
12600.0 0.0
12609.999999999998 0.0
12620.0 0.0
12629.999999999998 0.0
12640.0 0.0
12649.999999999998 0.0
12660.0 0.0
12669.999999999998 0.0
12680.0 0.0
12689.999999999998 0.0
12700.0 0.0
12709.999999999998 0.0
12720.0 0.0
12730.0 0.0
12740.0 0.0
12750.0 0.0
12760.0 0.0
12770.0 0.0
12780.0 0.0
12790.0 0.0
12800.0 0.0
12810.0 0.0
12820.0 0.0
12830.0 0.0
12840.0 0.0
12850.0 0.0
12860.0 0.0
12870.0 0.0
12880.0 0.0
12890.0 0.0
12900.0 0.0
12910.0 0.0
12920.0 0.0
12930.0 0.0
12940.0 0.0
12950.0 4.66142e-06
12960.0 1.42294e-05
12970.0 1.60399e-05
12980.0 1.51764e-05
12990.0 9.99524e-06
13000.0 1.06387e-05
13010.0 1.39167e-05
13020.0 1.12995e-05
13030.0 7.11952e-06
13040.0 1.00452e-06
13050.0 1.33967e-08
13060.0 2.82163e-07
13070.0 1.43656e-06
13080.0 6.4902e-06
13090.0 1.37221e-05
13100.0 6.32726e-06
13110.0 3.17211e-06
13120.0 6.23288e-06
13130.0 9.64273e-06
13140.0 1.38591e-05
13150.0 2.1174e-05
13160.0 3.15633e-05
13170.0 4.41567e-05
13180.0 4.04345e-05
13190.0 3.75028e-05
13200.0 3.67049e-05
13210.0 3.78972e-05
13220.0 3.80872e-05
13230.0 2.89045e-05
13240.0 2.45255e-05
13250.0 2.42194e-05
13260.0 3.00681e-05
13270.0 3.44047e-05
13280.0 3.46626e-05
13290.0 2.66317e-05
13300.0 1.61687e-05
13310.0 1.25666e-05
13320.0 9.58516e-06
13330.0 7.22839e-06
13340.0 5.50249e-06
13350.0 5.35847e-06
13360.0 9.00297e-06
13370.0 6.28969e-06
13380.0 8.89019e-07
13390.0 3.1743e-07
13400.0 1.21164e-07
13410.0 3.66085e-07
13420.0 6.48575e-06
13430.0 1.42883e-05
13440.0 2.4147e-05
13450.0 2.86427e-05
13460.0 3.02622e-05
13470.0 3.88139e-05
13480.0 4.43234e-05
13490.0 4.56359e-05
13500.0 3.72396e-05
13510.0 2.78026e-05
13520.0 2.30999e-05
13530.0 2.54128e-05
13540.000000000002 3.24995e-05
13550.0 3.40811e-05
13560.000000000002 3.15522e-05
13570.0 2.23741e-05
13580.000000000002 1.52908e-05
13590.0 9.63317e-06
13600.000000000002 8.08775e-06
13610.0 1.11409e-05
13620.000000000002 1.78898e-05
13630.0 2.26309e-05
13640.000000000002 2.37009e-05
13650.0 1.78129e-05
13660.000000000002 1.52694e-05
13670.0 1.47838e-05
13680.000000000002 2.01804e-05
13690.0 1.65466e-05
13700.000000000002 4.4086e-06
13710.0 1.43582e-06
13720.000000000002 9.20908e-07
13730.0 3.95303e-06
13740.000000000002 8.99256e-06
13750.0 1.46544e-05
13759.999999999998 1.71641e-05
13770.0 2.06898e-05
13779.999999999998 2.5348e-05
13790.0 2.8509e-05
13799.999999999998 2.82155e-05
13810.0 1.86062e-05
13819.999999999998 1.54529e-05
13830.0 1.58196e-05
13839.999999999998 1.70369e-05
13850.0 1.81878e-05
13859.999999999998 1.92437e-05
13870.0 2.34999e-05
13879.999999999998 3.08506e-05
13890.0 4.69255e-05
13899.999999999998 5.74795e-05
13910.0 6.44918e-05
13919.999999999998 6.22094e-05
13930.0 6.35764e-05
13939.999999999998 7.05917e-05
13950.0 8.03617e-05
13959.999999999998 9.08529e-05
13970.0 0.000101039
13980.0 0.000107069
13990.0 0.000109934
14000.0 0.000112892
14010.0 0.000119795
14020.0 0.000133929
14030.0 0.000148836
14040.0 0.000162081
14050.0 0.00016293
14060.0 0.000164233
14070.0 0.000165875
14080.0 0.000172405
14090.0 0.000178446
14100.0 0.000182635
14110.0 0.000194072
14120.0 0.000209183
14130.0 0.000229541
14140.0 0.000244345
14150.0 0.000253471
14160.0 0.000251232
14170.0 0.000251128
14180.0 0.000260724
14190.0 0.000274934
14200.0 0.000291165
14210.0 0.000302819
14220.0 0.000320992
14230.0 0.000347269
14240.0 0.000382359
14250.0 0.000418382
14260.0 0.000451375
14270.0 0.000482161
14280.0 0.000511494
14290.0 0.000554287
14300.0 0.000604152
14310.0 0.000664877
14320.0 0.000733856
14330.0 0.000806967
14340.0 0.000888596
14350.0 0.000975461
14360.0 0.00106619
14370.0 0.00117262
14380.0 0.00128588
14390.0 0.00140988
14400.0 0.00154866
14410.0 0.0016954
14420.0 0.00186612
14430.0 0.00205234
14440.0 0.00225085
14450.0 0.00247403
14460.0 0.00270784
14470.0 0.00296176
14480.0 0.0032443
14490.0 0.00354491
14500.0 0.00389378
14510.0 0.00427498
14520.0 0.0046896
14530.0 0.00519217
14540.0 0.00574229
14550.0 0.0063917
14560.0 0.00714787
14570.0 0.00796707
14580.0 0.00896619
14590.0 0.0100857
14600.0 0.0113516
14610.0 0.0129324
14620.0 0.0146794
14630.0 0.0167621
14640.0 0.0192151
14650.0 0.0219121
14660.0 0.0253369
14670.0 0.0291303
14680.0 0.0334548
14690.0 0.0387323
14700.0 0.0445175
14710.0 0.0514201
14720.0 0.0593096
14730.0 0.0678601
14740.0 0.0782769
14750.0 0.0895185
14760.0 0.102074
14770.0 0.116379
14780.0 0.131598
14790.000000000002 0.148902
14800.0 0.167547
14810.000000000002 0.187101
14820.0 0.208929
14830.000000000002 0.231851
14840.0 0.256308
14850.000000000002 0.282005
14860.0 0.308366
14870.000000000002 0.336301
14880.0 0.364824
14890.000000000002 0.393812
14900.0 0.423071
14910.000000000002 0.452119
14920.0 0.480657
14930.000000000002 0.507919
14940.0 0.534339
14950.000000000002 0.558058
14960.0 0.579927
14970.000000000002 0.599717
14980.0 0.615781
14990.000000000002 0.630374
15000.0 0.641661
15009.999999999998 0.649992
15020.0 0.656636
15029.999999999998 0.659941
15040.0 0.662169
15049.999999999998 0.662978
15060.0 0.662598
15069.999999999998 0.661828
15080.0 0.66055
15089.999999999998 0.659265
15100.0 0.657984
15109.999999999998 0.657184
15120.0 0.656571
15129.999999999998 0.656064
15140.0 0.656289
15149.999999999998 0.657387
15160.0 0.659206
15169.999999999998 0.661002
15180.0 0.662921
15189.999999999998 0.665082
15200.0 0.667313
15209.999999999998 0.669818
15220.0 0.671807
15230.0 0.672996
15240.0 0.673444
15250.0 0.673845
15260.0 0.673986
15270.0 0.673431
15280.0 0.672821
15290.0 0.672215
15300.0 0.671541
15310.0 0.670604
15320.0 0.669644
15330.0 0.668624
15340.0 0.667836
15350.0 0.667772
15360.0 0.667995
15370.0 0.668493
15380.0 0.669197
15390.0 0.670278
15400.0 0.671105
15410.0 0.671112
15420.0 0.670724
15430.0 0.669979
15440.0 0.669097
15450.0 0.667746
15460.0 0.665853
15470.0 0.663338
15480.0 0.660051
15490.0 0.656763
15500.0 0.653205
15510.0 0.649566
15520.0 0.646228
15530.0 0.64403
15540.0 0.642525
15550.0 0.641057
15560.0 0.640729
15570.0 0.641182
15580.0 0.642392
15590.0 0.644157
15600.0 0.646092
15610.0 0.648386
15620.0 0.650874
15630.0 0.654012
15640.0 0.65694
15650.0 0.65935
15660.0 0.66108
15670.0 0.661862
15680.0 0.662353
15690.0 0.662496
15700.0 0.662252
15710.0 0.661151
15720.0 0.659208
15730.0 0.65714
15740.0 0.654888
15750.0 0.652688
15760.0 0.650548
15770.0 0.648789
15780.0 0.647192
15790.0 0.645612
15800.0 0.644588
15810.0 0.644055
15820.0 0.644246
15830.0 0.644901
15840.0 0.645679
15850.0 0.646207
15860.0 0.646503
15870.0 0.646699
15880.0 0.646414
15890.0 0.645817
15900.0 0.644679
15910.0 0.643109
15920.0 0.641067
15930.0 0.637827
15940.0 0.634218
15950.0 0.630246
15960.0 0.626006
15970.0 0.621666
15980.0 0.617333
15990.0 0.613232
16000.0 0.609323
16010.0 0.606444
16020.0 0.603937
16030.0 0.601894
16040.000000000002 0.600943
16050.0 0.601049
16060.000000000002 0.602469
16070.0 0.604335
16080.000000000002 0.606806
16090.0 0.610676
16100.000000000002 0.615006
16110.0 0.620134
16120.000000000002 0.62551
16130.0 0.630721
16140.000000000002 0.635737
16150.0 0.640583
16160.000000000002 0.645038
16170.0 0.647768
16180.000000000002 0.649989
16190.0 0.6516
16200.000000000002 0.652263
16210.0 0.651968
16220.000000000002 0.650127
16230.0 0.647746
16240.000000000002 0.644605
16250.0 0.640674
16259.999999999998 0.636574
16270.0 0.632409
16279.999999999998 0.62842
16290.0 0.624548
16299.999999999998 0.62128
16310.0 0.618435
16319.999999999998 0.61622
16330.0 0.615042
16339.999999999998 0.614327
16350.0 0.614469
16359.999999999998 0.615129
16370.0 0.616187
16379.999999999998 0.617976
16390.0 0.620023
16400.0 0.622472
16410.0 0.624914
16420.0 0.627472
16430.0 0.630193
16440.0 0.632775
16450.0 0.634945
16460.0 0.636537
16470.0 0.637984
16480.0 0.638933
16490.0 0.639223
16500.0 0.639437
16510.0 0.639836
16520.0 0.64014
16530.0 0.639927
16540.0 0.6393
16550.0 0.638627
16560.0 0.637767
16570.0 0.636752
16580.0 0.635632
16590.0 0.634178
16600.0 0.632573
16610.0 0.630979
16620.0 0.628852
16630.0 0.625914
16640.0 0.622532
16650.0 0.61938
16660.0 0.615977
16670.0 0.610742
16680.0 0.605143
16690.0 0.599624
16700.0 0.593347
16710.0 0.586073
16720.0 0.578001
16730.0 0.569427
16740.0 0.560304
16750.0 0.549982
16760.0 0.538979
16770.0 0.526779
16780.0 0.513446
16790.0 0.499704
16800.0 0.484
16810.0 0.467421
16820.0 0.450121
16830.0 0.431513
16840.0 0.412229
16850.0 0.391737
16860.0 0.369671
16870.0 0.346933
16880.0 0.323729
16890.0 0.300546
16900.0 0.277395
16910.0 0.254109
16920.0 0.231138
16930.0 0.208967
16940.0 0.188208
16950.0 0.168288
16960.0 0.15047
16970.0 0.133617
16980.0 0.117889
16990.0 0.104313
17000.0 0.0916554
17010.0 0.0806723
17020.0 0.0709275
17030.0 0.0619557
17040.0 0.0545799
17050.0 0.0477686
17060.0 0.0417592
17070.0 0.036676
17080.0 0.031996
17090.0 0.0280458
17100.0 0.0245513
17110.0 0.0213614
17120.0 0.0187839
17130.0 0.0164111
17140.0 0.0143418
17150.0 0.0125711
17160.0 0.0109462
17170.0 0.00959963
17180.0 0.00840316
17190.0 0.00732561
17200.0 0.00645497
17210.0 0.0056511
17220.0 0.00495933
17230.0 0.00436865
17240.0 0.00382837
17250.0 0.00338498
17260.0 0.00298948
17270.0 0.00263873
17280.0 0.00235014
17290.0 0.00208416
17300.0 0.00185605
17310.0 0.00165678
17320.0 0.00147312
17330.0 0.00131957
17340.0 0.0011789
17350.0 0.00105231
17360.0 0.00094601
17370.0 0.000847086
17380.0 0.000760357
17390.0 0.000682641
17400.0 0.000610182
17410.0 0.000548077
17420.0 0.000490585
17430.0 0.00043902
17440.0 0.000394147
17450.0 0.000351873
17460.0 0.000313883
17470.0 0.000280921
17480.0 0.00025117
17490.0 0.000226711
17500.0 0.000203779
17510.0 0.000183171
17520.0 0.000161085
17530.0 0.000139017
17540.0 0.000118826
17550.0 0.000100118
17560.0 8.25279e-05
17570.0 6.73111e-05
17580.0 5.26184e-05
17590.0 3.87117e-05
17600.0 2.68252e-05
17610.0 1.56978e-05
17620.0 5.10744e-06
17630.0 9.66353e-08
17640.0 1.31396e-08
17650.0 0.0
17660.0 0.0
17670.0 0.0
17680.0 0.0
17690.0 0.0
17700.0 0.0
17710.0 0.0
17720.0 0.0
17730.0 0.0
17740.0 0.0
17750.0 0.0
17760.0 0.0
17770.0 0.0
17780.0 0.0
17790.0 0.0
17800.0 0.0
17810.0 0.0
17820.0 0.0
17830.0 0.0
17840.0 0.0
17850.0 0.0
17860.0 0.0
17870.0 0.0
17880.0 0.0
17890.0 0.0
17900.0 0.0
17910.0 0.0
17920.0 0.0
17930.0 0.0
17940.0 0.0
17950.0 0.0
17960.0 0.0
17970.0 0.0
17980.0 0.0
17990.0 0.0
18000.0 0.0
18010.0 0.0
18020.0 0.0
18030.0 0.0
18040.0 0.0
18050.0 0.0
18060.0 0.0
18070.0 0.0
18080.0 0.0
18090.0 0.0
18100.0 0.0
18110.0 0.0
18120.0 0.0
18130.0 0.0
18140.0 0.0
18150.0 0.0
18160.0 0.0
18170.0 0.0
18180.0 0.0
18190.0 0.0
18200.0 0.0
18210.0 0.0
18220.0 0.0
18230.0 0.0
18240.0 0.0
18250.0 0.0
18260.0 0.0
18270.0 0.0
18280.0 0.0
18290.0 0.0
18300.0 0.0
18310.0 0.0
18320.0 0.0
18330.0 0.0
18340.0 0.0
18350.0 0.0
18360.0 0.0
18370.0 0.0
18380.0 0.0
18390.0 0.0
18400.0 0.0
18410.0 0.0
18420.0 0.0
18430.0 0.0
18440.0 0.0
18450.0 0.0
18460.0 0.0
18470.0 0.0
18480.0 0.0
18490.0 0.0
18500.0 3.54864e-08
18510.0 9.55657e-08
18520.0 3.52929e-07
18530.0 1.12822e-06
18540.0 2.46896e-06
18550.0 1.26368e-06
18560.0 7.93188e-08
18570.0 2.53597e-08
18580.0 0.0
18590.0 0.0
18600.0 0.0
18610.0 0.0
18620.0 0.0
18630.0 0.0
18640.0 7.59491e-09
18650.0 1.17488e-08
18660.0 9.73842e-08
18670.0 2.36421e-07
18680.0 7.68149e-07
18690.0 1.31793e-06
18700.0 1.89561e-06
18710.0 1.06747e-06
18720.0 7.19801e-08
18730.0 2.62291e-08
18740.0 0.0
18750.0 0.0
18760.0 3.88143e-08
18770.0 9.13001e-07
18780.0 3.30193e-06
18790.0 5.716e-06
18800.0 7.48072e-06
18810.0 5.23502e-06
18820.0 2.81774e-06
18830.0 2.48942e-07
18840.0 2.66356e-08
18850.0 0.0
18860.0 0.0
18870.0 0.0
18880.0 0.0
18890.0 0.0
18900.0 0.0
18910.0 0.0
18920.0 0.0
18930.0 0.0
18940.0 0.0
18950.0 0.0
18960.0 0.0
18970.0 0.0
18980.0 0.0
18990.0 0.0
19000.0 0.0
19010.0 0.0
19020.0 0.0
19030.0 0.0
19040.0 0.0
19050.0 0.0
19060.0 0.0
19070.0 0.0
19080.0 0.0
19090.0 0.0
19100.0 0.0
19110.0 0.0
19120.0 0.0
19130.0 0.0
19140.0 0.0
19150.0 0.0
19160.0 0.0
19170.0 0.0
19180.0 0.0
19190.0 0.0
19200.0 0.0
19210.0 0.0
19220.0 0.0
19230.0 0.0
19240.0 0.0
19250.0 0.0
19260.0 0.0
19270.0 0.0
19280.0 0.0
19290.0 0.0
19300.0 0.0
19310.0 0.0
19320.0 0.0
19330.0 0.0
19340.0 0.0
19350.0 0.0
19360.0 0.0
19370.0 0.0
19380.0 0.0
19390.0 0.0
19400.0 0.0
19410.0 0.0
19420.0 0.0
19430.0 0.0
19440.0 0.0
19450.0 0.0
19460.0 0.0
19470.0 0.0
19480.0 0.0
19490.0 0.0
19500.0 0.0
19510.0 0.0
19520.0 0.0
19530.0 0.0
19540.0 0.0
19550.0 0.0
19560.0 0.0
19570.0 0.0
19580.0 0.0
19590.0 0.0
19600.0 0.0
19610.0 0.0
19620.0 0.0
19630.0 0.0
19640.0 0.0
19650.0 0.0
19660.0 0.0
19670.0 0.0
19680.0 0.0
19690.0 0.0
19700.0 0.0
19710.0 0.0
19720.0 0.0
19730.0 0.0
19740.0 0.0
19750.0 0.0
19760.0 0.0
19770.0 0.0
19780.0 0.0
19790.0 0.0
19800.0 0.0
19810.0 0.0
19820.0 0.0
19830.0 0.0
19840.0 0.0
19850.0 0.0
19860.0 0.0
19870.0 0.0
19880.0 0.0
19890.0 0.0
19900.0 0.0
19910.0 0.0
19920.0 0.0
19930.0 0.0
19940.0 0.0
19950.0 0.0
19960.0 0.0
19970.0 0.0
19980.0 0.0
19990.0 0.0
20000.0 0.0
20010.0 0.0
20019.999999999996 0.0
20030.0 0.0
20040.0 0.0
20050.0 0.0
20059.999999999996 9.77722e-09
20070.0 4.08175e-08
20080.0 3.11003e-07
20090.0 1.63278e-06
20099.999999999996 4.03568e-06
20110.0 5.66567e-06
20120.0 6.93871e-06
20130.0 7.53997e-06
20139.999999999996 6.95894e-06
20150.0 5.81279e-06
20160.0 4.96003e-06
20170.0 4.21041e-06
20179.999999999996 3.58545e-06
20190.0 3.80304e-06
20200.0 4.49355e-06
20210.0 6.20682e-06
20219.999999999996 7.62921e-06
20230.0 8.86088e-06
20240.0 9.25611e-06
20250.0 9.48949e-06
20259.999999999996 9.49133e-06
20270.0 9.29567e-06
20280.0 9.11626e-06
20290.0 9.20698e-06
20299.999999999996 9.40982e-06
20310.0 9.69154e-06
20320.0 1.11781e-05
20330.0 1.315e-05
20339.999999999996 1.59046e-05
20350.0 1.75881e-05
20360.0 1.87956e-05
20370.0 1.92194e-05
20379.999999999996 1.89238e-05
20390.0 1.80366e-05
20400.0 1.67385e-05
20410.0 1.58329e-05
20419.999999999996 1.57763e-05
20430.0 1.61006e-05
20440.0 1.66475e-05
20450.0 1.78019e-05
20460.0 1.91958e-05
20470.0 2.08228e-05
20480.0 2.17515e-05
20490.0 2.24801e-05
20500.0 2.29222e-05
20510.0 2.18718e-05
20520.0 2.00813e-05
20530.0 1.77078e-05
20540.0 1.61021e-05
20550.0 1.5372e-05
20560.0 1.52568e-05
20570.0 1.53836e-05
20580.0 1.59322e-05
20590.0 1.67434e-05
20600.0 1.77346e-05
20610.0 1.96767e-05
20620.0 2.20956e-05
20630.0 2.51634e-05
20640.0 2.82214e-05
20650.0 3.12527e-05
20660.0 3.41869e-05
20670.0 3.65133e-05
20680.0 3.84385e-05
20690.0 3.90405e-05
20700.0 3.99178e-05
20710.0 4.12403e-05
20720.0 4.33486e-05
20730.0 4.556e-05
20740.0 4.71744e-05
20750.0 4.80016e-05
20760.0 4.82118e-05
20770.0 4.83553e-05
20780.0 4.845e-05
20790.0 4.84468e-05
20800.0 4.84687e-05
20810.0 4.8516e-05
20820.0 4.86489e-05
20830.000000000004 4.87463e-05
20840.0 4.88108e-05
20850.0 4.85629e-05
20860.0 4.82778e-05
20870.000000000004 4.79955e-05
20880.0 4.7704e-05
20890.0 4.74089e-05
20900.0 4.71178e-05
20910.000000000004 4.75722e-05
20920.0 4.88315e-05
20930.0 5.01514e-05
20940.0 5.1889e-05
20950.000000000004 5.47651e-05
20960.0 5.795e-05
20970.0 6.11514e-05
20980.0 6.15928e-05
20990.000000000004 6.16526e-05
21000.0 6.1226e-05
21010.0 6.02209e-05
21020.0 5.90316e-05
21030.000000000004 5.76112e-05
21040.0 5.66271e-05
21050.0 5.59197e-05
21060.0 5.57632e-05
21070.000000000004 5.59424e-05
21080.0 5.6626e-05
21090.0 5.82861e-05
21100.0 6.01863e-05
21110.000000000004 6.20055e-05
21120.0 6.35679e-05
21130.0 6.49407e-05
21140.0 6.58848e-05
21150.000000000004 6.58084e-05
21160.0 6.39188e-05
21170.0 6.20956e-05
21180.0 6.02128e-05
21190.000000000004 5.78429e-05
21200.0 5.55496e-05
21210.0 5.33013e-05
21220.0 5.26084e-05
21230.000000000004 5.21259e-05
21240.0 5.18393e-05
21250.0 5.24388e-05
21260.0 5.34612e-05
21269.999999999996 5.50723e-05
21280.0 5.62103e-05
21290.0 5.68924e-05
21300.0 5.67269e-05
21309.999999999996 5.64452e-05
21320.0 5.61684e-05
21330.0 5.5874e-05
21340.0 5.55879e-05
21349.999999999996 5.52943e-05
21360.0 5.50331e-05
21370.0 5.47739e-05
21380.0 5.45254e-05
21389.999999999996 5.45579e-05
21400.0 5.55272e-05
21410.0 5.65618e-05
21420.0 5.76273e-05
21429.999999999996 5.90139e-05
21440.0 6.04654e-05
21450.0 6.20207e-05
21460.0 6.26189e-05
21469.999999999996 6.27936e-05
21480.0 6.21693e-05
21490.0 6.16359e-05
21500.0 6.11612e-05
21509.999999999996 6.0917e-05
21520.0 6.05298e-05
21530.0 5.98944e-05
21540.0 5.71195e-05
21549.999999999996 5.37358e-05
21560.0 5.06212e-05
21570.0 4.78984e-05
21580.0 4.54986e-05
21589.999999999996 4.33207e-05
21600.0 4.19712e-05
21610.0 4.22491e-05
21620.0 4.34653e-05
21629.999999999996 4.50206e-05
21640.0 4.64193e-05
21650.0 4.767e-05
21660.0 4.87527e-05
21669.999999999996 4.98929e-05
21680.0 5.10741e-05
21690.0 5.23405e-05
21700.0 5.3644e-05
21710.0 5.49486e-05
21720.0 5.62282e-05
21730.0 5.75216e-05
21740.0 5.88424e-05
21750.0 6.00607e-05
21760.0 6.12277e-05
21770.0 6.23641e-05
21780.0 6.36316e-05
21790.0 6.49951e-05
21800.0 6.67009e-05
21810.0 6.84357e-05
21820.0 7.01941e-05
21830.0 7.17805e-05
21840.0 7.33077e-05
21850.0 7.48952e-05
21860.0 7.51792e-05
21870.0 7.46049e-05
21880.0 7.3481e-05
21890.0 7.22235e-05
21900.0 7.07345e-05
21910.0 6.8981e-05
21920.0 6.72064e-05
21930.0 6.56852e-05
21940.0 6.47599e-05
21950.0 6.42865e-05
21960.0 6.38179e-05
21970.0 6.37213e-05
21980.0 6.43672e-05
21990.0 6.51284e-05
22000.0 6.59507e-05
22010.0 6.69095e-05
22020.0 6.79285e-05
22030.0 6.901e-05
22040.0 7.00387e-05
22050.0 7.09866e-05
22060.0 7.17768e-05
22070.0 7.25704e-05
22080.000000000004 7.32684e-05
22090.0 7.30415e-05
22100.0 7.27649e-05
22110.0 7.24338e-05
22120.000000000004 7.09213e-05
22130.0 6.89934e-05
22140.0 6.63854e-05
22150.0 6.41815e-05
22160.000000000004 6.22955e-05
22170.0 6.20883e-05
22180.0 6.18828e-05
22190.0 6.16799e-05
22200.000000000004 6.15439e-05
22210.0 6.14395e-05
22220.0 6.13417e-05
22230.0 6.10561e-05
22240.000000000004 6.06511e-05
22250.0 5.99338e-05
22260.0 5.93327e-05
22270.0 5.89165e-05
22280.000000000004 6.05312e-05
22290.0 6.27075e-05
22300.0 6.49778e-05
22310.0 6.66676e-05
22320.000000000004 6.79298e-05
22330.0 6.88053e-05
22340.0 6.93485e-05
22350.0 6.9338e-05
22360.000000000004 6.80247e-05
22370.0 6.62995e-05
22380.0 6.46273e-05
22390.0 6.3224e-05
22400.000000000004 6.20375e-05
22410.0 6.09041e-05
22420.0 5.99561e-05
22430.0 5.93932e-05
22440.000000000004 5.91983e-05
22450.0 5.9136e-05
22460.0 5.90898e-05
22470.0 5.91218e-05
22480.000000000004 5.924e-05
22490.0 5.93514e-05
22500.0 5.96589e-05
22510.0 6.04836e-05
22519.999999999996 6.15442e-05
22530.0 6.26788e-05
22540.0 6.31419e-05
22550.0 6.25945e-05
22559.999999999996 6.08201e-05
22570.0 5.91049e-05
22580.0 5.76001e-05
22590.0 5.6658e-05
22599.999999999996 5.58325e-05
22610.0 5.51073e-05
22620.0 5.54483e-05
22630.0 5.66584e-05
22639.999999999996 5.90936e-05
22650.0 6.16684e-05
22660.0 6.35765e-05
22670.0 6.26845e-05
22679.999999999996 6.15802e-05
22690.0 6.03157e-05
22700.0 5.92906e-05
22710.0 5.8387e-05
22719.999999999996 5.76632e-05
22730.0 5.69496e-05
22740.0 5.60521e-05
22750.0 5.41149e-05
22759.999999999996 5.22048e-05
22770.0 5.03164e-05
22780.0 4.89966e-05
22790.0 4.79058e-05
22799.999999999996 4.7214e-05
22810.0 4.65459e-05
22820.0 4.63948e-05
22830.0 5.0111e-05
22839.999999999996 5.41515e-05
22850.0 5.84991e-05
22860.0 6.17284e-05
22870.0 6.43069e-05
22879.999999999996 6.55397e-05
22890.0 6.67948e-05
22900.0 6.79835e-05
22910.0 6.81364e-05
22919.999999999996 6.8266e-05
22930.0 6.83688e-05
22940.0 6.82082e-05
22950.0 6.78942e-05
22960.0 6.72796e-05
22970.0 6.66753e-05
22980.0 6.60183e-05
22990.0 6.41683e-05
23000.0 6.23091e-05
23010.0 6.04183e-05
23020.0 5.92472e-05
23030.0 5.85332e-05
23040.0 5.88863e-05
23050.0 5.92303e-05
23060.0 5.9583e-05
23070.0 6.04175e-05
23080.0 6.13042e-05
23090.0 6.22696e-05
23100.0 6.26473e-05
23110.0 6.24613e-05
23120.0 6.04975e-05
23130.0 5.85992e-05
23140.0 5.67395e-05
23150.0 5.45947e-05
23160.0 5.24398e-05
23170.0 5.02525e-05
23180.0 4.84435e-05
23190.0 4.71216e-05
23200.0 4.80983e-05
23210.0 4.90858e-05
23220.0 5.00965e-05
23230.0 5.15576e-05
23240.0 5.32035e-05
23250.0 5.51906e-05
23260.0 5.72622e-05
23270.0 5.93101e-05
23280.0 6.06895e-05
23290.0 6.20762e-05
23300.0 6.34562e-05
23310.0 6.40166e-05
23320.0 6.39799e-05
23330.000000000004 6.25869e-05
23340.0 6.12197e-05
23350.0 5.98523e-05
23360.0 5.80331e-05
23370.000000000004 5.61814e-05
23380.0 5.42703e-05
23390.0 5.25977e-05
23400.0 5.13146e-05
23410.000000000004 5.11808e-05
23420.0 5.10603e-05
23430.0 5.09324e-05
23440.0 5.03595e-05
23450.000000000004 4.96132e-05
23460.0 4.86062e-05
23470.0 4.76199e-05
23480.0 4.65758e-05
23490.000000000004 4.52754e-05
23500.0 4.39771e-05
23510.0 4.26936e-05
23520.0 4.19307e-05
23530.000000000004 4.19679e-05
23540.0 4.34021e-05
23550.0 4.48869e-05
23560.0 4.64309e-05
23570.000000000004 4.81411e-05
23580.0 4.99741e-05
23590.0 5.19031e-05
23600.0 5.39407e-05
23610.000000000004 5.47527e-05
23620.0 5.29258e-05
23630.0 5.07543e-05
23640.0 4.84777e-05
23650.000000000004 4.64285e-05
23660.0 4.46394e-05
23670.0 4.30997e-05
23680.0 4.16332e-05
23690.000000000004 4.05482e-05
23700.0 4.04158e-05
23710.0 4.11805e-05
23720.0 4.23893e-05
23730.000000000004 4.36425e-05
23740.0 4.44907e-05
23750.0 4.4865e-05
23760.0 4.50245e-05
23769.999999999996 4.51622e-05
23780.0 4.53083e-05
23790.0 4.56194e-05
23800.0 4.60319e-05
23809.999999999996 4.64455e-05
23820.0 4.68225e-05
23830.0 4.71573e-05
23840.0 4.73622e-05
23849.999999999996 4.75428e-05
23860.0 4.77145e-05
23870.0 4.77785e-05
23880.0 4.7773e-05
23889.999999999996 4.76663e-05
23900.0 4.75658e-05
23910.0 4.74611e-05
23920.0 4.76917e-05
23929.999999999996 4.80348e-05
23940.0 4.84254e-05
23950.0 4.86924e-05
23960.0 4.88587e-05
23969.999999999996 4.78872e-05
23980.0 4.6855e-05
23990.0 4.58594e-05
24000.0 4.46971e-05
24009.999999999996 4.34354e-05
24020.0 4.19047e-05
24030.0 4.04164e-05
24040.0 3.89736e-05
24049.999999999996 3.86737e-05
24060.0 3.87116e-05
24070.0 3.92663e-05
24080.0 3.98306e-05
24089.999999999996 4.04347e-05
24100.0 4.14115e-05
24110.0 4.24363e-05
24120.0 4.35213e-05
24129.999999999996 4.46039e-05
24140.0 4.54717e-05
24150.0 4.57265e-05
24160.0 4.59813e-05
24169.999999999996 4.62258e-05
24180.0 4.62033e-05
24190.0 4.58311e-05
24200.0 4.49943e-05
24210.0 4.41849e-05
24220.0 4.32784e-05
24230.0 4.19979e-05
24240.0 4.03941e-05
24250.0 3.85786e-05
24260.0 3.69025e-05
24270.0 3.55387e-05
24280.0 3.46537e-05
24290.0 3.41182e-05
24300.0 3.36823e-05
24310.0 3.32572e-05
24320.0 3.36861e-05
24330.0 3.47738e-05
24340.0 3.63331e-05
24350.0 3.79527e-05
24360.0 3.96446e-05
24370.0 4.17696e-05
24380.0 4.40781e-05
24390.0 4.65896e-05
24400.0 4.90883e-05
24410.0 5.15752e-05
24420.0 5.19394e-05
24430.0 5.21078e-05
24440.0 5.22729e-05
24450.0 5.19094e-05
24460.0 5.11011e-05
24470.0 4.81463e-05
24480.0 4.53171e-05
24490.0 4.26429e-05
24500.0 4.02286e-05
24510.0 3.79321e-05
24520.0 3.58607e-05
24530.0 3.38965e-05
24540.0 3.20358e-05
24550.0 3.08564e-05
24560.0 2.99748e-05
24570.0 2.94672e-05
24580.000000000004 2.89747e-05
24590.0 2.8513e-05
24600.0 2.81472e-05
24610.0 2.78387e-05
24620.000000000004 2.75693e-05
24630.0 2.73045e-05
24640.0 2.71669e-05
24650.0 2.72178e-05
24660.000000000004 2.73982e-05
24670.0 2.76115e-05
24680.0 2.78208e-05
24690.0 2.84913e-05
24700.000000000004 2.95124e-05
24710.0 3.08866e-05
24720.0 3.23058e-05
24730.0 3.37848e-05
24740.000000000004 3.52428e-05
24750.0 3.66959e-05
24760.0 3.82084e-05
24770.0 3.97738e-05
24780.000000000004 4.13854e-05
24790.0 4.08107e-05
24800.0 3.99791e-05
24810.0 3.89478e-05
24820.000000000004 3.79498e-05
24830.0 3.68315e-05
24840.0 3.45885e-05
24850.0 3.24073e-05
24860.000000000004 3.02954e-05
24870.0 2.83693e-05
24880.0 2.66393e-05
24890.0 2.53321e-05
24900.000000000004 2.41055e-05
24910.0 2.29197e-05
24920.0 2.18216e-05
24930.0 2.03281e-05
24940.000000000004 1.83762e-05
24950.0 1.6666e-05
24960.0 1.50552e-05
24970.0 1.36331e-05
24980.000000000004 1.35328e-05
24990.0 1.41983e-05
25000.0 1.49176e-05
25010.0 1.56643e-05
25019.999999999996 1.64487e-05
25030.0 3.14718e-05
25040.0 2.68696e-05
25050.0 2.96501e-05
25059.999999999996 2.98775e-05
25070.0 3.11959e-05
25080.0 3.37849e-05
25090.0 3.15535e-05
25099.999999999996 3.19682e-05
25110.0 2.95461e-05
25120.0 2.28708e-05
25130.0 3.13081e-05
25139.999999999996 3.21989e-05
25150.0 3.00736e-05
25160.0 2.80729e-05
25170.0 2.84353e-05
25179.999999999996 3.11519e-05
25190.0 3.20879e-05
25200.0 2.61544e-05
25210.0 2.73041e-05
25219.999999999996 2.26944e-05
25230.0 1.49974e-05
25240.0 1.01085e-05
25250.0 5.39677e-06
25259.999999999996 5.89937e-06
25270.0 9.3407e-06
25280.0 7.29013e-06
25290.0 1.38253e-05
25299.999999999996 2.30864e-05
25310.0 3.18279e-05
25320.0 3.04526e-05
25330.0 2.53275e-05
25339.999999999996 2.71346e-05
25350.0 3.72516e-05
25360.0 2.98632e-05
25370.0 2.37803e-05
25379.999999999996 2.35583e-05
25390.0 3.15899e-05
25400.0 3.06285e-05
25410.0 2.18547e-05
25419.999999999996 1.74045e-05
25430.0 2.87513e-05
25440.0 2.85108e-05
25450.0 2.78799e-05
25460.0 2.57313e-05
25470.0 1.99868e-05
25480.0 2.00853e-05
25490.0 2.42083e-05
25500.0 2.85758e-05
25510.0 2.47852e-05
25520.0 2.01488e-05
25530.0 1.94624e-05
25540.0 2.17602e-05
25550.0 2.06168e-05
25560.0 2.16896e-05
25570.0 2.21733e-05
25580.0 2.10944e-05
25590.0 1.7353e-05
25600.0 1.40319e-05
25610.0 1.56826e-05
25620.0 2.37825e-05
25630.0 2.67311e-05
25640.0 3.52448e-05
25650.0 3.24083e-05
25660.0 6.03949e-06
25670.0 8.58002e-06
25680.0 1.22306e-05
25690.0 1.63804e-05
25700.0 2.03694e-05
25710.0 2.46552e-05
25720.0 2.43396e-05
25730.0 2.08897e-05
25740.0 1.70156e-05
25750.0 2.68578e-05
25760.0 2.77677e-05
25770.0 2.06928e-05
25780.0 1.52325e-05
25790.0 1.94579e-05
25800.0 1.60725e-05
25810.0 5.75624e-06
25820.0 9.44526e-06
25830.000000000004 1.27251e-05
25840.0 1.77615e-05
25850.0 2.48719e-05
25860.0 2.96178e-05
25870.000000000004 3.33733e-05
25880.0 3.08984e-05
25890.0 2.00727e-05
25900.0 2.77976e-05
25910.000000000004 2.79008e-05
25920.0 2.34338e-05
25930.0 1.6771e-05
25940.0 1.61305e-05
25950.000000000004 1.50359e-05
25960.0 1.40842e-05
25970.0 1.42683e-05
25980.0 1.40157e-05
25990.000000000004 1.18449e-05
26000.0 1.15045e-05
26010.0 2.17912e-05
26020.0 2.04117e-05
26030.000000000004 1.94911e-05
26040.0 1.96281e-05
26050.0 1.61035e-05
26060.0 9.46366e-06
26070.000000000004 1.05638e-05
26080.0 1.8252e-05
26090.0 6.71529e-06
26100.0 6.05185e-06
26110.000000000004 7.43351e-06
26120.0 6.84693e-06
26130.0 1.52566e-06
26140.0 7.90022e-06
26150.000000000004 1.19005e-05
26160.0 4.06701e-06
26170.0 8.17267e-06
26180.0 1.66771e-05
26190.000000000004 2.15879e-05
26200.0 1.37474e-05
26210.0 1.06959e-05
26220.0 1.21541e-05
26230.000000000004 1.50449e-05
26240.0 1.41812e-05
26250.0 7.20748e-06
26260.0 3.93691e-06
26269.999999999996 6.09984e-06
26280.0 1.59401e-05
26290.0 2.12302e-05
26300.0 2.16452e-05
26309.999999999996 1.79627e-05
26320.0 1.40021e-05
26330.0 1.53019e-05
26340.0 1.59587e-05
26349.999999999996 1.45771e-05
26360.0 1.63574e-05
26370.0 1.6892e-05
26380.0 1.76591e-05
26389.999999999996 1.92704e-05
26400.0 1.75932e-05
26410.0 1.43729e-05
26420.0 1.16836e-05
26429.999999999996 1.13139e-05
26440.0 1.9875e-05
26450.0 2.78352e-05
26460.0 3.09913e-05
26469.999999999996 2.32499e-05
26480.0 1.77821e-05
26490.0 1.35855e-05
26500.0 1.17004e-05
26509.999999999996 1.47546e-05
26520.0 1.94173e-05
26530.0 1.87385e-05
26540.0 1.28576e-05
26549.999999999996 5.45209e-06
26560.0 8.48335e-06
26570.0 1.47503e-05
26580.0 2.05557e-05
26589.999999999996 1.51049e-05
26600.0 1.05159e-05
26610.0 9.61694e-06
26620.0 1.34726e-05
26629.999999999996 1.85744e-05
26640.0 1.33605e-05
26650.0 8.09239e-06
26660.0 9.40691e-06
26669.999999999996 1.04076e-05
26680.0 1.38715e-05
26690.0 1.47167e-05
26700.0 7.32948e-06
26710.0 4.58835e-06
26720.0 4.93085e-06
26730.0 5.25844e-06
26740.0 4.27564e-07
26750.0 6.35561e-08
26760.0 6.97696e-06
26770.0 1.61838e-05
26780.0 1.40174e-05
26790.0 1.40424e-05
26800.0 1.60003e-05
26810.0 1.88678e-05
26820.0 1.84405e-05
26830.0 1.20792e-05
26840.0 5.8924e-06
26850.0 2.9313e-06
26860.0 1.13124e-05
26870.0 1.3146e-05
26880.0 1.07726e-05
26890.0 5.75006e-06
26900.0 8.77182e-06
26910.0 8.40311e-06
26920.0 7.07827e-06
26930.0 6.71399e-06
26940.0 5.38657e-06
26950.0 2.66848e-06
26960.0 3.63333e-06
26970.0 1.53293e-05
26980.0 2.09e-05
26990.0 1.88607e-05
27000.0 1.29452e-05
27010.0 1.06137e-05
27020.0 6.79171e-06
27030.0 8.14289e-06
27040.0 1.45187e-05
27050.0 2.26561e-05
27060.0 1.98213e-05
27070.0 1.10866e-05
27080.000000000004 3.79439e-08
27090.0 1.35693e-08
27100.0 5.42115e-06
27110.0 1.03394e-05
27120.000000000004 1.20429e-05
27130.0 7.36423e-06
27140.0 8.1264e-06
27150.0 8.86155e-06
27160.000000000004 6.36997e-06
27170.0 1.2037e-05
27180.0 1.31e-05
27190.0 1.15943e-05
27200.000000000004 9.36891e-06
27210.0 7.85982e-06
27220.0 9.59833e-06
27230.0 1.13525e-05
27240.000000000004 7.77546e-06
27250.0 2.40892e-06
27260.0 0.0
27270.0 0.0
27280.000000000004 0.0
27290.0 3.5091e-07
27300.0 3.35813e-06
27310.0 7.74966e-06
27320.000000000004 6.37469e-06
27330.0 1.12607e-05
27340.0 1.28486e-05
27350.0 9.25703e-06
27360.000000000004 9.29497e-06
27370.0 1.21973e-05
27380.0 1.50524e-05
27390.0 1.58609e-05
27400.000000000004 5.86098e-06
27410.0 5.84531e-06
27420.0 6.77519e-06
27430.0 1.65252e-06
27440.000000000004 3.52417e-06
27450.0 2.17685e-06
27460.0 9.21626e-07
27470.0 3.98381e-06
27480.000000000004 1.2498e-06
27490.0 0.0
27500.0 3.85863e-07
27510.0 1.93416e-06
27519.999999999996 7.17242e-07
27530.0 1.36695e-06
27540.0 4.76377e-06
27550.0 1.19565e-05
27559.999999999996 9.92971e-06
27570.0 1.09309e-05
27580.0 1.68788e-05
27590.0 2.23319e-05
27599.999999999996 1.46504e-05
27610.0 8.54204e-06
27620.0 8.77363e-06
27630.0 4.66726e-06
27639.999999999996 9.62612e-06
27650.0 1.14095e-05
27660.0 2.77796e-06
27670.0 6.83212e-07
27679.999999999996 0.0
27690.0 0.0
27700.0 0.0
27710.0 6.05247e-06
27719.999999999996 8.49008e-06
27730.0 6.87532e-06
27740.0 5.05053e-07
27750.0 2.5872e-06
27759.999999999996 8.80873e-06
27770.0 1.35949e-05
27780.0 4.08008e-06
27790.0 3.02258e-06
27799.999999999996 6.94289e-06
27810.0 1.22822e-05
27820.0 7.42132e-06
27830.0 3.2357e-06
27839.999999999996 1.76611e-06
27850.0 3.43141e-06
27860.0 6.36729e-06
27870.0 3.35896e-06
27879.999999999996 3.37864e-07
27890.0 1.49828e-07
27900.0 2.58307e-06
27910.0 1.0974e-05
27919.999999999996 1.61457e-05
27930.0 1.1031e-05
27940.0 7.4867e-06
27950.0 3.71016e-06
27960.0 1.8235e-06
27970.0 4.58548e-06
27980.0 7.86516e-06
27990.0 1.31571e-05
28000.0 1.76805e-05
28010.0 1.58752e-05
28020.0 6.61472e-06
28030.0 1.40667e-06
28040.0 9.9186e-07
28050.0 3.51872e-06
28060.0 1.47541e-06
28070.0 0.0
28080.0 0.0
28090.0 0.0
28100.0 0.0
28110.0 0.0
28120.0 5.00575e-07
28130.0 6.1584e-06
28140.0 3.48877e-06
28150.0 0.0
28160.0 1.20986e-08
28170.0 1.23128e-07
28180.0 4.42053e-06
28190.0 6.74666e-06
28200.0 1.13887e-06
28210.0 2.28045e-06
28220.0 1.60489e-06
28230.0 3.06767e-06
28240.0 1.30841e-05
28250.0 9.42045e-06
28260.0 5.30554e-06
28270.0 2.07267e-06
28280.0 2.40682e-07
28290.0 4.61607e-08
28300.0 5.07494e-06
28310.0 1.49712e-05
28320.0 2.62179e-05
28330.000000000004 2.04835e-05
28340.0 1.19078e-05
28350.0 4.80812e-06
28360.0 9.22224e-07
28370.000000000004 4.82779e-07
28380.0 3.85678e-06
28390.0 1.02971e-05
28400.0 4.36821e-06
28410.000000000004 6.55275e-06
28420.0 1.09261e-05
28430.0 1.32577e-05
28440.0 5.86054e-06
28450.000000000004 1.71356e-06
28460.0 2.14258e-07
28470.0 8.85187e-07
28480.0 7.51941e-06
28490.000000000004 9.70536e-06
28500.0 7.83254e-06
28510.0 3.10935e-06
28520.0 2.9234e-06
28530.000000000004 2.85888e-06
28540.0 2.189e-06
28550.0 2.96366e-07
28560.0 4.19184e-06
28570.000000000004 4.23679e-06
28580.0 5.68795e-08
28590.0 1.00492e-07
28600.0 5.81656e-06
28610.000000000004 7.3393e-06
28620.0 2.24543e-06
28630.0 2.19573e-06
28640.0 1.13951e-06
28650.000000000004 2.00626e-07
28660.0 2.14546e-08
28670.0 3.65095e-07
28680.0 4.77744e-06
28690.000000000004 7.12501e-06
28700.0 1.72581e-06
28710.0 7.02768e-06
28720.0 7.53193e-06
28730.000000000004 4.60985e-06
28740.0 3.05076e-07
28750.0 0.0
28760.0 0.0
28769.999999999996 0.0
28780.0 0.0
28790.0 7.26316e-06
28800.0 1.0401e-05
28809.999999999996 7.98387e-06
28820.0 1.20899e-06
28830.0 0.0
28840.0 1.14327e-08
28849.999999999996 1.61916e-08
28860.0 9.91993e-09
28870.0 0.0
28880.0 0.0
28889.999999999996 0.0
28900.0 0.0
28910.0 0.0
28920.0 2.68211e-08
28929.999999999996 7.79415e-08
28940.0 1.97449e-07
28950.0 1.25477e-07
28960.0 0.0
28969.999999999996 0.0
28980.0 0.0
28990.0 0.0
29000.0 0.0
29009.999999999996 0.0
29020.0 9.40996e-08
29030.0 8.37181e-08
29040.0 0.0
29049.999999999996 0.0
29060.0 0.0
29070.0 0.0
29080.0 0.0
29089.999999999996 0.0
29100.0 0.0
29110.0 0.0
29120.0 0.0
29129.999999999996 0.0
29140.0 0.0
29150.0 0.0
29160.0 0.0
29169.999999999996 0.0
29180.0 0.0
29190.0 0.0
29200.0 0.0
29210.0 8.57685e-07
29220.0 6.2144e-07
29230.0 0.0
29240.0 0.0
29250.0 0.0
29260.0 0.0
29270.0 0.0
29280.0 0.0
29290.0 0.0
29300.0 0.0
29310.0 0.0
29320.0 0.0
29330.0 2.94672e-08
29340.0 4.22236e-07
29350.0 1.04116e-06
29360.0 4.21766e-07
29370.0 5.50478e-06
29380.0 6.49443e-06
29390.0 1.13624e-07
29400.0 3.15215e-08
29410.0 0.0
29420.0 1.50561e-06
29430.0 5.41706e-06
29440.0 1.36011e-06
29450.0 0.0
29460.0 0.0
29470.0 0.0
29480.0 0.0
29490.0 0.0
29500.0 2.34501e-08
29510.0 8.03413e-08
29520.0 1.42971e-07
29530.0 1.0368e-07
29540.0 0.0
29550.0 0.0
29560.0 0.0
29570.0 0.0
29580.000000000004 0.0
29590.0 0.0
29600.0 0.0
29610.0 1.90612e-06
29620.000000000004 5.67074e-06
29630.0 5.5632e-06
29640.0 2.47172e-06
29650.0 0.0
29660.000000000004 0.0
29670.0 0.0
29680.0 0.0
29690.0 0.0
29700.000000000004 0.0
29710.0 0.0
29720.0 0.0
29730.0 0.0
29740.000000000004 0.0
29750.0 0.0
29760.0 0.0
29770.0 0.0
29780.000000000004 0.0
29790.0 0.0
29800.0 0.0
29810.0 3.81372e-07
29820.000000000004 2.41795e-06
29830.0 9.36793e-06
29840.0 1.78483e-05
29850.0 2.41458e-05
29860.000000000004 1.1892e-05
29870.0 3.89807e-06
29880.0 0.0
29890.0 0.0
29900.000000000004 0.0
29910.0 0.0
29920.0 0.0
29930.0 0.0
29940.000000000004 0.0
29950.0 0.0
29960.0 0.0
29970.0 0.0
29980.000000000004 0.0
29990.0 0.0
30000.0 0.0
30010.0 0.0
30019.999999999996 3.97844e-06
30030.0 6.76829e-06
30040.0 6.90205e-06
30050.0 1.62998e-06
30059.999999999996 3.31251e-07
30070.0 0.0
30080.0 5.60837e-07
30090.0 4.03974e-06
30099.999999999996 7.55229e-06
30110.0 8.74173e-06
30120.0 7.8234e-06
30130.0 1.26228e-05
30139.999999999996 1.03466e-05
30150.0 5.34998e-06
30160.0 1.97795e-07
30170.0 3.40329e-06
30179.999999999996 5.35909e-06
30190.0 4.97155e-06
30200.0 1.21434e-06
30210.0 3.21781e-07
30219.999999999996 1.8605e-06
30230.0 4.33026e-06
30240.0 5.86397e-06
30250.0 9.3552e-06
30259.999999999996 1.66468e-05
30270.0 2.3535e-05
30280.0 2.12176e-05
30290.0 1.94889e-05
30299.999999999996 1.70755e-05
30310.0 1.50245e-05
30320.0 1.73648e-05
30330.0 1.62079e-05
30339.999999999996 1.60944e-05
30350.0 1.79752e-05
30360.0 2.09369e-05
30370.0 1.63312e-05
30379.999999999996 1.79396e-05
30390.0 3.04248e-05
30400.0 4.22973e-05
30410.0 3.96993e-05
30419.999999999996 2.96714e-05
30430.0 1.63934e-05
30440.0 7.26002e-06
30450.0 3.62524e-06
30460.0 2.78581e-06
30470.0 2.28515e-06
30480.0 8.06239e-06
30490.0 1.75262e-05
30500.0 2.56078e-05
30510.0 2.42536e-05
30520.0 2.02783e-05
30530.0 1.89011e-05
30540.0 1.83882e-05
30550.0 1.32402e-05
30560.0 4.61648e-06
30570.0 1.04002e-06
30580.0 3.70763e-06
30590.0 1.13046e-05
30600.0 1.69577e-05
30610.0 2.1063e-05
30620.0 2.32946e-05
30630.0 2.08036e-05
30640.0 2.07668e-05
30650.0 2.38773e-05
30660.0 3.01314e-05
30670.0 3.12847e-05
30680.0 2.71071e-05
30690.0 2.20332e-05
30700.0 1.94259e-05
30710.0 1.67693e-05
30720.0 1.87869e-05
30730.0 2.31574e-05
30740.0 2.71992e-05
30750.0 1.85683e-05
30760.0 1.18288e-05
30770.0 8.2437e-06
30780.0 8.99898e-06
30790.0 8.47547e-06
30800.0 1.1789e-05
30810.0 1.86978e-05
30820.0 2.66414e-05
30830.000000000004 2.67567e-05
30840.0 2.5039e-05
30850.0 2.30669e-05
30860.0 2.17997e-05
30870.000000000004 2.01903e-05
30880.0 1.82667e-05
30890.0 1.67885e-05
30900.0 2.32338e-05
30910.000000000004 3.04154e-05
30920.0 3.29276e-05
30930.0 2.76083e-05
30940.0 2.68793e-05
30950.000000000004 2.66665e-05
30960.0 2.79432e-05
30970.0 3.17568e-05
30980.0 2.81457e-05
30990.000000000004 2.60693e-05
31000.0 2.61923e-05
31010.0 2.93891e-05
31020.0 2.78544e-05
31030.000000000004 2.96445e-05
31040.0 3.35671e-05
31050.0 3.52027e-05
31060.0 3.59797e-05
31070.000000000004 3.70349e-05
31080.0 3.76996e-05
31090.0 3.46735e-05
31100.0 3.5787e-05
31110.000000000004 3.65054e-05
31120.0 3.59769e-05
31130.0 3.76022e-05
31140.0 4.32562e-05
31150.000000000004 4.90243e-05
31160.0 5.29652e-05
31170.0 5.38654e-05
31180.0 5.43091e-05
31190.000000000004 5.35387e-05
31200.0 5.09761e-05
31210.0 5.37418e-05
31220.0 5.74946e-05
31230.000000000004 6.2425e-05
31240.0 6.89187e-05
31250.0 7.40078e-05
31260.0 7.64393e-05
31269.999999999996 7.59642e-05
31280.0 7.17996e-05
31290.0 6.97935e-05
31300.0 7.37174e-05
31309.999999999996 8.10169e-05
31320.0 8.29618e-05
31330.0 8.06128e-05
31340.0 7.50849e-05
31349.999999999996 6.86066e-05
31360.0 7.13636e-05
31370.0 8.15321e-05
31380.0 8.43811e-05
31389.999999999996 7.55846e-05
31400.0 6.76583e-05
31410.0 6.98843e-05
31420.0 7.59536e-05
31429.999999999996 8.20586e-05
31440.0 7.81091e-05
31450.0 8.06384e-05
31460.0 8.61283e-05
31469.999999999996 9.15829e-05
31480.0 9.18015e-05
31490.0 9.02424e-05
31500.0 8.64033e-05
31509.999999999996 7.92875e-05
31520.0 7.57536e-05
31530.0 7.93788e-05
31540.0 8.68431e-05
31549.999999999996 9.02816e-05
31560.0 9.1059e-05
31570.0 8.91429e-05
31580.0 8.54946e-05
31589.999999999996 8.36672e-05
31600.0 8.06328e-05
31610.0 7.79583e-05
31620.0 7.51148e-05
31629.999999999996 6.59027e-05
31640.0 6.17168e-05
31650.0 6.34733e-05
31660.0 7.14731e-05
31669.999999999996 8.05765e-05
31680.0 8.44109e-05
31690.0 8.50629e-05
31700.0 8.37927e-05
31710.0 8.26786e-05
31720.0 8.54188e-05
31730.0 8.93242e-05
31740.0 9.14525e-05
31750.0 9.00925e-05
31760.0 8.89073e-05
31770.0 8.89654e-05
31780.0 9.19756e-05
31790.0 9.15315e-05
31800.0 9.05872e-05
31810.0 9.04268e-05
31820.0 9.39131e-05
31830.0 9.35238e-05
31840.0 9.21417e-05
31850.0 9.06433e-05
31860.0 9.01493e-05
31870.0 8.97237e-05
31880.0 8.86458e-05
31890.0 8.68376e-05
31900.0 8.55693e-05
31910.0 8.52807e-05
31920.0 8.70058e-05
31930.0 9.14894e-05
31940.0 9.85132e-05
31950.0 0.00010133
31960.0 0.000100901
31970.0 9.78757e-05
31980.0 0.000107451
31990.0 0.000108686
32000.0 0.000105129
32010.0 0.000101809
32020.0 9.72449e-05
32030.0 9.22183e-05
32040.0 8.74803e-05
32050.0 8.46495e-05
32060.0 8.32826e-05
32070.0 8.33739e-05
32080.000000000004 8.56191e-05
32090.0 9.25773e-05
32100.0 9.93474e-05
32110.0 0.000102852
32120.000000000004 0.000101978
32130.0 9.5626e-05
32140.0 8.58794e-05
32150.0 8.22795e-05
32160.000000000004 8.87343e-05
32170.0 9.74215e-05
32180.0 0.000102691
32190.0 0.00010336
32200.000000000004 9.83835e-05
32210.0 9.52022e-05
32220.0 9.57092e-05
32230.0 9.68845e-05
32240.000000000004 9.54074e-05
32250.0 9.36554e-05
32260.0 9.35111e-05
32270.0 9.23572e-05
32280.000000000004 8.52399e-05
32290.0 8.23758e-05
32300.0 8.43716e-05
32310.0 8.87238e-05
32320.000000000004 8.8512e-05
32330.0 8.5974e-05
32340.0 8.31437e-05
32350.0 8.02908e-05
32360.000000000004 7.65836e-05
32370.0 7.34213e-05
32380.0 7.1929e-05
32390.0 7.22216e-05
32400.000000000004 7.16851e-05
32410.0 7.36827e-05
32420.0 7.52813e-05
32430.0 7.51366e-05
32440.000000000004 7.78362e-05
32450.0 7.64782e-05
32460.0 7.37515e-05
32470.0 7.18265e-05
32480.000000000004 7.0164e-05
32490.0 6.84804e-05
32500.0 6.94573e-05
32510.0 7.70934e-05
32519.999999999996 8.50597e-05
32530.0 9.3583e-05
32540.0 9.87269e-05
32550.0 9.15928e-05
32559.999999999996 7.98595e-05
32570.0 7.37261e-05
32580.0 7.44355e-05
32590.0 8.14816e-05
32599.999999999996 8.01774e-05
32610.0 7.79603e-05
32620.0 7.77141e-05
32630.0 8.52251e-05
32639.999999999996 8.70918e-05
32650.0 8.52698e-05
32660.0 8.02511e-05
32670.0 7.04184e-05
32679.999999999996 6.89547e-05
32690.0 7.46856e-05
32700.0 8.69642e-05
32710.0 8.97191e-05
32719.999999999996 8.66852e-05
32730.0 8.09644e-05
32740.0 7.56702e-05
32750.0 7.40312e-05
32759.999999999996 7.3639e-05
32770.0 7.59236e-05
32780.0 8.37773e-05
32790.0 8.89911e-05
32800.0 8.58065e-05
32810.0 7.7571e-05
32820.0 7.44057e-05
32830.0 7.79956e-05
32840.0 8.25507e-05
32850.0 8.70066e-05
32860.0 9.15167e-05
32870.0 8.90699e-05
32880.0 8.59349e-05
32890.0 8.4685e-05
32900.0 8.97351e-05
32910.0 9.30008e-05
32920.0 9.50074e-05
32930.0 9.60133e-05
32940.0 9.63686e-05
32950.0 9.1241e-05
32960.0 8.56389e-05
32970.0 8.36302e-05
32980.0 9.20559e-05
32990.0 9.51326e-05
33000.0 9.31019e-05
33010.0 8.59661e-05
33020.0 7.81559e-05
33030.0 7.57806e-05
33040.0 7.74451e-05
33050.0 7.96745e-05
33060.0 7.92282e-05
33070.0 8.06152e-05
33080.0 8.42981e-05
33090.0 8.97334e-05
33100.0 8.86344e-05
33110.0 8.19676e-05
33120.0 7.1741e-05
33130.0 6.79636e-05
33140.0 6.44445e-05
33150.0 6.32811e-05
33160.0 6.57058e-05
33170.0 7.44662e-05
33180.0 7.9951e-05
33190.0 8.37716e-05
33200.0 8.68566e-05
33210.0 8.69829e-05
33220.0 8.4081e-05
33230.0 8.01912e-05
33240.0 7.73302e-05
33250.0 8.20377e-05
33260.0 8.60085e-05
33270.0 8.85792e-05
33280.0 8.90058e-05
33290.0 9.29072e-05
33300.0 9.16416e-05
33310.0 8.48898e-05
33320.0 7.34928e-05
33330.0 7.18462e-05
33340.0 7.38747e-05
33350.0 7.71581e-05
33360.0 7.66126e-05
33370.0 7.30839e-05
33380.0 7.06105e-05
33390.0 7.05861e-05
33400.0 7.40318e-05
33410.0 7.44416e-05
33420.0 7.33067e-05
33430.0 7.141e-05
33440.0 7.06959e-05
33450.0 7.07958e-05
33460.0 7.18458e-05
33470.0 7.39819e-05
33480.0 8.04305e-05
33490.0 8.75791e-05
33500.0 9.04859e-05
33510.0 8.24791e-05
33520.0 7.08609e-05
33530.0 6.86319e-05
33540.0 7.35422e-05
33550.0 8.03737e-05
33560.0 8.20176e-05
33570.0 8.20081e-05
33580.0 8.17588e-05
33590.0 8.42509e-05
33600.0 8.31092e-05
33610.0 7.83127e-05
33620.0 7.06321e-05
33630.0 6.44967e-05
33640.0 6.75577e-05
33650.0 7.40482e-05
33660.0 8.08954e-05
33670.0 7.84306e-05
33680.0 7.63598e-05
33690.0 7.77466e-05
33700.0 8.44808e-05
33710.0 9.10004e-05
33720.0 9.009e-05
33730.0 8.40595e-05
33740.0 7.4736e-05
33750.0 7.01778e-05
33760.0 6.66881e-05
33770.0 6.35718e-05
33780.0 5.99023e-05
33790.0 5.84288e-05
33800.0 5.90614e-05
33810.0 6.06757e-05
33820.0 6.07073e-05
33830.0 6.05823e-05
33840.0 5.94679e-05
33850.0 5.71273e-05
33860.0 5.31535e-05
33870.0 5.10358e-05
33880.0 4.8494e-05
33890.0 4.50976e-05
33900.0 4.29062e-05
33910.0 4.00516e-05
33920.0 3.65167e-05
33930.0 3.25436e-05
33940.0 3.24812e-05
33950.0 3.58948e-05
33960.0 4.04688e-05
33970.0 4.45029e-05
33980.0 3.93094e-05
33990.0 3.55868e-05
34000.0 3.38784e-05
34010.0 3.50391e-05
34020.0 3.73322e-05
34030.0 4.00098e-05
34040.0 4.05406e-05
34050.0 3.39568e-05
34060.0 3.21032e-05
34070.0 3.5139e-05
34080.0 4.08688e-05
34090.0 4.2761e-05
34100.0 3.80823e-05
34110.0 2.86308e-05
34120.0 1.65154e-05
34130.0 1.05839e-05
34140.0 1.13733e-05
34150.0 1.61009e-05
34160.0 2.37397e-05
34170.0 3.29854e-05
34180.0 3.66382e-05
34190.0 3.64767e-05
34200.0 3.34335e-05
34210.0 3.03843e-05
34220.0 2.83839e-05
34230.0 2.84805e-05
34240.0 3.17953e-05
34250.0 4.02406e-05
34260.0 4.19897e-05
34270.0 3.74593e-05
34280.0 2.70572e-05
34290.0 2.77834e-05
34300.0 3.2111e-05
34310.0 3.88235e-05
34320.0 4.68864e-05
34330.0 4.96088e-05
34340.0 4.32509e-05
34350.0 3.11054e-05
34360.0 2.80638e-05
34370.0 3.22953e-05
34380.0 3.59945e-05
34390.0 3.67375e-05
34400.0 3.34693e-05
34410.0 2.92193e-05
34420.0 2.69609e-05
34430.0 2.82988e-05
34440.0 3.46359e-05
34450.0 3.93931e-05
34460.0 4.08237e-05
34470.0 3.74402e-05
34480.0 3.20245e-05
34490.0 2.88843e-05
34500.0 2.84515e-05
34510.0 3.14285e-05
34520.0 3.33161e-05
34530.0 3.25515e-05
34540.0 3.1754e-05
34550.0 3.59116e-05
34560.0 3.61697e-05
34570.0 3.31811e-05
34580.0 2.96482e-05
34590.0 3.32977e-05
34600.0 3.44127e-05
34610.0 3.41172e-05
34620.0 3.26898e-05
34630.0 3.02778e-05
34640.0 2.75557e-05
34650.0 2.94739e-05
34660.0 3.68939e-05
34670.0 3.99337e-05
34680.0 4.1382e-05
34690.0 4.37156e-05
34700.0 4.81899e-05
34710.0 5.01161e-05
34720.0 5.3913e-05
34730.0 5.65364e-05
34740.0 5.51459e-05
34750.0 5.05136e-05
34760.0 4.82864e-05
34770.0 4.73964e-05
34780.0 4.62475e-05
34790.0 4.69154e-05
34800.0 4.92394e-05
34810.0 5.27347e-05
34820.0 5.65061e-05
34830.0 5.44514e-05
34840.0 5.08051e-05
34850.0 4.7515e-05
34860.0 4.91934e-05
34870.0 4.84331e-05
34880.0 4.71108e-05
34890.0 4.60104e-05
34900.0 4.69988e-05
34910.0 4.76481e-05
34920.0 4.91366e-05
34930.0 5.1384e-05
34940.0 4.61692e-05
34950.0 4.15993e-05
34960.0 4.00547e-05
34970.0 4.33705e-05
34980.0 4.66434e-05
34990.0 5.19552e-05
35000.0 5.69735e-05
35010.0 5.90706e-05
35020.0 5.92663e-05
35030.0 6.05626e-05
35040.0 6.1393e-05
35050.0 5.86531e-05
35060.0 5.5749e-05
35070.0 5.1653e-05
35080.0 4.68681e-05
35090.0 4.30936e-05
35100.0 4.40706e-05
35110.0 4.34271e-05
35120.0 4.05518e-05
35130.0 3.89541e-05
35140.0 4.06069e-05
35150.0 4.43255e-05
35160.0 5.00611e-05
35170.0 6.03168e-05
35180.0 6.35607e-05
35190.0 6.17596e-05
35200.0 5.59685e-05
35210.0 5.19396e-05
35220.0 4.53561e-05
35230.0 3.76805e-05
35240.0 3.00972e-05
35250.0 2.81006e-05
35260.0 3.07574e-05
35270.0 3.66708e-05
35280.0 4.41965e-05
35290.0 4.63702e-05
35300.0 4.76184e-05
35310.0 4.88077e-05
35320.0 5.1115e-05
35330.0 5.42828e-05
35340.0 5.54468e-05
35350.0 5.34418e-05
35360.0 4.55207e-05
35370.0 3.90746e-05
35380.0 3.52683e-05
35390.0 3.44885e-05
35400.0 3.6909e-05
35410.0 4.00348e-05
35420.0 4.2135e-05
35430.0 4.27092e-05
35440.0 4.53842e-05
35450.0 4.81695e-05
35460.0 4.90193e-05
35470.0 4.65499e-05
35480.0 4.7681e-05
35490.0 5.23518e-05
35500.0 5.61768e-05
35510.0 5.42992e-05
35520.0 4.39803e-05
35530.0 3.93374e-05
35540.0 3.97511e-05
35550.0 4.3779e-05
35560.0 4.01456e-05
35570.0 3.68133e-05
35580.0 3.49414e-05
35590.0 3.5463e-05
35600.0 3.09842e-05
35610.0 2.82988e-05
35620.0 2.95631e-05
35630.0 3.8289e-05
35640.0 4.53099e-05
35650.0 4.97586e-05
35660.0 5.11491e-05
35670.0 4.86933e-05
35680.0 4.36488e-05
35690.0 3.63649e-05
35700.0 2.70105e-05
35710.0 1.78548e-05
35720.0 1.27347e-05
35730.0 1.0338e-05
35740.0 9.76697e-06
35750.0 1.1529e-05
35760.0 1.61626e-05
35770.0 2.18308e-05
35780.0 2.61437e-05
35790.0 2.56208e-05
35800.0 2.56168e-05
35810.0 2.7353e-05
35820.0 3.27866e-05
35830.0 3.51574e-05
35840.0 3.23795e-05
35850.0 2.61676e-05
35860.0 2.31439e-05
35870.0 2.56546e-05
35880.0 2.98472e-05
35890.0 3.49314e-05
35900.0 4.20091e-05
35910.0 4.66556e-05
35920.0 4.65836e-05
35930.0 4.12458e-05
35940.0 3.73836e-05
35950.0 3.67068e-05
35960.0 3.72513e-05
35970.0 3.77908e-05
35980.0 3.75765e-05
35990.0 3.6498e-05
36000.0 3.49529e-05
36010.0 3.32985e-05
36020.0 3.36335e-05
36030.0 3.48103e-05
36040.0 3.57311e-05
36050.0 3.46016e-05
36060.0 3.31731e-05
36070.0 3.43229e-05
36080.0 3.68336e-05
36090.0 3.69168e-05
36100.0 3.46405e-05
36110.0 3.63149e-05
36120.0 4.22136e-05
36130.0 4.84954e-05
36140.0 4.87628e-05
36150.0 4.46989e-05
36160.0 3.69121e-05
36170.0 2.68857e-05
36180.0 2.2896e-05
36190.0 2.346e-05
36200.0 2.76679e-05
36210.0 2.82756e-05
36220.0 3.05841e-05
36230.0 3.5097e-05
36240.0 4.23715e-05
36250.0 4.34447e-05
36260.0 4.13225e-05
36270.0 3.71379e-05
36280.0 3.21706e-05
36290.0 2.73467e-05
36300.0 2.61433e-05
36310.0 2.7566e-05
36320.0 2.94395e-05
36330.0 2.62381e-05
36340.0 2.32205e-05
36350.0 2.21757e-05
36360.0 2.66797e-05
36370.0 3.25438e-05
36380.0 3.6743e-05
36390.0 3.8829e-05
36400.0 4.05468e-05
36410.0 4.24017e-05
36420.0 4.24491e-05
36430.0 3.98944e-05
36440.0 3.53633e-05
36450.0 3.26809e-05
36460.0 3.1219e-05
36470.0 3.05709e-05
36480.0 2.75768e-05
36490.0 2.51585e-05
36500.0 2.57751e-05
36510.0 3.21419e-05
36520.0 3.90771e-05
36530.0 3.91094e-05
36540.0 3.47224e-05
36550.0 2.97851e-05
36560.0 2.81092e-05
36570.0 2.69521e-05
36580.0 2.6593e-05
36590.0 2.85052e-05
36600.0 2.79719e-05
36610.0 2.49873e-05
36620.0 2.06579e-05
36630.0 1.94966e-05
36640.0 1.75492e-05
36650.0 1.33762e-05
36660.0 7.29987e-06
36670.0 5.28328e-06
36680.0 5.96261e-06
36690.0 8.69252e-06
36700.0 1.32853e-05
36710.0 2.00784e-05
36720.0 2.21728e-05
36730.0 2.03683e-05
36740.0 1.50405e-05
36750.0 1.38039e-05
36760.0 1.48787e-05
36770.0 1.74401e-05
36780.0 2.0569e-05
36790.0 2.08632e-05
36800.0 1.93868e-05
36810.0 1.75363e-05
36820.0 1.78979e-05
36830.0 1.80369e-05
36840.0 1.58322e-05
36850.0 1.16804e-05
36860.0 7.54357e-06
36870.0 5.62518e-06
36880.0 7.00727e-06
36890.0 1.19525e-05
36900.0 2.0355e-05
36910.0 2.31943e-05
36920.0 2.24368e-05
36930.0 1.92013e-05
36940.0 1.83527e-05
36950.0 1.80746e-05
36960.0 1.85341e-05
36970.0 1.99291e-05
36980.0 2.38132e-05
36990.0 2.45019e-05
37000.0 2.27157e-05
37010.0 1.89581e-05
37020.0 1.95551e-05
37030.0 2.16104e-05
37040.0 2.26803e-05
37050.0 1.90157e-05
37060.0 1.17351e-05
37070.0 6.53061e-06
37080.0 3.9458e-06
37090.0 4.33049e-06
37100.0 6.39647e-06
37110.0 7.79787e-06
37120.0 7.85608e-06
37130.0 5.4597e-06
37140.0 2.95176e-06
37150.0 1.46676e-06
37160.0 1.41005e-06
37170.0 3.06943e-06
37180.0 6.69819e-06
37190.0 1.04835e-05
37200.0 1.31485e-05
37210.0 8.6403e-06
37220.0 3.54433e-06
37230.0 8.38263e-08
37240.0 9.46729e-09
37250.0 1.60939e-07
37260.0 1.76803e-06
37270.0 3.05047e-06
37280.0 1.83994e-06
37290.0 5.56085e-07
37300.0 2.74468e-08
37310.0 0.0
37320.0 0.0
37330.0 1.21916e-07
37340.0 1.63283e-06
37350.0 4.18907e-06
37360.0 6.35056e-06
37370.0 5.16223e-06
37380.0 5.9611e-06
37390.0 1.00251e-05
37400.0 1.76745e-05
37410.0 1.87753e-05
37420.0 1.63195e-05
37430.0 1.18077e-05
37440.0 1.0044e-05
37450.0 8.79218e-06
37460.0 7.54988e-06
37470.0 6.08881e-06
37480.0 6.01936e-06
37490.0 6.77072e-06
37500.0 7.52813e-06
37510.0 7.53441e-06
37520.0 5.05663e-06
37530.0 2.23226e-06
37540.0 5.57239e-08
37550.0 1.16702e-08
37560.0 0.0
37570.0 0.0
37580.0 5.94569e-08
37590.0 2.85911e-07
37600.0 1.37522e-06
37610.0 1.22402e-06
37620.0 8.30886e-08
37630.0 1.71025e-07
37640.0 1.19836e-07
37650.0 5.28311e-08
37660.0 0.0
37670.0 0.0
37680.0 1.57906e-07
37690.0 2.55163e-06
37700.0 7.75422e-06
37710.0 8.89708e-06
37720.0 6.69435e-06
37730.0 3.60085e-06
37740.0 1.33023e-06
37750.0 4.01427e-07
37760.0 4.75861e-08
37770.0 0.0
37780.0 0.0
37790.0 0.0
37800.0 0.0
37810.0 0.0
37820.0 0.0
37830.0 4.247e-08
37840.0 8.4528e-07
37850.0 1.7346e-06
37860.0 4.9875e-07
37870.0 1.2173e-07
37880.0 0.0
37890.0 0.0
37900.0 0.0
37910.0 0.0
37920.0 0.0
37930.0 9.04889e-09
37940.0 1.53141e-08
37950.0 4.54011e-07
37960.0 5.79916e-07
37970.0 0.0
37980.0 0.0
37990.0 0.0
38000.0 7.64188e-07
38010.0 3.00736e-06
38020.0 1.01415e-05
38030.0 1.645e-05
38040.0 1.9217e-05
38050.0 1.43044e-05
38060.0 4.34371e-06
38070.0 1.32838e-08
38080.0 0.0
38090.0 0.0
38100.0 1.64721e-06
38110.0 4.64773e-06
38120.0 6.9287e-06
38130.0 1.07509e-06
38140.0 2.49183e-08
38150.0 0.0
38160.0 2.1441e-08
38170.0 1.27805e-07
38180.0 9.90976e-08
38190.0 4.34131e-08
38200.0 0.0
38210.0 0.0
38220.0 0.0
38230.0 2.44776e-08
38240.0 8.92515e-08
38250.0 1.55335e-06
38260.0 3.24928e-06
38270.0 4.90088e-06
38280.0 6.19456e-06
38290.0 2.58979e-06
38300.0 6.10882e-07
38310.0 0.0
38320.0 0.0
38330.0 0.0
38340.0 0.0
38350.0 0.0
38360.0 0.0
38370.0 0.0
38380.0 0.0
38390.0 0.0
38400.0 0.0
38410.0 0.0
38420.0 0.0
38430.0 0.0
38440.0 0.0
38450.0 0.0
38460.0 0.0
38470.0 0.0
38480.0 0.0
38490.0 0.0
38500.0 0.0
38510.0 0.0
38520.0 0.0
38530.0 0.0
38540.0 0.0
38550.0 0.0
38560.0 0.0
38570.0 0.0
38580.0 0.0
38590.0 0.0
38600.0 0.0
38610.0 0.0
38620.0 0.0
38630.0 0.0
38640.0 0.0
38650.0 0.0
38660.0 4.09266e-08
38670.0 2.97069e-07
38680.0 1.80055e-07
38690.0 3.73929e-08
38700.0 0.0
38710.0 0.0
38720.0 7.60814e-08
38730.0 1.15151e-06
38740.0 3.79316e-06
38750.0 1.37629e-06
38760.0 2.94229e-07
38770.0 0.0
38780.0 0.0
38790.0 1.44669e-08
38800.0 2.08512e-06
38810.0 4.93966e-06
38820.0 6.36907e-06
38830.0 2.12232e-06
38840.0 1.33664e-08
38850.0 0.0
38860.0 0.0
38870.0 0.0
38880.0 0.0
38890.0 4.25048e-08
38900.0 2.61051e-07
38910.0 1.01165e-06
38920.0 1.0207e-06
38930.0 7.86053e-08
38940.0 2.24205e-08
38950.0 0.0
38960.0 0.0
38970.0 0.0
38980.0 0.0
38990.0 0.0
39000.0 0.0
39010.0 0.0
39020.0 0.0
39030.0 0.0
39040.0 1.87069e-07
39050.0 7.98841e-07
39060.0 4.31793e-06
39070.0 5.98658e-06
39080.0 6.44599e-06
39090.0 7.55549e-06
39100.0 9.03647e-06
39110.0 9.69957e-06
39120.0 9.27998e-06
39130.0 7.38828e-06
39140.0 3.67563e-06
39150.0 1.01116e-06
39160.0 0.0
39170.0 0.0
39180.0 0.0
39190.0 0.0
39200.0 0.0
39210.0 0.0
39220.0 0.0
39230.0 0.0
39240.0 0.0
39250.0 0.0
39260.0 0.0
39270.0 0.0
39280.0 0.0
39290.0 0.0
39300.0 0.0
39310.0 0.0
39320.0 0.0
39330.0 0.0
39340.0 0.0
39350.0 0.0
39360.0 0.0
39370.0 0.0
39380.0 0.0
39390.0 0.0
39400.0 0.0
39410.0 0.0
39420.0 0.0
39430.0 0.0
39440.0 0.0
39450.0 0.0
39460.0 0.0
39470.0 0.0
39480.0 0.0
39490.0 0.0
39500.0 0.0
39510.0 0.0
39520.0 0.0
39530.0 0.0
39540.0 0.0
39550.0 0.0
39560.0 0.0
39570.0 0.0
39580.0 0.0
39590.0 0.0
39600.0 0.0
39610.0 0.0
39620.0 0.0
39630.0 0.0
39640.0 0.0
39650.0 0.0
39660.0 0.0
39670.0 0.0
39680.0 0.0
39690.0 0.0
39700.0 0.0
39710.0 0.0
39720.0 0.0
39730.0 0.0
39740.0 0.0
39750.0 0.0
39760.0 0.0
39770.0 0.0
39780.0 0.0
39790.0 0.0
39800.0 0.0
39810.0 0.0
39820.0 0.0
39830.0 0.0
39840.0 0.0
39850.0 0.0
39860.0 0.0
39870.0 0.0
39880.0 0.0
39890.0 0.0
39900.0 0.0
39910.0 0.0
39920.0 0.0
39930.0 0.0
39940.0 0.0
39950.0 0.0
39960.0 0.0
39970.0 0.0
39980.0 0.0
39990.0 0.0
40000.0 0.0
40010.0 0.0
40020.0 0.0
40030.0 0.0
40039.99999999999 0.0
40050.0 0.0
40060.0 2.06715e-06
40070.0 6.91622e-06
40080.0 1.13942e-05
40090.0 9.29667e-06
40100.0 3.22947e-06
40110.0 1.59437e-07
40119.99999999999 0.0
40130.0 0.0
40140.0 0.0
40150.0 0.0
40160.0 0.0
40170.0 0.0
40180.0 0.0
40190.0 0.0
40199.99999999999 0.0
40210.0 0.0
40220.0 0.0
40230.0 0.0
40240.0 0.0
40250.0 0.0
40260.0 0.0
40270.0 0.0
40279.99999999999 0.0
40290.0 0.0
40300.0 0.0
40310.0 0.0
40320.0 0.0
40330.0 0.0
40340.0 0.0
40350.0 0.0
40359.99999999999 0.0
40370.0 0.0
40380.0 0.0
40390.0 0.0
40400.0 0.0
40410.00000000001 0.0
40420.0 0.0
40430.0 0.0
40439.99999999999 0.0
40450.0 0.0
40460.0 0.0
40470.0 1.38586e-08
40480.0 1.01286e-07
40490.00000000001 3.12873e-07
40500.0 3.80073e-07
40510.0 1.00714e-07
40519.99999999999 3.19978e-08
40530.0 0.0
40540.0 0.0
40550.0 0.0
40560.0 0.0
40570.00000000001 0.0
40580.0 0.0
40590.0 0.0
40599.99999999999 0.0
40610.0 0.0
40620.0 0.0
40630.0 0.0
40640.0 0.0
40650.00000000001 0.0
40660.0 0.0
40670.0 0.0
40679.99999999999 0.0
40690.0 0.0
40700.0 0.0
40710.0 0.0
40720.0 0.0
40730.00000000001 0.0
40740.0 0.0
40750.0 0.0
40759.99999999999 0.0
40770.0 0.0
40780.0 0.0
40790.0 0.0
40800.0 0.0
40810.00000000001 0.0
40820.0 0.0
40830.0 0.0
40839.99999999999 0.0
40850.0 0.0
40860.0 0.0
40870.0 0.0
40880.0 0.0
40890.00000000001 0.0
40900.0 0.0
40910.0 0.0
40920.0 0.0
40930.0 0.0
40940.0 0.0
40950.0 0.0
40960.0 0.0
40970.00000000001 0.0
40980.0 0.0
40990.0 0.0
41000.0 0.0
41010.0 0.0
41020.0 0.0
41030.0 0.0
41040.0 0.0
41050.00000000001 0.0
41060.0 0.0
41070.0 0.0
41080.0 1.60436e-08
41090.0 4.58234e-08
41100.0 5.58339e-08
41110.0 3.84851e-08
41120.0 0.0
41130.00000000001 0.0
41140.0 0.0
41150.0 0.0
41160.0 0.0
41170.0 0.0
41180.0 0.0
41190.0 0.0
41200.0 0.0
41210.00000000001 0.0
41220.0 0.0
41230.0 0.0
41240.0 0.0
41250.0 0.0
41260.0 0.0
41270.0 0.0
41280.0 0.0
41289.99999999999 0.0
41300.0 0.0
41310.0 0.0
41320.0 0.0
41330.0 0.0
41340.0 0.0
41350.0 0.0
41360.0 0.0
41369.99999999999 0.0
41380.0 0.0
41390.0 0.0
41400.0 0.0
41410.0 0.0
41420.0 0.0
41430.0 0.0
41440.0 0.0
41449.99999999999 0.0
41460.0 0.0
41470.0 0.0
41480.0 0.0
41490.0 0.0
41500.0 0.0
41510.0 0.0
41520.0 0.0
41529.99999999999 0.0
41540.0 0.0
41550.0 0.0
41560.0 0.0
41570.0 0.0
41580.0 0.0
41590.0 0.0
41600.0 0.0
41609.99999999999 0.0
41620.0 1.66816e-08
41630.0 5.64545e-08
41640.0 3.06719e-06
41650.0 4.86579e-06
41660.00000000001 4.41201e-06
41670.0 7.67679e-07
41680.0 2.32336e-08
41689.99999999999 0.0
41700.0 0.0
41710.0 0.0
41720.0 0.0
41730.0 0.0
41740.00000000001 0.0
41750.0 0.0
41760.0 0.0
41769.99999999999 0.0
41780.0 0.0
41790.0 0.0
41800.0 0.0
41810.0 0.0
41820.00000000001 0.0
41830.0 0.0
41840.0 0.0
41849.99999999999 0.0
41860.0 0.0
41870.0 0.0
41880.0 0.0
41890.0 0.0
41900.00000000001 0.0
41910.0 0.0
41920.0 0.0
41929.99999999999 0.0
41940.0 0.0
41950.0 0.0
41960.0 0.0
41970.0 0.0
41980.00000000001 0.0
41990.0 0.0
42000.0 0.0
42009.99999999999 0.0
42020.0 0.0
42030.0 0.0
42040.0 0.0
42050.0 0.0
42060.00000000001 0.0
42070.0 0.0
42080.0 0.0
42089.99999999999 0.0
42100.0 0.0
42110.0 0.0
42120.0 0.0
42130.0 0.0
42140.00000000001 0.0
42150.0 0.0
42160.0 0.0
42170.0 0.0
42180.0 0.0
42190.0 0.0
42200.0 0.0
42210.0 0.0
42220.00000000001 0.0
42230.0 0.0
42240.0 0.0
42250.0 0.0
42260.0 0.0
42270.0 0.0
42280.0 0.0
42290.0 0.0
42300.00000000001 0.0
42310.0 0.0
42320.0 0.0
42330.0 0.0
42340.0 0.0
42350.0 0.0
42360.0 0.0
42370.0 0.0
42380.00000000001 0.0
42390.0 0.0
42400.0 0.0
42410.0 0.0
42420.0 0.0
42430.0 0.0
42440.0 0.0
42450.0 0.0
42460.00000000001 0.0
42470.0 0.0
42480.0 0.0
42490.0 0.0
42500.0 0.0
42510.0 0.0
42520.0 0.0
42530.0 0.0
42539.99999999999 0.0
42550.0 0.0
42560.0 0.0
42570.0 0.0
42580.0 0.0
42590.0 0.0
42600.0 0.0
42610.0 0.0
42619.99999999999 0.0
42630.0 0.0
42640.0 0.0
42650.0 2.46974e-08
42660.0 8.10352e-07
42670.0 5.4938e-06
42680.0 8.80875e-06
42690.0 1.05871e-05
42699.99999999999 1.08214e-05
42710.0 1.01347e-05
42720.0 8.9476e-06
42730.0 6.71132e-06
42740.0 3.22862e-06
42750.0 7.86002e-07
42760.0 3.50987e-08
42770.0 0.0
42779.99999999999 0.0
42790.0 0.0
42800.0 0.0
42810.0 0.0
42820.0 0.0
42830.0 3.3743e-08
42840.0 3.67934e-06
42850.0 8.87174e-06
42859.99999999999 1.1276e-05
42870.0 5.1419e-06
42880.0 1.16954e-06
42890.0 1.00921e-07
42900.0 2.1118e-08
42910.00000000001 0.0
42920.0 0.0
42930.0 0.0
42939.99999999999 0.0
42950.0 0.0
42960.0 0.0
42970.0 0.0
42980.0 0.0
42990.00000000001 0.0
43000.0 0.0
43010.0 0.0
43019.99999999999 0.0
43030.0 0.0
43040.0 0.0
43050.0 0.0
43060.0 0.0
43070.00000000001 0.0
43080.0 0.0
43090.0 0.0
43099.99999999999 0.0
43110.0 0.0
43120.0 0.0
43130.0 0.0
43140.0 0.0
43150.00000000001 0.0
43160.0 0.0
43170.0 0.0
43179.99999999999 0.0
43190.0 0.0
43200.0 0.0
43210.0 0.0
43220.0 0.0
43230.00000000001 0.0
43240.0 0.0
43250.0 0.0
43259.99999999999 0.0
43270.0 0.0
43280.0 0.0
43290.0 0.0
43300.0 0.0
43310.00000000001 0.0
43320.0 0.0
43330.0 0.0
43339.99999999999 0.0
43350.0 0.0
43360.0 0.0
43370.0 0.0
43380.0 0.0
43390.00000000001 0.0
43400.0 0.0
43410.0 0.0
43420.0 2.05745e-08
43430.0 7.27273e-08
43440.0 2.89266e-07
43450.0 1.47217e-07
43460.0 1.24542e-08
43470.00000000001 0.0
43480.0 0.0
43490.0 0.0
43500.0 0.0
43510.0 0.0
43520.0 0.0
43530.0 0.0
43540.0 0.0
43550.00000000001 0.0
43560.0 0.0
43570.0 0.0
43580.0 0.0
43590.0 0.0
43600.0 0.0
43610.0 0.0
43620.0 0.0
43630.00000000001 0.0
43640.0 0.0
43650.0 0.0
43660.0 0.0
43670.0 0.0
43680.0 0.0
43690.0 0.0
43700.0 0.0
43710.00000000001 0.0
43720.0 0.0
43730.0 0.0
43740.0 0.0
43750.0 0.0
43760.0 0.0
43770.0 0.0
43780.0 0.0
43789.99999999999 0.0
43800.0 0.0
43810.0 0.0
43820.0 0.0
43830.0 0.0
43840.0 0.0
43850.0 0.0
43860.0 0.0
43869.99999999999 0.0
43880.0 0.0
43890.0 0.0
43900.0 0.0
43910.0 0.0
43920.0 3.80421e-08
43930.0 2.04394e-07
43940.0 9.89739e-07
43949.99999999999 4.04783e-06
43960.0 4.23274e-06
43970.0 4.40523e-07
43980.0 1.25553e-07
43990.0 2.45099e-08
44000.0 0.0
44010.0 0.0
44020.0 0.0
44029.99999999999 0.0
44040.0 0.0
44050.0 0.0
44060.0 0.0
44070.0 0.0
44080.0 0.0
44090.0 0.0
44100.0 0.0
44109.99999999999 0.0
44120.0 0.0
44130.0 0.0
44140.0 0.0
44150.0 0.0
44160.00000000001 0.0
44170.0 0.0
44180.0 0.0
44189.99999999999 0.0
44200.0 0.0
44210.0 0.0
44220.0 0.0
44230.0 0.0
44240.00000000001 0.0
44250.0 0.0
44260.0 0.0
44269.99999999999 1.21871e-08
44280.0 2.58278e-08
44290.0 2.24767e-07
44300.0 1.35846e-06
44310.0 1.97733e-06
44320.00000000001 4.14598e-07
44330.0 1.07929e-07
44340.0 0.0
44349.99999999999 0.0
44360.0 0.0
44370.0 0.0
44380.0 0.0
44390.0 0.0
44400.00000000001 0.0
44410.0 7.71208e-08
44420.0 2.30024e-06
44429.99999999999 6.52804e-06
44440.0 1.00579e-05
44450.0 1.05451e-05
44460.0 8.82504e-06
44470.0 5.37935e-06
44480.00000000001 2.32266e-06
44490.0 7.18285e-07
44500.0 3.55181e-08
44509.99999999999 0.0
44520.0 0.0
44530.0 0.0
44540.0 0.0
44550.0 0.0
44560.00000000001 0.0
44570.0 0.0
44580.0 0.0
44589.99999999999 0.0
44600.0 0.0
44610.0 0.0
44620.0 0.0
44630.0 0.0
44640.00000000001 0.0
44650.0 0.0
44660.0 0.0
44670.0 0.0
44680.0 0.0
44690.0 0.0
44700.0 0.0
44710.0 0.0
44720.00000000001 0.0
44730.0 0.0
44740.0 0.0
44750.0 0.0
44760.0 0.0
44770.0 0.0
44780.0 0.0
44790.0 0.0
44800.00000000001 0.0
44810.0 0.0
44820.0 0.0
44830.0 0.0
44840.0 0.0
44850.0 0.0
44860.0 0.0
44870.0 0.0
44880.00000000001 0.0
44890.0 0.0
44900.0 0.0
44910.0 3.64081e-08
44920.0 2.51775e-07
44930.0 5.19434e-07
44940.0 1.04034e-07
44950.0 1.40611e-08
44960.00000000001 0.0
44970.0 0.0
44980.0 0.0
44990.0 1.26701e-07
45000.0 3.66383e-07
45010.0 6.8727e-07
45020.0 1.69016e-07
45030.0 9.97325e-09
45039.99999999999 0.0
45050.0 0.0
45060.0 0.0
45070.0 0.0
45080.0 0.0
45090.0 0.0
45100.0 0.0
45110.0 0.0
45119.99999999999 0.0
45130.0 0.0
45140.0 0.0
45150.0 0.0
45160.0 0.0
45170.0 0.0
45180.0 0.0
45190.0 0.0
45199.99999999999 0.0
45210.0 0.0
45220.0 0.0
45230.0 0.0
45240.0 0.0
45250.0 0.0
45260.0 0.0
45270.0 0.0
45279.99999999999 0.0
45290.0 0.0
45300.0 0.0
45310.0 0.0
45320.0 0.0
45330.0 0.0
45340.0 0.0
45350.0 0.0
45359.99999999999 0.0
45370.0 0.0
45380.0 0.0
45390.0 0.0
45400.0 0.0
45410.00000000001 0.0
45420.0 3.2085e-08
45430.0 1.61163e-07
45439.99999999999 7.21926e-07
45450.0 1.43871e-06
45460.0 1.26294e-06
45470.0 1.08971e-07
45480.0 2.80436e-08
45490.00000000001 0.0
45500.0 0.0
45510.0 0.0
45519.99999999999 0.0
45530.0 0.0
45540.0 0.0
45550.0 0.0
45560.0 0.0
45570.00000000001 0.0
45580.0 0.0
45590.0 0.0
45599.99999999999 0.0
45610.0 0.0
45620.0 1.15793e-07
45630.0 5.58351e-07
45640.0 6.62938e-06
45650.00000000001 1.23181e-05
45660.0 1.62637e-05
45670.0 1.66474e-05
45679.99999999999 1.64459e-05
45690.0 1.59066e-05
45700.0 1.49681e-05
45710.0 1.30102e-05
45720.0 1.0282e-05
45730.00000000001 7.40801e-06
45740.0 4.56464e-06
45750.0 1.02506e-06
45759.99999999999 3.57716e-08
45770.0 8.22261e-09
45780.0 8.80935e-09
45790.0 2.70441e-08
45800.0 1.95541e-07
45810.00000000001 2.56887e-06
45820.0 9.36826e-06
45830.0 6.68121e-06
45839.99999999999 3.23256e-06
45850.0 4.00549e-07
45860.0 3.72882e-08
45870.0 0.0
45880.0 0.0
45890.00000000001 8.24851e-09
45900.0 8.5094e-09
45910.0 3.45361e-07
45920.0 2.06275e-06
45930.0 4.66008e-06
45940.0 5.38811e-06
45950.0 2.24481e-06
45960.0 5.10104e-08
45970.00000000001 0.0
45980.0 0.0
45990.0 0.0
46000.0 2.43782e-08
46010.0 2.41969e-07
46020.0 3.41926e-06
46030.0 6.69601e-06
46040.0 8.76867e-06
46050.00000000001 8.56232e-06
46060.0 5.16511e-06
46070.0 2.57142e-06
46080.0 1.0572e-06
46090.0 1.05641e-06
46100.0 5.08997e-06
46110.0 8.00373e-06
46120.0 9.56675e-06
46130.00000000001 9.73833e-06
46140.0 8.47357e-06
46150.0 7.90905e-06
46160.0 7.13602e-06
46170.0 2.45783e-06
46180.0 6.58178e-07
46190.0 1.44779e-08
46200.0 0.0
46210.00000000001 0.0
46220.0 0.0
46230.0 0.0
46240.0 0.0
46250.0 0.0
46260.0 0.0
46270.0 4.68987e-08
46280.0 2.38066e-07
46289.99999999999 3.16832e-06
46300.0 6.86833e-06
46310.0 1.02553e-05
46320.0 1.22726e-05
46330.0 7.90227e-06
46340.0 3.35945e-06
46350.0 4.47178e-08
46360.0 1.07418e-08
46369.99999999999 1.01141e-08
46380.0 3.56122e-07
46390.0 2.04444e-06
46400.0 7.53883e-06
46410.0 1.20398e-05
46420.0 1.0778e-05
46430.0 4.81199e-06
46440.0 1.20288e-06
46449.99999999999 2.22271e-07
46460.0 1.02231e-08
46470.0 0.0
46480.0 0.0
46490.0 0.0
46500.0 1.12006e-07
46510.0 7.17018e-07
46520.0 6.76738e-06
46529.99999999999 8.70397e-06
46540.0 7.47519e-06
46550.0 3.59996e-06
46560.0 2.20212e-06
46570.0 3.6306e-06
46580.0 7.19131e-06
46590.0 1.22297e-05
46600.0 1.8335e-05
46609.99999999999 2.02623e-05
46620.0 1.86604e-05
46630.0 1.48732e-05
46640.0 1.06793e-05
46650.0 5.24576e-06
46660.00000000001 8.58373e-08
46670.0 1.85126e-08
46680.0 0.0
46689.99999999999 1.50567e-07
46700.0 1.22007e-06
46710.0 6.9384e-06
46720.0 1.00893e-05
46730.0 1.19832e-05
46740.00000000001 1.30985e-05
46750.0 1.3849e-05
46760.0 1.49802e-05
46769.99999999999 1.48238e-05
46780.0 1.23277e-05
46790.0 7.26777e-06
46800.0 2.83172e-06
46810.0 5.19305e-08
46820.00000000001 8.95097e-09
46830.0 0.0
46840.0 1.56642e-07
46849.99999999999 1.17245e-06
46860.0 4.18726e-06
46870.0 8.06069e-06
46880.0 1.15959e-05
46890.0 1.46005e-05
46900.00000000001 1.68055e-05
46910.0 1.62994e-05
46920.0 1.52492e-05
46929.99999999999 1.41005e-05
46940.0 1.3169e-05
46950.0 1.40485e-05
46960.0 1.48213e-05
46970.0 1.4926e-05
46980.00000000001 1.42023e-05
46990.0 1.29109e-05
47000.0 1.17252e-05
47009.99999999999 1.09744e-05
47020.0 1.09526e-05
47030.0 7.63224e-06
47040.0 3.66737e-06
47050.0 9.074e-07
47060.00000000001 2.50076e-07
47070.0 1.79283e-08
47080.0 8.99754e-09
47089.99999999999 1.15066e-08
47100.0 7.27565e-07
47110.0 5.62073e-06
47120.0 1.19319e-05
47130.0 1.45588e-05
47140.00000000001 1.20856e-05
47150.0 7.17333e-06
47160.0 1.73328e-06
47170.0 2.47152e-07
47180.0 1.48179e-08
47190.0 0.0
47200.0 0.0
47210.0 0.0
47220.00000000001 3.79355e-08
47230.0 7.02252e-07
47240.0 2.24295e-06
47250.0 4.70224e-06
47260.0 7.06243e-06
47270.0 7.94522e-06
47280.0 6.60789e-06
47290.0 5.66443e-06
47300.00000000001 5.11636e-06
47310.0 5.45139e-06
47320.0 7.1631e-06
47330.0 7.87454e-06
47340.0 7.88044e-06
47350.0 7.03131e-06
47360.0 5.03825e-06
47370.0 4.41433e-06
47380.00000000001 4.8485e-06
47390.0 5.95788e-06
47400.0 7.02157e-06
47410.0 7.53366e-06
47420.0 6.56541e-06
47430.0 4.42564e-06
47440.0 2.66475e-06
47450.0 1.53007e-06
47460.00000000001 1.54976e-06
47470.0 2.78259e-06
47480.0 4.5953e-06
47490.0 5.22054e-06
47500.0 4.49328e-06
47510.0 2.46301e-06
47520.0 1.43997e-06
47530.0 1.89199e-06
47539.99999999999 3.17956e-06
47550.0 4.92422e-06
47560.0 7.42218e-06
47570.0 7.34104e-06
47580.0 6.14021e-06
47590.0 5.32875e-06
47600.0 5.9788e-06
47610.0 7.67678e-06
47619.99999999999 1.05036e-05
47630.0 1.47591e-05
47640.0 1.27105e-05
47650.0 7.36709e-06
47660.0 1.23702e-06
47670.0 1.72585e-07
47680.0 8.24457e-08
47690.0 8.68582e-07
47699.99999999999 2.68504e-06
47710.0 6.33909e-06
47720.0 1.03971e-05
47730.0 1.32149e-05
47740.0 1.4024e-05
47750.0 1.13942e-05
47760.0 8.24998e-06
47770.0 5.06347e-06
47779.99999999999 2.23152e-06
47790.0 2.69962e-06
47800.0 4.72059e-06
47810.0 7.82946e-06
47820.0 1.17139e-05
47830.0 1.46885e-05
47840.0 1.49807e-05
47850.0 1.28983e-05
47859.99999999999 8.67487e-06
47870.0 5.71607e-06
47880.0 3.6599e-06
47890.0 2.46134e-06
47900.0 2.17554e-06
47910.00000000001 2.48675e-06
47920.0 3.35884e-06
47930.0 4.7456e-06
47939.99999999999 6.53842e-06
47950.0 7.31662e-06
47960.0 6.92187e-06
47970.0 5.43694e-06
47980.0 3.63486e-06
47990.00000000001 1.43079e-06
48000.0 6.96694e-08
48010.0 0.0
48019.99999999999 0.0
48030.0 0.0
48040.0 8.4234e-09
48050.0 1.94183e-08
48060.0 5.15031e-07
48070.00000000001 6.12327e-06
48080.0 1.28956e-05
48090.0 1.67771e-05
48099.99999999999 1.63383e-05
48110.0 1.484e-05
48120.0 1.34404e-05
48130.0 1.38975e-05
48140.0 1.45576e-05
48150.00000000001 1.54366e-05
48160.0 1.57983e-05
48170.0 1.36604e-05
48179.99999999999 1.14728e-05
48190.0 1.04625e-05
48200.0 1.08073e-05
48210.0 1.22673e-05
48220.0 1.57754e-05
48230.00000000001 1.94849e-05
48240.0 2.28145e-05
48250.0 2.59087e-05
48259.99999999999 2.72627e-05
48270.0 2.71104e-05
48280.0 2.54508e-05
48290.0 2.18123e-05
48300.0 1.78582e-05
48310.00000000001 1.42942e-05
48320.0 1.17114e-05
48330.0 1.35419e-05
48339.99999999999 1.56115e-05
48350.0 1.792e-05
48360.0 2.05017e-05
48370.0 2.04955e-05
48380.0 1.98132e-05
48390.00000000001 1.85289e-05
48400.0 1.65106e-05
48410.0 1.46026e-05
48420.0 1.27831e-05
48430.0 1.11572e-05
48440.0 1.00878e-05
48450.0 9.10284e-06
48460.0 7.80038e-06
48470.00000000001 5.83571e-06
48480.0 1.86078e-06
48490.0 4.31059e-07
48500.0 1.67424e-08
48510.0 8.25518e-09
48520.0 9.77373e-09
48530.0 1.02456e-07
48540.0 4.17052e-07
48550.00000000001 1.02609e-06
48560.0 1.02143e-06
48570.0 5.76649e-07
48580.0 1.01746e-07
48590.0 1.06412e-08
48600.0 0.0
48610.0 1.82654e-08
48620.0 2.97037e-07
48630.00000000001 1.28893e-06
48640.0 5.1082e-06
48650.0 8.56423e-06
48660.0 1.07702e-05
48670.0 1.01459e-05
48680.0 1.01409e-05
48690.0 1.15461e-05
48700.0 1.46e-05
48710.00000000001 1.97484e-05
48720.0 2.84994e-05
48730.0 3.5565e-05
48740.0 3.9429e-05
48750.0 4.13091e-05
48760.0 3.87501e-05
48770.0 3.47556e-05
48780.0 3.07296e-05
48789.99999999999 2.68219e-05
48800.0 2.27771e-05
48810.0 1.90455e-05
48820.0 1.59943e-05
48830.0 1.62576e-05
48840.0 1.75126e-05
48850.0 2.02932e-05
48860.0 2.54055e-05
48869.99999999999 2.88044e-05
48880.0 3.14417e-05
48890.0 3.33758e-05
48900.0 3.45454e-05
48910.0 3.57622e-05
48920.0 3.70347e-05
48930.0 3.75126e-05
48940.0 3.44915e-05
48949.99999999999 2.96296e-05
48960.0 2.35289e-05
48970.0 1.68881e-05
48980.0 1.27131e-05
48990.0 1.20097e-05
49000.0 1.25788e-05
49010.0 1.36772e-05
49020.0 1.59263e-05
49029.99999999999 1.86612e-05
49040.0 2.18594e-05
49050.0 2.54881e-05
49060.0 2.79649e-05
49070.0 3.00525e-05
49080.0 3.12868e-05
49090.0 3.1139e-05
49100.0 3.24321e-05
49109.99999999999 3.45795e-05
49120.0 3.63759e-05
49130.0 3.5939e-05
49140.0 3.33895e-05
49150.0 2.61262e-05
49160.00000000001 1.6599e-05
49170.0 1.11172e-05
49180.0 7.94463e-06
49189.99999999999 7.23617e-06
49200.0 9.04298e-06
49210.0 1.36049e-05
49220.0 1.11436e-05
49230.0 6.76779e-06
49240.00000000001 2.34789e-06
49250.0 4.97143e-07
49260.0 2.90322e-08
49269.99999999999 0.0
49280.0 1.37035e-08
49290.0 1.10117e-07
49300.0 2.95948e-06
49310.0 6.10879e-06
49320.00000000001 7.73406e-06
49330.0 7.60379e-06
49340.0 5.36121e-06
49349.99999999999 2.4207e-06
49360.0 4.44546e-07
49370.0 1.13665e-07
49380.0 1.1661e-08
49390.0 0.0
49400.00000000001 0.0
49410.0 0.0
49420.0 1.39234e-08
49429.99999999999 1.00153e-07
49440.0 4.98149e-07
49450.0 2.33493e-06
49460.0 4.90649e-06
49470.0 7.70277e-06
49480.00000000001 8.94555e-06
49490.0 8.65992e-06
49500.0 5.91712e-06
49509.99999999999 9.65852e-07
49520.0 3.05178e-07
49530.0 6.94977e-08
49540.0 1.51306e-08
49550.0 0.0
49560.00000000001 0.0
49570.0 7.98353e-08
49580.0 1.10342e-06
49589.99999999999 3.97002e-06
49600.0 7.07022e-06
49610.0 1.04085e-05
49620.0 1.26902e-05
49630.0 1.18605e-05
49640.00000000001 1.24432e-05
49650.0 1.39662e-05
49660.0 1.64611e-05
49670.0 2.02251e-05
49680.0 2.50661e-05
49690.0 2.66677e-05
49700.0 2.49432e-05
49710.0 2.21679e-05
49720.00000000001 1.76429e-05
49730.0 1.30628e-05
49740.0 8.9929e-06
49750.0 5.96511e-06
49760.0 2.55992e-06
49770.0 3.54767e-07
49780.0 5.33624e-08
49790.0 4.76384e-07
49800.00000000001 4.53064e-06
49810.0 9.38264e-06
49820.0 1.30388e-05
49830.0 1.54473e-05
49840.0 1.55551e-05
49850.0 1.42915e-05
49860.0 1.26352e-05
49870.0 1.09675e-05
49880.00000000001 9.66752e-06
49890.0 8.66547e-06
49900.0 7.84095e-06
49910.0 7.44763e-06
49920.0 7.72558e-06
49930.0 9.1839e-06
49940.0 1.33212e-05
49950.0 1.71777e-05
49960.00000000001 2.03166e-05
49970.0 2.17768e-05
49980.0 1.73523e-05
49990.0 1.29982e-05
50000.0 8.76801e-06
50010.0 4.92303e-06
50020.0 3.61636e-06
50030.0 5.11045e-06
50039.99999999999 8.00351e-06
50050.0 1.15439e-05
50060.0 1.49041e-05
50070.0 1.77236e-05
50080.0 2.00508e-05
50090.0 2.18913e-05
50100.0 2.23237e-05
50110.0 2.25501e-05
50119.99999999999 2.25918e-05
50130.0 2.24266e-05
50140.0 2.23903e-05
50150.0 2.25868e-05
50160.0 2.2638e-05
50170.0 2.16231e-05
50180.0 1.94863e-05
50190.0 1.62118e-05
50199.99999999999 1.21608e-05
50210.0 8.63621e-06
50220.0 6.44657e-06
50230.0 4.93731e-06
50240.0 4.24842e-06
50250.0 6.3066e-06
50260.0 9.39686e-06
50270.0 1.35881e-05
50279.99999999999 1.88596e-05
50290.0 2.38215e-05
50300.0 2.6711e-05
50310.0 2.62866e-05
50320.0 2.15176e-05
50330.0 1.57579e-05
50340.0 7.22685e-06
50350.0 3.00644e-07
50359.99999999999 1.9011e-08
50370.0 0.0
50380.0 1.35664e-08
50390.0 2.80132e-07
50400.0 1.2853e-06
50410.00000000001 1.27485e-05
50420.0 2.1722e-05
50430.0 2.69877e-05
50439.99999999999 2.88606e-05
50450.0 2.75198e-05
50460.0 2.24562e-05
50470.0 1.46602e-05
50480.0 9.13672e-06
50490.00000000001 5.89032e-06
50500.0 3.91219e-06
50510.0 3.0547e-06
50519.99999999999 4.6386e-06
50530.0 6.45759e-06
50540.0 7.90949e-06
50550.0 8.69901e-06
50560.0 1.00105e-05
50570.00000000001 1.18842e-05
50580.0 1.39847e-05
50590.0 1.60396e-05
50599.99999999999 1.81752e-05
50610.0 1.93045e-05
50620.0 1.97741e-05
50630.0 2.00379e-05
50640.0 2.06025e-05
50650.00000000001 2.10043e-05
50660.0 2.097e-05
50670.0 1.99293e-05
50679.99999999999 1.79318e-05
50690.0 1.51627e-05
50700.0 1.16631e-05
50710.0 7.43693e-06
50720.0 4.29262e-06
50730.00000000001 1.87788e-06
50740.0 2.29113e-07
50750.0 5.16954e-08
50759.99999999999 9.14147e-08
50770.0 1.56408e-06
50780.0 4.91389e-06
50790.0 8.39396e-06
50800.0 1.30473e-05
50810.00000000001 1.57425e-05
50820.0 1.43459e-05
50830.0 1.34623e-05
50839.99999999999 1.30918e-05
50850.0 1.35911e-05
50860.0 1.54176e-05
50870.0 2.03992e-05
50880.0 2.35539e-05
50890.00000000001 2.48283e-05
50900.0 2.42346e-05
50910.0 2.00852e-05
50920.0 1.58609e-05
50930.0 1.2603e-05
50940.0 1.21978e-05
50950.0 1.2005e-05
50960.0 1.21975e-05
50970.00000000001 1.26786e-05
50980.0 1.28726e-05
50990.0 1.21631e-05
51000.0 1.12893e-05
51010.0 1.05006e-05
51020.0 9.82696e-06
51030.0 8.75429e-06
51040.0 7.46931e-06
51050.00000000001 6.10466e-06
51060.0 5.58161e-06
51070.0 5.29175e-06
51080.0 5.57457e-06
51090.0 6.74993e-06
51100.0 8.80741e-06
51110.0 1.03622e-05
51120.0 1.16437e-05
51130.00000000001 1.29405e-05
51140.0 1.32034e-05
51150.0 1.30419e-05
51160.0 1.21748e-05
51170.0 9.85772e-06
51180.0 7.20079e-06
51190.0 4.58642e-06
51200.0 2.46495e-06
51210.00000000001 2.19715e-06
51220.0 3.34874e-06
51230.0 4.92681e-06
51240.0 6.66914e-06
51250.0 8.48933e-06
51260.0 9.27769e-06
51270.0 9.49115e-06
51280.0 9.34884e-06
51289.99999999999 9.4758e-06
51300.0 9.64259e-06
51310.0 7.96178e-06
51320.0 3.23164e-06
51330.0 1.49127e-06
51340.0 4.93838e-07
51350.0 4.92893e-08
51360.0 8.62851e-09
51369.99999999999 0.0
51380.0 1.35752e-08
51390.0 1.19619e-07
51400.0 4.88951e-07
51410.0 2.30847e-06
51420.0 3.16548e-06
51430.0 2.75747e-06
51440.0 8.09212e-07
51449.99999999999 2.09203e-07
51460.0 1.62866e-08
51470.0 0.0
51480.0 0.0
51490.0 6.07054e-08
51500.0 9.84061e-07
51510.0 3.24027e-06
51520.0 8.17245e-06
51529.99999999999 1.76715e-05
51540.0 2.55922e-05
51550.0 2.896e-05
51560.0 3.18747e-05
51570.0 2.95029e-05
51580.0 2.5065e-05
51590.0 2.09499e-05
51600.0 1.64873e-05
51609.99999999999 1.33272e-05
51620.0 1.15205e-05
51630.0 1.12468e-05
51640.0 1.08907e-05
51650.0 1.04562e-05
51660.00000000001 8.56034e-06
51670.0 2.26308e-06
51680.0 5.59686e-07
51689.99999999999 2.44762e-08
51700.0 0.0
51710.0 0.0
51720.0 4.10621e-08
51730.0 5.89048e-07
51740.00000000001 1.90971e-06
51750.0 4.75084e-06
51760.0 8.12029e-06
51769.99999999999 9.48498e-06
51780.0 7.99144e-06
51790.0 6.12393e-06
51800.0 5.27649e-06
51810.0 4.858e-06
51820.00000000001 4.56297e-06
51830.0 5.68494e-06
51840.0 6.72863e-06
51849.99999999999 6.63644e-06
51860.0 4.26508e-06
51870.0 3.00552e-06
51880.0 2.31557e-06
51890.0 2.07642e-06
51900.00000000001 2.16836e-06
51910.0 4.12397e-06
51920.0 6.67862e-06
51929.99999999999 9.00956e-06
51940.0 9.34284e-06
51950.0 9.6196e-06
51960.0 9.82595e-06
51970.0 1.01509e-05
51980.00000000001 1.13401e-05
51990.0 1.38727e-05
52000.0 1.67156e-05
52009.99999999999 1.95467e-05
52020.0 2.22196e-05
52030.0 2.47164e-05
52040.0 2.71034e-05
52050.0 2.93812e-05
52060.00000000001 3.12914e-05
52070.0 3.30952e-05
52080.0 3.38505e-05
52089.99999999999 3.27697e-05
52100.0 3.08919e-05
52110.0 2.79613e-05
52120.0 2.45394e-05
52130.0 2.1281e-05
52140.00000000001 2.06544e-05
52150.0 2.03624e-05
52160.0 2.05826e-05
52170.0 2.19349e-05
52180.0 2.34958e-05
52190.0 2.34973e-05
52200.0 2.21629e-05
52210.0 2.08068e-05
52220.00000000001 1.79522e-05
52230.0 1.5216e-05
52240.0 1.31287e-05
52250.0 1.24935e-05
52260.0 1.21001e-05
52270.0 1.24388e-05
52280.0 1.36398e-05
52290.0 1.48887e-05
52300.00000000001 1.59172e-05
52310.0 1.68487e-05
52320.0 1.77522e-05
52330.0 1.83796e-05
52340.0 1.90164e-05
52350.0 1.96584e-05
52360.0 2.0301e-05
52370.0 2.07532e-05
52380.00000000001 2.09391e-05
52390.0 2.07721e-05
52400.0 2.00873e-05
52410.0 1.84801e-05
52420.0 1.65098e-05
52430.0 1.42443e-05
52440.0 1.16946e-05
52450.0 9.97908e-06
52460.00000000001 8.73329e-06
52470.0 7.82261e-06
52480.0 7.00101e-06
52490.0 6.25778e-06
52500.0 4.15467e-06
52510.0 8.25322e-07
52520.0 1.82503e-07
52530.0 1.70697e-08
52539.99999999999 0.0
52550.0 9.38322e-09
52560.0 5.02828e-08
52570.0 1.36153e-06
52580.0 5.29962e-06
52590.0 1.2995e-05
52600.0 1.72011e-05
52610.0 2.05176e-05
52619.99999999999 2.29951e-05
52630.0 2.46028e-05
52640.0 2.44789e-05
52650.0 2.37424e-05
52660.0 2.19901e-05
52670.0 1.82637e-05
52680.0 1.45352e-05
52690.0 1.05861e-05
52699.99999999999 6.75016e-06
52710.0 4.13017e-06
52720.0 3.56632e-06
52730.0 3.67685e-06
52740.0 4.21967e-06
52750.0 5.51681e-06
52760.0 7.6248e-06
52770.0 9.81847e-06
52779.99999999999 1.18542e-05
52790.0 1.39319e-05
52800.0 1.54569e-05
52810.0 1.66985e-05
52820.0 1.78103e-05
52830.0 1.92612e-05
52840.0 2.08754e-05
52850.0 2.2897e-05
52859.99999999999 2.55817e-05
52870.0 2.89481e-05
52880.0 3.1014e-05
52890.0 3.21366e-05
52900.0 3.28162e-05
52910.00000000001 3.10648e-05
52920.0 2.88877e-05
52930.0 2.69638e-05
52939.99999999999 2.65319e-05
52950.0 2.64902e-05
52960.0 2.7204e-05
52970.0 2.8637e-05
52980.0 3.04621e-05
52990.00000000001 3.10888e-05
53000.0 3.12628e-05
53010.0 3.1196e-05
53019.99999999999 3.09258e-05
53030.0 3.06037e-05
53040.0 3.02104e-05
53050.0 2.97323e-05
53060.0 2.92287e-05
53070.00000000001 2.8048e-05
53080.0 2.65438e-05
53090.0 2.49381e-05
53099.99999999999 2.34511e-05
53110.0 2.20401e-05
53120.0 2.04243e-05
53130.0 1.82831e-05
53140.0 1.61853e-05
53150.00000000001 1.27284e-05
53160.0 8.705e-06
53170.0 5.56674e-06
53179.99999999999 2.02498e-06
53190.0 2.61835e-07
53200.0 1.52452e-08
53210.0 7.45164e-09
53220.0 0.0
53230.00000000001 2.00851e-08
53240.0 1.23067e-07
53250.0 6.57253e-07
53259.99999999999 4.97143e-07
53270.0 2.14617e-07
53280.0 1.67188e-08
53290.0 8.16741e-09
53300.0 0.0
53310.00000000001 0.0
53320.0 0.0
53330.0 0.0
53339.99999999999 2.32259e-08
53350.0 3.20946e-07
53360.0 1.1435e-06
53370.0 4.82323e-06
53380.0 6.93155e-06
53390.00000000001 7.83228e-06
53400.0 7.97862e-06
53410.0 7.08397e-06
53420.0 6.54704e-06
53430.0 6.4811e-06
53440.0 6.96434e-06
53450.0 8.20245e-06
53460.0 1.05438e-05
53470.00000000001 1.38607e-05
53480.0 1.76483e-05
53490.0 2.10078e-05
53500.0 2.38763e-05
53510.0 2.59767e-05
53520.0 2.57444e-05
53530.0 2.49502e-05
53540.0 2.33961e-05
53550.00000000001 2.10522e-05
53560.0 1.89091e-05
53570.0 1.68425e-05
53580.0 1.47409e-05
53590.0 1.25055e-05
53600.0 9.37687e-06
53610.0 5.86504e-06
53620.0 2.58485e-06
53630.00000000001 1.88075e-07
53640.0 3.08329e-08
53650.0 0.0
53660.0 0.0
53670.0 0.0
53680.0 0.0
53690.0 0.0
53700.0 0.0
53710.00000000001 0.0
53720.0 0.0
53730.0 2.1452e-08
53740.0 1.37867e-07
53750.0 6.98824e-07
53760.0 1.60271e-06
53770.0 2.89433e-06
53780.0 4.40153e-06
53789.99999999999 4.59087e-06
53800.0 4.40395e-06
53810.0 3.05577e-06
53820.0 2.99266e-07
53830.0 7.6642e-08
53840.0 6.33391e-09
53850.0 0.0
53860.0 0.0
53869.99999999999 0.0
53880.0 0.0
53890.0 6.48243e-09
53900.0 1.8313e-08
53910.0 4.21104e-07
53920.0 1.95172e-06
53930.0 3.66253e-06
53940.0 3.55361e-06
53949.99999999999 3.40686e-06
53960.0 3.2262e-06
53970.0 3.07126e-06
53980.0 3.15084e-06
53990.0 3.86785e-06
54000.0 4.76861e-06
54010.0 5.67088e-06
54020.0 6.1997e-06
54029.99999999999 6.6527e-06
54040.0 6.70801e-06
54050.0 6.26242e-06
54060.0 5.78581e-06
54070.0 4.75544e-06
54080.0 3.6581e-06
54090.0 2.79978e-06
54100.0 2.36251e-06
54109.99999999999 1.99077e-06
54120.0 2.00137e-06
54130.0 2.74875e-06
54140.0 4.21147e-06
54150.0 5.28539e-06
54160.00000000001 6.03985e-06
54170.0 6.60744e-06
54180.0 5.49592e-06
54189.99999999999 4.16089e-06
54200.0 2.63905e-06
54210.0 6.04892e-07
54220.0 1.22735e-07
54230.0 1.01943e-08
54240.00000000001 3.50128e-08
54250.0 1.94246e-07
54260.0 1.10433e-06
54269.99999999999 1.93767e-06
54280.0 2.47698e-06
54290.0 3.00847e-06
54300.0 3.1855e-06
54310.0 3.24342e-06
54320.00000000001 3.29681e-06
54330.0 3.32256e-06
54340.0 3.36425e-06
54349.99999999999 3.50049e-06
54360.0 3.79558e-06
54370.0 4.13129e-06
54380.0 4.40479e-06
54390.0 4.64617e-06
54400.00000000001 4.8993e-06
54410.0 4.6911e-06
54420.0 4.42226e-06
54429.99999999999 4.15129e-06
54440.0 3.92528e-06
54450.0 3.72075e-06
54460.0 3.61381e-06
54470.0 3.60176e-06
54480.00000000001 3.66522e-06
54490.0 3.55053e-06
54500.0 3.3227e-06
54509.99999999999 3.02457e-06
54520.0 2.77743e-06
54530.0 2.57666e-06
54540.0 2.43326e-06
54550.0 2.36607e-06
54560.00000000001 2.50679e-06
54570.0 2.59786e-06
54580.0 2.52545e-06
54589.99999999999 2.22558e-06
54600.0 1.95969e-06
54610.0 1.59875e-06
54620.0 1.2332e-06
54630.0 9.47696e-07
54640.00000000001 9.74537e-07
54650.0 1.03336e-06
54660.0 1.08797e-06
54670.0 1.09986e-06
54680.0 1.09371e-06
54690.0 1.07579e-06
54700.0 1.04829e-06
54710.0 1.01474e-06
54720.00000000001 1.06233e-06
54730.0 1.18105e-06
54740.0 1.34762e-06
54750.0 1.49086e-06
54760.0 1.5532e-06
54770.0 1.57155e-06
54780.0 1.53958e-06
54790.0 1.3483e-06
54800.00000000001 1.18288e-06
54810.0 1.04071e-06
54820.0 9.21396e-07
54830.0 8.19676e-07
54840.0 8.94212e-07
54850.0 1.0628e-06
54860.0 1.27042e-06
54870.0 1.51382e-06
54880.00000000001 1.78968e-06
54890.0 1.99655e-06
54900.0 2.00359e-06
54910.0 1.84874e-06
54920.0 1.54182e-06
54930.0 1.13442e-06
54940.0 7.0978e-07
54950.0 4.75831e-07
54960.00000000001 3.27713e-07
54970.0 2.4112e-07
54980.0 1.98475e-07
54990.0 0.0
55000.0 0.0
