3980.0 0.0
3990.0 0.0
4000.0 0.0
4010.0000000000005 0.0
4020.0000000000005 0.002310868285858565
4030.0000000000005 0.0022889679583749617
4040.0000000000005 0.0024165761119872846
4050.0000000000005 0.0020600792128257803
4060.0000000000005 0.0011722114001416534
4069.9999999999995 0.00048754380776412106
4079.9999999999995 0.0003361193352701412
4089.9999999999995 0.00040518653648840256
4100.0 0.00043210741644195117
4110.0 0.00036571293762384074
4120.0 0.0002769043989834782
4130.0 0.0002739609449364155
4140.0 0.0005347408116105599
4150.0 0.0015172459849779043
4160.0 0.0031256206070867034
4170.0 0.0041859991277311895
4180.0 0.0034779679232971655
4190.0 0.0017278276423753488
4200.0 0.00043535400221775603
4210.0 8.292721029769235e-05
4220.0 7.381784424819459e-05
4230.0 8.164652617847079e-05
4240.0 8.99977141648216e-05
4250.0 8.30080894444796e-05
4260.0 6.281087784866563e-05
4270.0 4.310376765563943e-05
4280.0 3.958440418623616e-05
4290.0 4.910771207603839e-05
4300.0 5.9181964382698225e-05
4310.0 5.7685821084501694e-05
4320.0 4.1895425573765706e-05
4330.0 2.544571438331694e-05
4340.0 1.62738406698451e-05
4350.0 1.6722229606005487e-05
4360.0 2.700215436751073e-05
4370.0 4.767295582645485e-05
4380.0 6.30430438761517e-05
4390.0 5.934813071502748e-05
4400.0 4.412334986232935e-05
4410.0 3.918346792160541e-05
4420.0 5.0303118308653634e-05
4430.0 5.917663103743585e-05
4440.0 4.740088496118263e-05
4450.0 2.3799965111861075e-05
4460.0 7.752291612207947e-06
4470.0 3.41451880293566e-06
4480.0 2.293821528484167e-06
4490.0 2.0003799007531363e-06
4500.0 2.6051568656427165e-06
4510.0 3.652091123962127e-06
4520.0 5.214991461017566e-06
4530.0 7.871719013126629e-06
4540.0 9.63776229325757e-06
4550.0 9.24531662622544e-06
4560.0 7.214251042852157e-06
4570.0 5.959665832903248e-06
4580.0 6.330825740046032e-06
4590.0 8.74085771357701e-06
4600.0 1.3201351455438916e-05
4610.0 1.770012491814108e-05
4620.0 1.9877147519370993e-05
4630.0 1.7953003607118723e-05
4640.0 1.4717462295780768e-05
4650.0 1.4902431378708918e-05
4660.0 2.119335170056543e-05
4670.0 2.9668006632860498e-05
4680.0 3.1963002381325374e-05
4690.0 2.601981032597577e-05
4700.0 1.6821914992052754e-05
4710.0 1.0406389684308039e-05
4720.0 7.651311249514928e-06
4730.0 7.0278143585230645e-06
4740.0 7.387266574895614e-06
4750.0 7.435469038642667e-06
4760.0 7.138820335939018e-06
4770.0 6.166876214690891e-06
4780.0 5.38701134697003e-06
4790.0 4.60394361844186e-06
4800.0 3.934444214015827e-06
4810.0 4.191411557632987e-06
4820.0 5.358653195748051e-06
4830.0 7.216352766136066e-06
4840.0 9.806316312985579e-06
4850.0 1.258372148763062e-05
4860.0 1.3343007369180552e-05
4870.0 1.2614340618891572e-05
4880.0 1.1917700737025805e-05
4890.0 1.183540106859995e-05
4900.0 1.2110861658039859e-05
4910.0 1.4058603446565486e-05
4920.0 1.8181246341877264e-05
4930.0 2.444106742187147e-05
4940.0 3.2921669491591795e-05
4950.0 4.1508294671287076e-05
4960.0 4.819580597435362e-05
4970.0 5.0940730927817495e-05
4980.0 4.972841790397205e-05
4990.0 4.450025578932959e-05
5000.0 3.6817176328464006e-05
5010.0 2.8335479215455636e-05
5020.0 2.059589269692126e-05
5030.0 1.4446387658563126e-05
5040.0 1.0279944526424209e-05
5050.0 7.65279977664157e-06
5060.0 6.060943783380698e-06
5070.0 4.777312536564412e-06
5080.0 3.8370294002653235e-06
5090.0 3.332553340753978e-06
5100.0 3.2949731229878097e-06
5110.0 3.5929775418616107e-06
5120.0 3.7911181396583795e-06
5130.0 4.056802751792372e-06
5140.0 4.3938503419256755e-06
5150.0 5.000892355918692e-06
5160.0 5.911834192299889e-06
5170.0 7.771828454489112e-06
5180.0 1.0150018971948828e-05
5190.0 1.2874906641249897e-05
5200.0 1.5820152089263012e-05
5210.0 1.932782937090465e-05
5220.0 2.281411743107609e-05
5230.0 2.5674716198307012e-05
5240.0 2.9342223258518296e-05
5250.0 3.383868576408296e-05
5260.0 3.7623054670705993e-05
5270.0 3.766541461473471e-05
5280.0 3.354948956699019e-05
5290.0 2.6631214160204835e-05
5300.0 2.0026388462598756e-05
5310.0 1.578467504266872e-05
5320.0 1.3383865427443844e-05
5330.0 1.2107268500931806e-05
5340.0 1.1321752927444066e-05
5350.0 1.175925428747251e-05
5360.0 1.3248439123460758e-05
5370.0 1.6172835895885733e-05
5380.0 2.0692546380305757e-05
5390.0 2.9344004145118394e-05
5400.0 4.2825131226913475e-05
5410.0 5.728724693675684e-05
5420.0 6.30925320160486e-05
5430.0 5.7098003501316195e-05
5440.0 4.328081923468603e-05
5450.0 2.993635297795616e-05
5460.0 2.0254509125423318e-05
5470.0 1.4823237795069814e-05
5480.0 1.1848477553338788e-05
5490.0 1.0251438743676973e-05
5500.0 9.76431672143659e-06
5510.0 1.023307380273796e-05
5520.000000000001 1.0887733830459024e-05
5530.000000000001 1.183203505516652e-05
5540.000000000001 1.2934543871821613e-05
5550.000000000001 1.389150667329896e-05
5560.000000000001 1.3875646953998776e-05
5570.000000000001 1.3629886690925708e-05
5580.000000000001 1.1306480860261067e-05
5590.000000000001 7.738680391869469e-06
5600.000000000001 7.458311502466422e-06
5610.000000000001 8.228383862859349e-06
5620.000000000001 7.638604316349197e-06
5629.999999999999 6.931609418071464e-06
5639.999999999999 7.487238875215909e-06
5649.999999999999 8.327513270302603e-06
5659.999999999999 9.001885842617471e-06
5669.999999999999 8.934447469650783e-06
5679.999999999999 9.174893271357103e-06
5689.999999999999 9.432147255113279e-06
5699.999999999999 9.105381859108905e-06
5709.999999999999 9.422445445532547e-06
5719.999999999999 1.0939731052929967e-05
5729.999999999999 1.2771270597507985e-05
5740.0 1.3630516616653157e-05
5750.0 1.493659631895013e-05
5760.0 1.768225495207109e-05
5770.0 1.9936819944191605e-05
5780.0 2.062694473565922e-05
5790.0 2.1247036082231853e-05
5800.0 2.319841800476858e-05
5810.0 2.8105982994759348e-05
5820.0 3.7331432642224386e-05
5830.0 5.525245159915905e-05
5840.0 9.713299316571879e-05
5850.0 0.00019693953183124
5860.0 0.0003603750414432643
5870.0 0.0004790951271084536
5880.0 0.000444309780113504
5890.0 0.0002883162570658694
5900.0 0.00015107431408680784
5910.0 8.419509608558246e-05
5920.0 5.80088641557119e-05
5930.0 4.401391098733252e-05
5940.0 3.6268835646311695e-05
5950.0 3.509016770974281e-05
5960.0 3.2510751769513745e-05
5970.0 3.304635999154448e-05
5980.0 3.550909366704849e-05
5990.0 3.65416489668911e-05
6000.0 3.926398228148232e-05
6010.0 4.3902242387601914e-05
6020.0 5.1069852610826276e-05
6030.0 6.244420380572684e-05
6040.0 7.624557157907038e-05
6050.0 8.865278252579528e-05
6060.0 0.00010224853152602036
6070.0 0.00011444153915567357
6080.0 0.00011797522753600185
6090.0 0.00011429663548577935
6100.0 0.00010563031495480773
6110.0 9.360958488717396e-05
6120.0 7.938207244143126e-05
6130.0 6.762018844136588e-05
6140.0 5.796749471082775e-05
6150.0 5.22046284795237e-05
6160.0 4.735049298430285e-05
6170.0 4.4722435381470876e-05
6180.0 4.427008428175609e-05
6190.0 4.133067647920221e-05
6200.0 3.8516288227203255e-05
6210.0 3.677407437611268e-05
6220.0 4.116758979864145e-05
6230.0 4.4301911365703805e-05
6240.0 4.9371737634161636e-05
6250.0 5.8804865642481654e-05
6260.0 7.277117076086778e-05
6270.0 9.514150500202067e-05
6280.0 0.00013352927722752283
6290.0 0.000196861643690372
6300.0 0.0002940263310594448
6310.0 0.0004152361196841715
6320.0 0.0005057026195664125
6330.0 0.0005111029472273989
6340.0 0.0004350855810638333
6350.0 0.0003385416710398483
6360.0 0.0002629004854495874
6370.0 0.00021944250261426147
6380.0 0.00019783525426171473
6390.0 0.00019137779149421713
6400.0 0.0002023955783317337
6410.0 0.0002238029102199696
6420.0 0.0002544408780749073
6430.0 0.000286733135544399
6440.0 0.00031301351774066377
6450.0 0.00031702500891580984
6460.0 0.00028930495990567144
6470.0 0.00024144356372748953
6480.0 0.0001892574263943555
6490.0 0.0001506044964132874
6500.0 0.00012232575707420907
6510.0 0.00010085674653794374
6520.0 8.727016581289634e-05
6530.0 8.407625193866924e-05
6540.0 8.318534522384945e-05
6550.0 8.578569167963141e-05
6560.0 9.2744854896537e-05
6570.0 0.00010907433165145079
6580.0 0.00012873031135519165
6590.0 0.00015519705653443483
6600.0 0.00018699904939331065
6610.0 0.0002198167584516433
6620.0 0.0002320821873520662
6630.0 0.00022128842154535373
6640.0 0.00019799928486233028
6650.0 0.00017410060667501028
6660.0 0.0001498589748413274
6670.0 0.00012933529092251406
6680.0 0.00011966181019669797
6690.0 0.00011441604787646655
6700.0 0.00011327061079971482
6710.0 0.00011421985607114697
6720.0 0.00012666949694496192
6730.0 0.00014672794428964076
6740.0 0.0001742459946674894
6750.0 0.0002003689338375256
6760.0 0.00022553931071018563
6770.000000000001 0.0002407800127348521
6780.000000000001 0.0002468075676415285
6790.000000000001 0.00023609802322297618
6800.000000000001 0.0002107533556999588
6810.000000000001 0.0001750387447654834
6820.000000000001 0.0001477735858542787
6830.000000000001 0.00013807836287884517
6840.000000000001 0.00013332224223946824
6850.000000000001 0.00012800823558059083
6860.000000000001 0.0001239029849200968
6870.000000000001 0.0001275959371389818
6879.999999999999 0.00013452224657015862
6889.999999999999 0.0001395371432358742
6899.999999999999 0.00014997535740016448
6909.999999999999 0.00016009407772121537
6919.999999999999 0.00016133859385279207
6929.999999999999 0.0001537388429753613
6939.999999999999 0.0001425055124642524
6949.999999999999 0.00012840442452495107
6959.999999999999 0.00011012198047583801
6969.999999999999 9.738986340153516e-05
6979.999999999999 8.907859352643537e-05
6990.0 8.27299092887487e-05
7000.0 7.683163628015916e-05
7010.0 6.973903757028205e-05
7020.0 6.625449033792965e-05
7030.0 6.988304860367246e-05
7040.0 8.076202436858882e-05
7050.0 9.438161087509819e-05
7060.0 0.00011137081283328076
7070.0 0.00013093392239727555
7080.0 0.00015565650099311955
7090.0 0.00019655182864541286
7100.0 0.0002736008792387493
7110.0 0.00040067544115158577
7120.0 0.0005923644699232122
7130.0 0.0008532227099215815
7140.0 0.0012054162096617517
7150.0 0.001565069672760117
7160.0 0.001780403430518237
7170.0 0.00167855306589931
7180.0 0.0013500622980153658
7190.0 0.0009821796310430888
7200.0 0.0006925034076255227
7210.0 0.00047807948058289234
7220.0 0.0003300637250891239
7230.0 0.0002447264927587088
7240.0 0.00017898884323700874
7250.0 0.00013611632365514856
7260.0 0.00010879841689486174
7270.0 9.159182941528798e-05
7280.0 7.395516220065431e-05
7290.0 5.7159277838112854e-05
7300.0 5.22519031365738e-05
7310.0 4.977716400437567e-05
7320.0 4.702582505516907e-05
7330.0 4.296492341904604e-05
7340.0 4.729458418023226e-05
7350.0 4.9136561347826714e-05
7360.0 4.432895485425317e-05
7370.0 4.6604157668158006e-05
7380.0 5.716205552019593e-05
7390.0 7.19867756215972e-05
7400.0 7.915220923848823e-05
7410.0 9.881533820166941e-05
7420.0 0.00013035350026925453
7430.0 0.00018784796594119294
7440.0 0.00028008022241944304
7450.0 0.00042532811751735006
7460.0 0.0006359409895270232
7470.0 0.0009117583565603235
7480.0 0.001198027690100622
7490.0 0.00140451111899034
7500.0 0.0014913963835506698
7510.0 0.0015481036480154975
7520.0 0.001811539730401133
7530.0 0.002448969971251116
7540.0 0.003154549556361176
7550.0 0.00314833842231624
7560.0 0.002230719706828936
7570.0 0.001099604605636787
7580.0 0.00045093122859706295
7590.0 0.0002217074865897201
7600.0 0.0001262797686965734
7610.0 7.131163399309291e-05
7620.0 4.2706469299874306e-05
7630.0 3.462853600629946e-05
7640.0 2.402892128580588e-05
7650.0 1.3540633878812928e-05
7660.0 1.3024069883790662e-05
7670.0 1.3903287576784686e-05
7680.0 1.3638146383255132e-05
7690.0 9.351813106101286e-06
7700.0 9.702211340953098e-06
7710.0 8.112064726029318e-06
7720.0 1.0227146361630713e-05
7730.0 9.897047391408303e-06
7740.0 4.452803725083486e-06
7750.0 5.826977705926796e-06
7760.0 8.434361902067986e-06
7770.0 1.536601680431601e-05
7780.0 5.979572246042096e-06
7790.0 6.943789834536498e-06
7800.0 9.716497970694717e-06
7810.0 1.4352188197420539e-05
7820.0 8.17756195652183e-06
7830.0 1.581224565678886e-05
7840.0 1.583794104403991e-05
7850.0 1.2227215524761514e-05
7860.0 1.055013059656172e-05
7870.0 1.6450412247565427e-05
7880.0 2.5582586189298663e-05
7890.0 4.740059392530301e-05
7900.0 9.297587394177876e-05
7910.0 0.00014164248750681596
7920.0 0.00016446235496879913
7930.0 0.00013531556866696373
7940.0 8.99319506442799e-05
7950.0 6.024018725145408e-05
7960.0 4.431979986370838e-05
7970.0 -7.625339759770452e-05
7980.0 0.00031406194905308897
7990.0 0.0009135151692544524
8000.0 0.0019381987387128415
8010.0 0.0014266016589242485
8020.000000000001 0.0021174164868410714
8030.000000000001 0.0018958764157023622
8040.000000000001 0.001932630142855377
8050.000000000001 0.0004060311499425682
8060.000000000001 0.00015641677467328482
8070.000000000001 0.0007104740988611156
8080.000000000001 0.0016257603812626993
8090.000000000001 0.0018063198966381236
8100.000000000001 0.000879901141077063
8110.000000000001 0.0011170674484910833
8120.000000000001 0.001042178735107045
8129.999999999999 0.0015165694333898587
8139.999999999999 0.0014451227973751497
8149.999999999999 0.0016150234642933264
8159.999999999999 0.0011310996156299823
8169.999999999999 0.0012702150829927536
8179.999999999999 0.0011808988124850455
8189.999999999999 0.0009516204400213651
8200.0 0.0013189853402605423
8210.0 0.0021411258552654746
8220.0 0.0017916977245810964
8230.0 0.0005348523830355029
8240.0 -0.0003366458232419933
8250.0 0.0002263613864181617
8260.0 0.0014217245864752114
8270.0 0.0017567033826222428
8280.0 0.000783775660807844
8290.0 4.880308171391323e-06
8300.0 0.0005095374999684356
8310.0 0.0009798863532327238
8320.0 0.0012613484945977335
8330.0 0.0011082194612475125
8340.0 0.0010810865668015744
8350.0 0.0009839631872820302
8360.0 0.0010471883115447508
8370.0 0.0009741046569997705
8380.0 0.001218563568077068
8390.0 0.0012584823431273946
8400.0 0.0010146909308689756
8410.0 0.000827512023684531
8420.0 0.0009936567910461315
8430.0 0.0008710104220197145
8440.0 0.0007505297940776159
8450.0 0.0006777847668762711
8460.0 0.0008458863585803147
8470.0 0.0011679573257270884
8480.0 0.001290241064019082
8490.0 0.0009543959144486071
8500.0 0.0008312015740285594
8510.0 0.0010677721954899216
8520.0 0.001237212769628285
8530.0 0.001260417850683612
8540.0 0.0014658256688986637
8550.0 0.0009819396831765108
8560.0 0.0005515548194900385
8570.0 0.0003435696431077007
8580.0 0.0008873344280860648
8590.0 0.0011114474775640005
8600.0 0.0014968289462278118
8610.0 0.0009844410719279002
8620.0 0.000786411142381564
8630.0 0.0005501910341435812
8640.0 0.0010118443767468408
8650.0 0.0010716246361507592
8660.0 0.0011944727129609709
8670.0 0.0006802299658922455
8680.0 0.0008312612834764498
8690.0 0.0011169887741026162
8700.0 0.0013394427276769546
8710.0 0.0010575792752775784
8720.0 0.001193073157255385
8730.0 0.001197404304041598
8740.0 0.0010380622914131184
8750.0 0.0010255839219502074
8760.0 0.001141635334649768
8770.0 0.0011691063021732184
8780.0 0.0010970875677517354
8790.0 0.0010517993124763217
8800.0 0.0009528677178428993
8810.0 0.0008246254477672826
8820.0 0.0007995344133738346
8830.0 0.0008447915606209327
8840.0 0.0007551480656246804
8850.0 0.0006187384325806562
8860.0 0.0006916576457196799
8870.0 0.0008639347009651158
8880.0 0.0007506498236042619
8890.0 0.0006184176616437511
8900.0 0.0007920570295485356
8910.0 0.0009170091938242792
8920.0 0.0008935328023166024
8930.0 0.0009374946660834866
8940.0 0.0010421246914446636
8950.0 0.0010708328170804568
8960.0 0.0010608124716197272
8970.0 0.0010032632825007057
8980.0 0.0009819668733594797
8990.0 0.0009843527770288685
9000.0 0.0010432021890426676
9010.0 0.001154736895588659
9020.0 0.0011924548136430146
9030.0 0.0011554761529411139
9040.0 0.001104172774406523
9050.0 0.0010961064962774346
9060.0 0.0009707882603578854
9070.0 0.0008402390385734991
9080.0 0.0008652925359861212
9090.0 0.0009242258432377505
9100.0 0.0008484855951996332
9110.0 0.0007163797438462118
9120.0 0.0007433108748989203
9130.0 0.000882666539792912
9140.0 0.0008471783147073139
9150.0 0.0007389469698652584
9160.0 0.000592915902120553
9170.0 0.00047147761478233874
9180.0 0.00048773226379451753
9190.0 0.0006218990684779814
9200.0 0.000704402407491313
9210.0 0.0006633644459782701
9220.0 0.0006286873822115012
9230.0 0.0007130706607311763
9240.0 0.0008452363737009796
9250.0 0.0009432967427857712
9260.0 0.0009538699904178765
9270.0 0.001094688124699158
9280.0 0.0012448500179519893
9290.0 0.00137430050035385
9300.0 0.0014072521761390002
9310.0 0.0015033958683577993
9320.0 0.0016942931655163458
9330.0 0.0018768481508036133
9340.0 0.001966781798765411
9350.0 0.002016176484645177
9360.0 0.002123966807246962
9370.0 0.0022610472802018183
9380.0 0.0023701634954038557
9390.0 0.00245652364563154
9400.0 0.0024845021992836074
9410.0 0.0024808039096869657
9420.0 0.002480375932251914
9430.0 0.002525370745374812
9440.0 0.0024903222308412997
9450.0 0.0024470802072086993
9460.0 0.0023910111062210274
9470.0 0.0023225502264554634
9480.0 0.002224093176045873
9490.0 0.002141026561287477
9500.0 0.0020457158827645178
9510.0 0.0019432415197502332
9520.0 0.0018858918439452078
9530.0 0.001812267207812128
9540.0 0.0017010771960931674
9550.0 0.0016313004868223709
9560.0 0.00158708844853917
9570.0 0.0015325855646287046
9580.0 0.0014782986194893353
9590.0 0.0014678939768974298
9600.0 0.0014630307754723401
9610.0 0.0015029157472366775
9620.0 0.0016000989627727219
9630.0 0.0017198112563508654
9640.0 0.0017908111842487534
9650.0 0.0019192280044865236
9660.0 0.0021119996933899
9670.0 0.0023430136525392515
9680.0 0.0025883956615085036
9690.0 0.002916847481012159
9700.0 0.0033772936268889327
9710.0 0.003897101896142573
9720.0 0.004511487522558706
9730.0 0.005276316781746341
9740.0 0.006224144932295713
9750.0 0.007295586159747416
9760.0 0.008669943597567563
9770.0 0.010306035467438406
9780.0 0.012242150015825886
9790.0 0.014475613896596656
9800.0 0.017303730737786467
9810.0 0.02040607348433065
9820.0 0.024079396948201492
9830.0 0.028222277968702705
9840.0 0.032931697336751914
9850.0 0.038534261717500004
9860.0 0.04441632754886104
9870.0 0.050790554368556645
9880.0 0.057567773969609576
9890.0 0.06562887466363433
9900.0 0.07404126160433155
9910.0 0.08271114881872016
9920.0 0.09299049139207745
9930.0 0.10292124886165464
9940.0 0.1128625418107578
9950.0 0.12285094538294261
9960.0 0.13483912446297253
9970.0 0.14666562995002153
9980.0 0.15862246576620662
9990.0 0.17038231786908503
10000.0 0.18127463757867454
10009.999999999998 0.19189109032198637
10020.0 0.2026153922712055
10029.999999999998 0.21347432408883849
10040.0 0.22435479053703175
10049.999999999998 0.23408299354639042
10060.0 0.24307262513008707
10069.999999999998 0.25058977119799164
10080.0 0.2584092450482235
10089.999999999998 0.26551235930408257
10100.0 0.27230850592516126
10109.999999999998 0.2793053671317225
10120.0 0.2853112898507879
10129.999999999998 0.29092828580091534
10140.0 0.29579003997247655
10149.999999999998 0.3005063829864346
10160.0 0.3035830644852065
10169.999999999998 0.30674893761288163
10180.0 0.3105237580121457
10189.999999999998 0.31399118128606174
10200.0 0.3175209917061606
10209.999999999998 0.32075438398705836
10220.0 0.3234271913726583
10230.0 0.3247257001844912
10240.0 0.3260437044837806
10250.0 0.32684759832780247
10260.0 0.32745402677021085
10270.0 0.3286252907914048
10280.0 0.33049034433731667
10290.0 0.33216813487840435
10300.0 0.3333930949204209
10310.0 0.33467592532504004
10320.0 0.3355747766832803
10330.0 0.33595483803272197
10340.0 0.3371647338694792
10350.0 0.33816815971201064
10360.0 0.33935406385529643
10370.0 0.3405955007445038
10380.0 0.3414104777433884
10390.0 0.3412766516265485
10400.0 0.34077974109655923
10410.0 0.3409250508306708
10420.0 0.34129177760306717
10430.0 0.3428170419682573
10440.0 0.3442637902387463
10450.0 0.3445699996899825
10460.0 0.34467603918752043
10470.0 0.34500372025349
10480.0 0.34592501623838606
10490.0 0.3459662112231253
10500.0 0.3457157254347306
10510.0 0.34564509484370076
10520.0 0.34644941404556384
10530.0 0.34774134697783643
10540.0 0.3479839809487313
10550.0 0.3474680552069554
10560.0 0.3463898339416311
10570.0 0.3460271989030917
10580.0 0.3461390734584221
10590.0 0.34639474267903564
10600.0 0.34700610861524694
10610.0 0.34726505987376144
10620.0 0.3476019720834399
10630.0 0.34775983766835294
10640.0 0.34768078250460366
10650.0 0.3473537570069759
10660.0 0.3474809764828954
10670.0 0.34838566834766116
10680.0 0.3490569855770296
10690.0 0.34962875779846464
10700.0 0.34897255576296365
10710.0 0.3485737791000188
10720.0 0.34826757326505015
10730.0 0.3488651874721854
10740.0 0.3497733686401512
10750.0 0.3511970641959214
10760.0 0.3530580692307096
10770.0 0.35455682812457084
10780.0 0.35585761186617143
10790.0 0.3566724272531657
10800.0 0.35806431343827494
10810.0 0.35930943600472937
10820.0 0.36009025994902844
10830.0 0.36053416598646315
10840.0 0.3613002881308003
10850.0 0.3626444089557475
10860.0 0.36397935517693025
10870.0 0.3653122304840933
10880.0 0.3657554563903752
10890.0 0.36547196979558805
10900.0 0.36517634303362323
10910.0 0.36640714807527525
10920.0 0.3686000859558591
10930.0 0.36993468213224207
10940.0 0.3704032569596495
10950.0 0.370064950960999
10960.0 0.37010338953451904
10970.0 0.37017019974637394
10980.0 0.37087660169535364
10990.0 0.3717327785780914
11000.0 0.37242146039915824
11010.0 0.37321574858407336
11020.0 0.3737262727764632
11030.0 0.37391843524358026
11040.000000000002 0.37388195197950264
11050.0 0.37383557863201844
11060.000000000002 0.374070664965774
11070.0 0.37463796864356796
11080.000000000002 0.3758704118771794
11090.0 0.3759673797801296
11100.000000000002 0.3759207126838632
11110.0 0.37587676390954444
11120.000000000002 0.3761012696994042
11130.0 0.3759594781599055
11140.000000000002 0.376071789654048
11150.0 0.3768434070695881
11160.000000000002 0.3771199978678232
11170.0 0.37747726944508464
11180.000000000002 0.3777974435821671
11190.0 0.3778282851775828
11200.000000000002 0.3769268809583355
11210.0 0.37604699318960416
11220.000000000002 0.3758536312798364
11230.0 0.37539818961338645
11240.000000000002 0.37539757826311826
11250.0 0.37620324253641424
11259.999999999998 0.37685285093060716
11270.0 0.3763745951436643
11279.999999999998 0.37552658763946606
11290.0 0.37511328645150716
11299.999999999998 0.3755681803936356
11310.0 0.3768675165297491
11319.999999999998 0.37749622819039186
11330.0 0.3772469764164835
11339.999999999998 0.37691731796888595
11350.0 0.37686537054773533
11359.999999999998 0.3773869040244693
11370.0 0.37798289902990734
11379.999999999998 0.3786306240202476
11390.0 0.3788377630226487
11399.999999999998 0.37993728641353414
11410.0 0.38166065273491445
11419.999999999998 0.3834659712513748
11430.0 0.3846018982032255
11439.999999999998 0.3846346699981187
11450.0 0.3846871042044192
11459.999999999998 0.3854158442805733
11470.0 0.38673769129396657
11480.0 0.388413577871341
11490.0 0.38879998802978216
11500.0 0.3891550316823118
11510.0 0.389535574239564
11520.0 0.3905524610590365
11530.0 0.3910287897471285
11540.0 0.39142151219547194
11550.0 0.39207417844237963
11560.0 0.39253385222947745
11570.0 0.39364188262280964
11580.0 0.3946858739361977
11590.0 0.39561876618768826
11600.0 0.3952129915401219
11610.0 0.3949317501570879
11620.0 0.39519237637800286
11630.0 0.3962652775007758
11640.0 0.39704149131323485
11650.0 0.3976474305237404
11660.0 0.3978013049885761
11670.0 0.39769706494333146
11680.0 0.397218624250704
11690.0 0.39737446451075625
11700.0 0.39716530292706465
11710.0 0.3968668812635822
11720.0 0.396173461322319
11730.0 0.39632819944891506
11740.0 0.39589779263579666
11750.0 0.3948762802138458
11760.0 0.3928725343189802
11770.0 0.39049890761261985
11780.0 0.388323880192865
11790.0 0.3855266372161867
11800.0 0.38232473939947176
11810.0 0.37863615528045674
11820.0 0.3737164338920903
11830.0 0.36717247865457403
11840.0 0.3586945519553837
11850.0 0.3503896870028605
11860.0 0.34096608482044927
11870.0 0.3304124916173915
11880.0 0.3185466230447496
11890.0 0.3073391924139707
11900.0 0.29658455585959276
11910.0 0.28462411068810956
11920.0 0.2727436082486458
11930.0 0.261380628797117
11940.0 0.25128865165613024
11950.0 0.24262037321420582
11960.0 0.23555661805206685
11970.0 0.23046435525589148
11980.0 0.2286688673481287
11990.0 0.22937230583865856
12000.0 0.23096804868478943
12010.0 0.23361945139885318
12020.0 0.23862637198174402
12030.0 0.24601363483076905
12040.0 0.2547223651730886
12050.0 0.2642430430391303
12060.0 0.2752982322568623
12070.0 0.28670209075486974
12080.0 0.2982351522588187
12090.0 0.31016221065440197
12100.0 0.32352272678143773
12110.0 0.33587031795994604
12120.0 0.3468544768314533
12130.0 0.3576862964964002
12140.0 0.3672981760931354
12150.0 0.3754205832057029
12160.0 0.3822090691626355
12170.0 0.3888069320446227
12180.0 0.3949581047939247
12190.0 0.39969602225242135
12200.0 0.40262316898021744
12210.0 0.4042767366079568
12220.0 0.4058689821414445
12230.0 0.4075986665155776
12240.0 0.4080424723014803
12250.0 0.4084117853199424
12260.0 0.4087215502409752
12270.0 0.40964806120682745
12280.0 0.41002220109411636
12290.000000000002 0.4099659587545009
12300.0 0.40937439074680343
12310.000000000002 0.40874165207003016
12320.0 0.40913174248990447
12330.000000000002 0.40992922179924124
12340.0 0.41051963277511483
12350.000000000002 0.4105041519165859
12360.0 0.4104394442477882
12370.000000000002 0.41076600991202533
12380.0 0.4107060837385651
12390.000000000002 0.41054771556085357
12400.0 0.41054067261441407
12410.000000000002 0.41120290702563944
12420.0 0.4120506775825628
12430.000000000002 0.4124801402812157
12440.0 0.4127086505908987
12450.000000000002 0.4121287761429176
12460.0 0.4121879712798317
12470.000000000002 0.4119708992515163
12480.0 0.4121963778806187
12490.000000000002 0.41270670472757187
12500.0 0.4134292859906385
12509.999999999998 0.4136703162815135
12520.0 0.41369639523645374
12529.999999999998 0.413967362815001
12540.0 0.41358446458836035
12549.999999999998 0.4135349801563331
12560.0 0.41338936911582314
12569.999999999998 0.4133986511732681
12580.0 0.4135649304190031
12589.999999999998 0.4141445457876638
12600.0 0.4147142110051791
12609.999999999998 0.41488164440946773
12620.0 0.41482184637032254
12629.999999999998 0.41453859572804397
12640.0 0.4145715520749485
12649.999999999998 0.41516726669001824
12660.0 0.4157277159068555
12669.999999999998 0.41622997968034037
12680.0 0.4159398292765354
12689.999999999998 0.41536970591468736
12700.0 0.4148288335070853
12709.999999999998 0.41505629235437463
12720.0 0.4151641391178774
12730.0 0.4151355857551975
12740.0 0.4151764471119713
12750.0 0.4153124546980393
12760.0 0.41542969005871155
12770.0 0.41572306732103836
12780.0 0.41563600026651937
12790.0 0.41491241675636037
12800.0 0.4142639230145632
12810.0 0.41467475966760936
12820.0 0.41516930613245384
12830.0 0.41571202924883416
12840.0 0.41586253017921815
12850.0 0.4160575242935934
12860.0 0.41558435945846117
12870.0 0.414990170663105
12880.0 0.4146560983818608
12890.0 0.414555323724835
12900.0 0.4142614626565972
12910.0 0.4140009834091441
12920.0 0.4143331041970472
12930.0 0.41455643135818615
12940.0 0.41423741553963916
12950.0 0.4130959889952134
12960.0 0.4121409302017741
12970.0 0.41296394762861066
12980.0 0.41488101997944826
12990.0 0.4168671002590115
13000.0 0.4171352765416273
13010.0 0.4167625406399751
13020.0 0.4155499775097909
13030.0 0.415093778911232
13040.0 0.4148218849148103
13050.0 0.4152718482353689
13060.0 0.41537268472909444
13070.0 0.4155952848081268
13080.0 0.41555200787204083
13090.0 0.41613791204562706
13100.0 0.41636826659990184
13110.0 0.41709746684437443
13120.0 0.41752235394406967
13130.0 0.4179278439675561
13140.0 0.4183613629783552
13150.0 0.41969681650057833
13160.0 0.42068085108926745
13170.0 0.4207202941066486
13180.0 0.42031680751569067
13190.0 0.4209591990998847
13200.0 0.4217282741232364
13210.0 0.42195427256427775
13220.0 0.42125885828740894
13230.0 0.42165687712515576
13240.0 0.42268946697612575
13250.0 0.4236301894899443
13260.0 0.42349031843784807
13270.0 0.4229339137799276
13280.0 0.42238654377344076
13290.0 0.4221297147577159
13300.0 0.4229107079063383
13310.0 0.4239621471184551
13320.0 0.42475271463376474
13330.0 0.4245159514019963
13340.0 0.4238304968794238
13350.0 0.42304334166443164
13360.0 0.42324300278537746
13370.0 0.42425425272410755
13380.0 0.4249159392042434
13390.0 0.4250463555126075
13400.0 0.42527195242740184
13410.0 0.4258255573123935
13420.0 0.4264530404517752
13430.0 0.42669712431669105
13440.0 0.4266061832450697
13450.0 0.4263901156358553
13460.0 0.42647912328889587
13470.0 0.4269902425645589
13480.0 0.4282699779334096
13490.0 0.4291518922375333
13500.0 0.4286606838425086
13510.0 0.42768453751239743
13520.0 0.427251969966596
13530.0 0.4275608262039744
13540.000000000002 0.4289754525212296
13550.0 0.42984012168245117
13560.000000000002 0.4296569417235559
13570.0 0.42945358198975503
13580.000000000002 0.4300282845194094
13590.0 0.4296846634724422
13600.000000000002 0.4286177086045321
13610.0 0.42796529639158326
13620.000000000002 0.428615181560645
13630.0 0.4295724759878432
13640.000000000002 0.4302564197703147
13650.0 0.4298321084918447
13660.000000000002 0.42883053032236695
13670.0 0.4269078421620929
13680.000000000002 0.42566827141623015
13690.0 0.42537007793411835
13700.000000000002 0.4260097188117711
13710.0 0.4261068280704316
13720.000000000002 0.4251508850166457
13730.0 0.4232269126901437
13740.000000000002 0.4211333872014794
13750.0 0.41996317975694947
13759.999999999998 0.4194738411175974
13770.0 0.4187650243756042
13779.999999999998 0.4173202893784571
13790.0 0.4160126254274227
13799.999999999998 0.4152725030167655
13810.0 0.4142864521879423
13819.999999999998 0.4131888506432407
13830.0 0.4119354493207662
13839.999999999998 0.41071642793400975
13850.0 0.4103819615485738
13859.999999999998 0.41101108953099397
13870.0 0.41149719414989466
13879.999999999998 0.4109839798558491
13890.0 0.41062850160596
13899.999999999998 0.41067834056249397
13910.0 0.4112294685990596
13919.999999999998 0.41125668240252017
13930.0 0.4121364531283897
13939.999999999998 0.41341699301586415
13950.0 0.41473049414194424
13959.999999999998 0.4146850346468297
13970.0 0.41489085855250196
13980.0 0.41562132112938555
13990.0 0.416459409963498
14000.0 0.4171548021179925
14010.0 0.4181553661083035
14020.0 0.41902946736675245
14030.0 0.41955910217911213
14040.0 0.4202724846452903
14050.0 0.4207931056634386
14060.0 0.42056053732010346
14070.0 0.42084261525320577
14080.0 0.4219063095262134
14090.0 0.42320184673694644
14100.0 0.4239898203893524
14110.0 0.42521372109097966
14120.0 0.42664094087787086
14130.0 0.42761394179804463
14140.0 0.4280993459015047
14150.0 0.42793818173785114
14160.0 0.4285949052403045
14170.0 0.43005560627771655
14180.0 0.431304151756477
14190.0 0.43151010755458397
14200.0 0.4306601296294471
14210.0 0.43015614617580816
14220.0 0.4290476764897543
14230.0 0.4281380476816815
14240.0 0.42637991223076505
14250.0 0.4246988713839384
14260.0 0.4228103295861359
14270.0 0.42046665678556483
14280.0 0.4170354538550518
14290.0 0.4129977839487039
14300.0 0.40916976885423806
14310.0 0.4043730429183962
14320.0 0.3989093852180226
14330.0 0.3935058323745585
14340.0 0.38789428930112035
14350.0 0.38161153448429413
14360.0 0.374272047714432
14370.0 0.3682299165208355
14380.0 0.3608541914629615
14390.0 0.35244766816124057
14400.0 0.3428519720953681
14410.0 0.33482502360111654
14420.0 0.327135444882794
14430.0 0.3185053062567865
14440.0 0.30932128411841625
14450.0 0.3003978152534965
14460.0 0.2916404782753689
14470.0 0.2839349634785214
14480.0 0.2770107254220766
14490.0 0.27134601980454953
14500.0 0.26563195294671055
14510.0 0.26100608769636624
14520.0 0.2568574817419529
14530.0 0.2532239994251662
14540.0 0.2511201794367113
14550.0 0.25075408892486445
14560.0 0.2518895923556893
14570.0 0.2535289684109878
14580.0 0.25672011446214793
14590.0 0.26157708979529987
14600.0 0.2678937639770709
14610.0 0.2747843888378636
14620.0 0.2821791835175414
14630.0 0.2909495613673581
14640.0 0.30088664772053647
14650.0 0.3131949132030088
14660.0 0.32536126816762284
14670.0 0.3377921150376743
14680.0 0.34786951088877677
14690.0 0.3587601517351203
14700.0 0.3696051114784098
14710.0 0.38115054860167896
14720.0 0.39297252923217657
14730.0 0.4036554971447571
14740.0 0.4140545045715503
14750.0 0.4218459101525917
14760.0 0.4297699388519244
14770.0 0.4354399467768552
14780.0 0.44065277716821516
14790.000000000002 0.44477712946562986
14800.0 0.4493494586249314
14810.000000000002 0.4527571270307939
14820.0 0.45556669257834204
14830.000000000002 0.45805623866322587
14840.0 0.46017905917738133
14850.000000000002 0.46047111450636363
14860.0 0.460511747106642
14870.000000000002 0.4599224979567027
14880.0 0.4605926238569968
14890.000000000002 0.461426997057155
14900.0 0.46301897722375995
14910.000000000002 0.46378209969224315
14920.0 0.4639835657936814
14930.000000000002 0.46353794160791617
14940.0 0.46241159805906024
14950.000000000002 0.4617503642125632
14960.0 0.46142104697018343
14970.000000000002 0.4626839561457856
14980.0 0.4633682924373738
14990.000000000002 0.464122108564207
15000.0 0.4637243010373439
15009.999999999998 0.4637706836544092
15020.0 0.4637115148271045
15029.999999999998 0.4635129214267972
15040.0 0.46358223945635973
15049.999999999998 0.4646868207702378
15060.0 0.46618211533987625
15069.999999999998 0.46638782827068764
15080.0 0.4669056746277355
15089.999999999998 0.46742018917618333
15100.0 0.4674407113101776
15109.999999999998 0.46757399289892987
15120.0 0.4678702447743709
15129.999999999998 0.4686098038082549
15140.0 0.46932304084712556
15149.999999999998 0.4700343805837177
15160.0 0.4707634591404861
15169.999999999998 0.4711807862096069
15180.0 0.47107055038581974
15189.999999999998 0.46974477241352164
15200.0 0.46906816903430304
15209.999999999998 0.46887325208963226
15220.0 0.4694300388805703
15230.0 0.47105242782820056
15240.0 0.47221797688834993
15250.0 0.4719415972674343
15260.0 0.4717876679565652
15270.0 0.47185395869313995
15280.0 0.47308908387287096
15290.0 0.47333001492105403
15300.0 0.4740951175899917
15310.0 0.47409901584728253
15320.0 0.4749060339538354
15330.0 0.4749715223764611
15340.0 0.47450401272377174
15350.0 0.4742361465113942
15360.0 0.47411331484727054
15370.0 0.4746274072022479
15380.0 0.4755790105303514
15390.0 0.47648258925441406
15400.0 0.4765767094020318
15410.0 0.4762566576756449
15420.0 0.4758010993666952
15430.0 0.4743658578430827
15440.0 0.4735530258631559
15450.0 0.4733393076306868
15460.0 0.4748293909760259
15470.0 0.47517756271672823
15480.0 0.47579039726101324
15490.0 0.47561918005907916
15500.0 0.475360137487383
15510.0 0.47462719983502616
15520.0 0.47472727696309563
15530.0 0.4755233646879609
15540.0 0.47590044492885847
15550.0 0.47697292263218877
15560.0 0.47787147249101797
15570.0 0.4776689090337194
15580.0 0.476310237867116
15590.0 0.4751786396063109
15600.0 0.4753158832443421
15610.0 0.4759678858217077
15620.0 0.47663616747170334
15630.0 0.4773436046665802
15640.0 0.4784356780913322
15650.0 0.4783992107144741
15660.0 0.47661828687743046
15670.0 0.4753844257884533
15680.0 0.47498588029676153
15690.0 0.47526718556422404
15700.0 0.4754752204263668
15710.0 0.4758158657725291
15720.0 0.47655865486142435
15730.0 0.4765862283274201
15740.0 0.47605056962149617
15750.0 0.4750331868843785
15760.0 0.47484588539728806
15770.0 0.4750053152490331
15780.0 0.4754744882004701
15790.0 0.4763355896609159
15800.0 0.47717497182992236
15810.0 0.4777306025987485
15820.0 0.4757412896070702
15830.0 0.47435097116453967
15840.0 0.47450128274284337
15850.0 0.4757194015368235
15860.0 0.47489286474190445
15870.0 0.47417800575363384
15880.0 0.47426143283043376
15890.0 0.47372801875465204
15900.0 0.4732033984400105
15910.0 0.47213029436214876
15920.0 0.4723073808894637
15930.0 0.4725483589444188
15940.0 0.47291010096293556
15950.0 0.4729377396686577
15960.0 0.47304705406517483
15970.0 0.4739357012295105
15980.0 0.47329547670977373
15990.0 0.47279232121709036
16000.0 0.4723769049784348
16010.0 0.4728054875257145
16020.0 0.4740815412766718
16030.0 0.4760253703919615
16040.000000000002 0.477966430912476
16050.0 0.4771319852432777
16060.000000000002 0.47609530947292267
16070.0 0.47501844795827
16080.000000000002 0.47476674054992496
16090.0 0.47503167170530913
16100.000000000002 0.4759503871437708
16110.0 0.4765765612375016
16120.000000000002 0.4756935348906306
16130.0 0.47601945878936147
16140.000000000002 0.47690922930175006
16150.0 0.4769431953346041
16160.000000000002 0.47552981230038316
16170.0 0.4749844226938351
16180.000000000002 0.47584373107515954
16190.0 0.47738403191582324
16200.000000000002 0.478372797845736
16210.0 0.4785412734050711
16220.000000000002 0.4775046623735315
16230.0 0.4766733201759853
16240.000000000002 0.4760105701490678
16250.0 0.4774727507847896
16259.999999999998 0.47952392366149166
16270.0 0.48125918575080856
16279.999999999998 0.4811621794728608
16290.0 0.48222718206220094
16299.999999999998 0.48211810452036546
16310.0 0.4798727905349965
16319.999999999998 0.4782189410868036
16330.0 0.4784836265636986
16339.999999999998 0.47991927559496356
16350.0 0.48079753035870043
16359.999999999998 0.48241517785100274
16370.0 0.48209958742915754
16379.999999999998 0.481435122375141
16390.0 0.48015569647202966
16400.0 0.48029340097061685
16410.0 0.4810539490520957
16420.0 0.48183448282216196
16430.0 0.4812585388657941
16440.0 0.48111743949826613
16450.0 0.4807565023909735
16460.0 0.4806979880312775
16470.0 0.480149003661563
16480.0 0.4802182617094623
16490.0 0.47924996667549713
16500.0 0.4796058605048537
16510.0 0.4807482125456257
16520.0 0.4821316451749552
16530.0 0.48189274863044684
16540.0 0.48058186821494514
16550.0 0.4798772807016199
16560.0 0.4794002410358313
16570.0 0.47915079029421354
16580.0 0.47895589230053937
16590.0 0.47976167914009055
16600.0 0.4802311694306385
16610.0 0.4796331984143047
16620.0 0.47876922962475826
16630.0 0.47835093918011823
16640.0 0.47700097697552174
16650.0 0.4761336853310594
16660.0 0.47582240372119955
16670.0 0.47640551411746623
16680.0 0.47575940609896156
16690.0 0.4751204044923034
16700.0 0.47316181124891404
16710.0 0.47123231085904194
16720.0 0.4691006367544213
16730.0 0.46936583423588757
16740.0 0.4713499554934789
16750.0 0.4733019018052455
16760.0 0.47467954704713616
16770.0 0.4750639230252003
16780.0 0.4752637514127409
16790.0 0.475902025362397
16800.0 0.47796032586711684
16810.0 0.4783263780734165
16820.0 0.47782954379169823
16830.0 0.4788936429565655
16840.0 0.480653497389467
16850.0 0.48269507012649004
16860.0 0.48298104459474567
16870.0 0.48238099818218755
16880.0 0.48164673291088306
16890.0 0.482602948484096
16900.0 0.482442304286618
16910.0 0.48304506353993887
16920.0 0.48369941633027863
16930.0 0.4849726830581802
16940.0 0.48442868591729205
16950.0 0.48404620980264185
16960.0 0.4823296398296962
16970.0 0.4823342277117915
16980.0 0.48198480045837044
16990.0 0.4823007714495757
17000.0 0.4826405149561832
17010.0 0.48387509052569394
17020.0 0.4835750220433778
17030.0 0.4818526644254205
17040.0 0.47992746491685695
17050.0 0.4788078644311597
17060.0 0.47894471190237903
17070.0 0.4791330860914416
17080.0 0.4791219485939942
17090.0 0.4789830998100324
17100.0 0.4781141757774001
17110.0 0.4775085381779882
17120.0 0.47641350163111607
17130.0 0.47518676287305256
17140.0 0.47443088161851615
17150.0 0.47481328036341075
17160.0 0.4756659120852573
17170.0 0.47597369978675236
17180.0 0.477439535276739
17190.0 0.4775485240672447
17200.0 0.47728898980034895
17210.0 0.47611000450911295
17220.0 0.47724553942345493
17230.0 0.4782909838351373
17240.0 0.4792038174440462
17250.0 0.48056272285455787
17260.0 0.4824494834600585
17270.0 0.48385306065375067
17280.0 0.4823632357122714
17290.0 0.4810391922251349
17300.0 0.4798405537998982
17310.0 0.4804632703951298
17320.0 0.4810620673509684
17330.0 0.48177588438385843
17340.0 0.48188608346875095
17350.0 0.48135346365458787
17360.0 0.4810276814835163
17370.0 0.48102667340495764
17380.0 0.4817171474229496
17390.0 0.4822479836629704
17400.0 0.48284502177677524
17410.0 0.48300587584389515
17420.0 0.4834743578621014
17430.0 0.4845382097515633
17440.0 0.4843325858954236
17450.0 0.4836498016958981
17460.0 0.4830075079471885
17470.0 0.483054412828381
17480.0 0.48321702536162375
17490.0 0.48438679113377386
17500.0 0.4863648386788587
17510.0 0.48674659693306704
17520.0 0.4855358582224347
17530.0 0.48464418356473493
17540.0 0.484068261026493
17550.0 0.4845730678388565
17560.0 0.4849635073552786
17570.0 0.4859400870392846
17580.0 0.48536957662147084
17590.0 0.4856060260609345
17600.0 0.48546452587263833
17610.0 0.4845266338809712
17620.0 0.48304958621636407
17630.0 0.4828000055018836
17640.0 0.4836315614759835
17650.0 0.48467442898374946
17660.0 0.48536480682474503
17670.0 0.48555109192482415
17680.0 0.48407279969259664
17690.0 0.48295522110246747
17700.0 0.4817722936657503
17710.0 0.482305570527482
17720.0 0.48240348763369406
17730.0 0.48183612770782325
17740.0 0.4823362774144925
17750.0 0.48468962474617855
17760.0 0.4894954580293289
17770.0 0.48757404001541205
17780.0 0.4837379961849305
17790.0 0.4805665939067507
17800.0 0.48289333701099835
17810.0 0.48419389809279223
17820.0 0.4856977704833889
17830.0 0.4869711977422776
17840.0 0.48707658283452515
17850.0 0.4859498333147126
17860.0 0.4853179799049609
17870.0 0.4857742066874114
17880.0 0.48666257061294405
17890.0 0.4876352074715715
17900.0 0.4882432744788118
17910.0 0.48837335083277045
17920.0 0.4877472090384157
17930.0 0.4864857520710252
17940.0 0.48576446729622214
17950.0 0.48571926762154133
17960.0 0.48507966290137805
17970.0 0.48509594117535115
17980.0 0.4861305486858776
17990.0 0.4879205417216244
18000.0 0.48798375496222673
18010.0 0.48787504721558156
18020.0 0.4876258959005482
18030.0 0.4873340954042309
18040.0 0.48733579074096584
18050.0 0.4877312870345003
18060.0 0.48904663304926516
18070.0 0.4893926148205025
18080.0 0.4897101676700122
18090.0 0.4893555420008884
18100.0 0.48922395861243523
18110.0 0.48896548911022086
18120.0 0.48906194364996813
18130.0 0.49001653743957696
18140.0 0.4915039149273822
18150.0 0.49246711009350064
18160.0 0.49227191665457376
18170.0 0.49178174332436575
18180.0 0.49064041511969775
18190.0 0.48898499767274006
18200.0 0.4878663712743743
18210.0 0.4878370643237701
18220.0 0.4886712567603419
18230.0 0.48904953424135017
18240.0 0.4892946933812444
18250.0 0.48888503802802596
18260.0 0.48820640410405536
18270.0 0.48726676457272855
18280.0 0.4870410812962267
18290.0 0.4868832818111631
18300.0 0.4873620428675607
18310.0 0.4883179101481638
18320.0 0.48967056677464665
18330.0 0.48945501949463516
18340.0 0.48859018186318204
18350.0 0.48822645318392094
18360.0 0.48831830231063067
18370.0 0.48849456109635614
18380.0 0.48920238515451064
18390.0 0.491320244400522
18400.0 0.49168327584331095
18410.0 0.49069327353655007
18420.0 0.4888633730866517
18430.0 0.48788228508744985
18440.0 0.48773418718319284
18450.0 0.4887587089028506
18460.0 0.4901572349087453
18470.0 0.49068987164887656
18480.0 0.4908767631535568
18490.0 0.49004550279414666
18500.0 0.48917703223823367
18510.0 0.4880933776682975
18520.0 0.48773300834627903
18530.0 0.4880504604645762
18540.0 0.4889504325206611
18550.0 0.48986755499832546
18560.0 0.48957325525705503
18570.0 0.48861328030418383
18580.0 0.48737209249072094
18590.0 0.48705815851970985
18600.0 0.4869943118531284
18610.0 0.4867444951220121
18620.0 0.4876029950573213
18630.0 0.4887791380268307
18640.0 0.49021093510230646
18650.0 0.49002241780621525
18660.0 0.48881027980491465
18670.0 0.48718360009093403
18680.0 0.4869970848692392
18690.0 0.4887468823030369
18700.0 0.48948653777639456
18710.0 0.4898535283945137
18720.0 0.48956047276412273
18730.0 0.4907187348688509
18740.0 0.4910106683141509
18750.0 0.4909527575439546
18760.0 0.49031815079510865
18770.0 0.4906862845046237
18780.0 0.4912821689031706
18790.0 0.49208026046864356
18800.0 0.49261981719428327
18810.0 0.4916989263742287
18820.0 0.4896272540751355
18830.0 0.488006332666136
18840.0 0.4874684491155646
18850.0 0.4881533864888622
18860.0 0.48897092212703885
18870.0 0.48975699610590256
18880.0 0.4894687800574706
18890.0 0.48910673893534595
18900.0 0.48811095974681507
18910.0 0.48702730188485344
18920.0 0.48674463608039886
18930.0 0.48660747790717873
18940.0 0.4866854149503483
18950.0 0.48716732287599707
18960.0 0.48830602848145993
18970.0 0.4890954612641729
18980.0 0.4882248383675906
18990.0 0.48709015581357046
19000.0 0.48630259761710903
19010.0 0.48730054328479644
19020.0 0.4877918381914092
19030.0 0.48793040921829145
19040.0 0.4881398810033378
19050.0 0.4882090840994364
19060.0 0.4873660461363839
19070.0 0.48607778752477365
19080.0 0.4861051436933724
19090.0 0.48712655745880834
19100.0 0.48845630470577905
19110.0 0.4895935221511466
19120.0 0.48969006232870355
19130.0 0.4899125506926435
19140.0 0.48916812029674617
19150.0 0.48817671910711397
19160.0 0.4866858761100502
19170.0 0.4864353735439333
19180.0 0.4876785578755811
19190.0 0.48834774679368764
19200.0 0.4887119919647787
19210.0 0.48796698384140674
19220.0 0.48782979416347466
19230.0 0.48699916540220645
19240.0 0.48612449882856235
19250.0 0.48512638418222487
19260.0 0.48481662473414106
19270.0 0.48533150218636756
19280.0 0.48566834077001375
19290.0 0.4856743458640992
19300.0 0.48509870919572323
19310.0 0.48418048430334504
19320.0 0.48274474708998927
19330.0 0.48129886587963233
19340.0 0.48182709279721603
19350.0 0.48301110572756645
19360.0 0.48424163903960066
19370.0 0.48406925767654374
19380.0 0.484333035346256
19390.0 0.4838750847549899
19400.0 0.48364240121386076
19410.0 0.48348016269997723
19420.0 0.4841942989509069
19430.0 0.48571387724346554
19440.0 0.48703105235598326
19450.0 0.4881131646307744
19460.0 0.4884170583883839
19470.0 0.4880156260143797
19480.0 0.4867786103820068
19490.0 0.4857804105879757
19500.0 0.48621559145984883
19510.0 0.487501079307202
19520.0 0.4885109260881735
19530.0 0.48849876521818786
19540.0 0.48839372822348315
19550.0 0.48816126436538493
19560.0 0.48778963201661624
19570.0 0.4875338004397386
19580.0 0.487529914204095
19590.0 0.48755321457341555
19600.0 0.48790678471181087
19610.0 0.487972158221167
19620.0 0.48830047003610116
19630.0 0.48803526189588753
19640.0 0.48780523799326836
19650.0 0.4869694417796856
19660.0 0.4873996734747167
19670.0 0.48850272025598634
19680.0 0.48869199766653654
19690.0 0.48817685989669063
19700.0 0.4871332750624989
19710.0 0.48717601743957634
19720.0 0.48670818340044747
19730.0 0.48683559549556066
19740.0 0.48638600483938044
19750.0 0.48665855630043675
19760.0 0.48699966083368484
19770.0 0.4873469340317885
19780.0 0.4879610379622273
19790.0 0.488113781292801
19800.0 0.48793152190168904
19810.0 0.48709188602426506
19820.0 0.48689694919441795
19830.0 0.4872044402836239
19840.0 0.48748482943704985
19850.0 0.4881646168326848
19860.0 0.4886101106408711
19870.0 0.4893357721102098
19880.0 0.48888805705597044
19890.0 0.48855051141613604
19900.0 0.4879909108579366
19910.0 0.488192018847539
19920.0 0.4882529669013494
19930.0 0.48748130392408245
19940.0 0.4860584019524258
19950.0 0.48343251233258977
19960.0 0.48057948515174354
19970.0 0.47791915445834204
19980.0 0.4796536266460481
19990.0 0.4820619677162869
20000.0 0.483660931382777
20010.0 0.4836462900651891
20019.999999999996 0.48366114203185
20030.0 0.4833813983140658
20040.0 0.48277999619638345
20050.0 0.48332143417678597
20059.999999999996 0.48358800596997387
20070.0 0.48477086179646267
20080.0 0.4850356265334458
20090.0 0.48482913356412366
20099.999999999996 0.4841933777975704
20110.0 0.48328384969545374
20120.0 0.4829835310540855
20130.0 0.4832100106438456
20139.999999999996 0.48391478483292516
20150.0 0.483448030818442
20160.0 0.4830370692868091
20170.0 0.4832350452926476
20179.999999999996 0.48335322840291894
20190.0 0.48268861243828864
20200.0 0.4813806377005999
20210.0 0.4814997822208185
20219.999999999996 0.48308794069804517
20230.0 0.4840085451060254
20240.0 0.48321998174196773
20250.0 0.4817895132949549
20259.999999999996 0.48163641825798204
20270.0 0.4812008817316309
20280.0 0.4808462863568254
20290.0 0.4801924823587714
20299.999999999996 0.48111529858962276
20310.0 0.48239214316998924
20320.0 0.48285270033568267
20330.0 0.4820006581630677
20339.999999999996 0.4811830788545466
20350.0 0.4812500794672605
20360.0 0.4811703281253651
20370.0 0.48087589848624
20379.999999999996 0.48086895733144935
20390.0 0.48051127070119015
20400.0 0.47952367261092765
20410.0 0.47826581987681605
20419.999999999996 0.4777247284512214
20430.0 0.47778925486059254
20440.0 0.4776540685787045
20450.0 0.4774448039160605
20460.0 0.4768303272210984
20470.0 0.47702619858792683
20480.0 0.4768748534203036
20490.0 0.4765929086038306
20500.0 0.4762276076696587
20510.0 0.47557296754638445
20520.0 0.47481002069658773
20530.0 0.4737202268073451
20540.0 0.47445330998615604
20550.0 0.47493212788204786
20560.0 0.4759004431093668
20570.0 0.47621486263251844
20580.0 0.4772889336967018
20590.0 0.47769993458600385
20600.0 0.4770341390807552
20610.0 0.47652650151862824
20620.0 0.47647743344176163
20630.0 0.4779082961848933
20640.0 0.4780852342353134
20650.0 0.47781031309316574
20660.0 0.47729512381831707
20670.0 0.4765467776708859
20680.0 0.4765404140880728
20690.0 0.4762377461202579
20700.0 0.477303999612464
20710.0 0.47820073671108726
20720.0 0.4799731694403403
20730.0 0.4804892215213798
20740.0 0.4807527707879887
20750.0 0.4817000905243912
20760.0 0.48176985707459286
20770.0 0.4807445491646577
20780.0 0.4791111896961059
20790.0 0.47979278337057
20800.0 0.48140635555608546
20810.0 0.4824488451494501
20820.0 0.48279954815877774
20830.000000000004 0.4828037605722466
20840.0 0.4834956974882627
20850.0 0.4827030379548132
20860.0 0.48322493768712477
20870.000000000004 0.4833806035866708
20880.0 0.48454974778500787
20890.0 0.48322163054103484
20900.0 0.4815408091248258
20910.000000000004 0.48044361967029775
20920.0 0.481088192252396
20930.0 0.48215594645288146
20940.0 0.4815132122650856
20950.000000000004 0.4803829589398072
20960.0 0.48001160323188674
20970.0 0.48131035033553854
20980.0 0.4824765493056909
20990.000000000004 0.4823962495324069
21000.0 0.481621614860367
21010.0 0.48126211366032384
21020.0 0.48107090345947257
21030.000000000004 0.4805873810445873
21040.0 0.4801828427639026
21050.0 0.48104890318480104
21060.0 0.4816369999698673
21070.000000000004 0.4816724496243491
21080.0 0.4814242022382938
21090.0 0.4819609821626104
21100.0 0.48262085502023055
21110.000000000004 0.4818110381782229
21120.0 0.480785504881501
21130.0 0.4810699043065131
21140.0 0.48219259838933853
21150.000000000004 0.4819252478842782
21160.0 0.4815265408731349
21170.0 0.48159648852672754
21180.0 0.4821397139369835
21190.000000000004 0.48284255090249
21200.0 0.4836449323388465
21210.0 0.4843323376323415
21220.0 0.4841682748152142
21230.000000000004 0.48333848783157657
21240.0 0.4829921817961169
21250.0 0.4840035690592442
21260.0 0.4852949642072622
21269.999999999996 0.4845362486067036
21280.0 0.4832843820668985
21290.0 0.4826008919370181
21300.0 0.48365329602659607
21309.999999999996 0.484587277158648
21320.0 0.48433387117444276
21330.0 0.483442789632444
21340.0 0.48209843980172273
21349.999999999996 0.48202302851321915
21360.0 0.48160013013295155
21370.0 0.4811403524942725
21380.0 0.47992971176485766
21389.999999999996 0.4787446015352033
21400.0 0.47741321516161234
21410.0 0.47648275353505976
21420.0 0.4768724687781213
21429.999999999996 0.4767088256314188
21440.0 0.4763819630384413
21450.0 0.47532702042641933
21460.0 0.47524633604557454
21469.999999999996 0.4753930689982828
21480.0 0.47571371852977273
21490.0 0.47588775463972605
21500.0 0.47544113351070816
21509.999999999996 0.47449382655550815
21520.0 0.4729674789665376
21530.0 0.4721048745155288
21540.0 0.47176092830197675
21549.999999999996 0.4718927855742563
21560.0 0.47236710858494074
21570.0 0.4713664429467337
21580.0 0.4704848527889288
21589.999999999996 0.4707364113954503
21600.0 0.4714496368028312
21610.0 0.47097466787200604
21620.0 0.4698800957333631
21629.999999999996 0.469756605114359
21640.0 0.46868031794032916
21650.0 0.4671299456266987
21660.0 0.4656310025144583
21669.999999999996 0.46570984047928565
21680.0 0.46596832373961994
21690.0 0.4650039016601775
21700.0 0.4640326857310373
21710.0 0.4634075709650282
21720.0 0.46353004171829415
21730.0 0.46324241868418337
21740.0 0.4631480851162762
21750.0 0.4622458038774756
21760.0 0.4601005961666586
21770.0 0.45757587012579226
21780.0 0.4550477815443528
21790.0 0.45331521912261824
21800.0 0.45141193284223746
21810.0 0.4499764963826809
21820.0 0.44899962723074754
21830.0 0.4477319503023197
21840.0 0.4452985303761258
21850.0 0.4418819069746468
21860.0 0.43924118836391524
21870.0 0.4361618100448232
21880.0 0.43474256438261355
21890.0 0.43195201881430345
21900.0 0.43050282744760343
21910.0 0.4271390061730347
21920.0 0.4251712751785813
21930.0 0.42187967107235474
21940.0 0.4195047440394544
21950.0 0.41607837669275344
21960.0 0.41358492338744013
21970.0 0.41065742545602635
21980.0 0.40720054558645974
21990.0 0.4034284949479735
22000.0 0.400824210828124
22010.0 0.3974111652655438
22020.0 0.3934576908946697
22030.0 0.38903060396451566
22040.0 0.3857497627308778
22050.0 0.38330107476082836
22060.0 0.3816211827021726
22070.0 0.37963927613386383
22080.000000000004 0.37713429914318525
22090.0 0.3743131165600517
22100.0 0.37187152833258935
22110.0 0.37063547871650393
22120.000000000004 0.3705713794050493
22130.0 0.3706220547259871
22140.0 0.3701124357136419
22150.0 0.36915574998050754
22160.000000000004 0.36924805679862
22170.0 0.3702039378566445
22180.0 0.37136850491728846
22190.0 0.3719664639630597
22200.000000000004 0.3728432217874411
22210.0 0.3741035677883215
22220.0 0.3749262648914536
22230.0 0.37650925416389913
22240.000000000004 0.3781359383249815
22250.0 0.37927636368568046
22260.0 0.37931188766328805
22270.0 0.3796414045951134
22280.000000000004 0.38025366648775355
22290.0 0.38140569626481513
22300.0 0.38273443569082616
22310.0 0.3833578431288098
22320.000000000004 0.3836739817636729
22330.0 0.38448144644078736
22340.0 0.38547745685246465
22350.0 0.38620817977687033
22360.000000000004 0.38682422345528883
22370.0 0.38714277087110505
22380.0 0.38733538192596534
22390.0 0.3883499806887121
22400.000000000004 0.38953348304280594
22410.0 0.38916860875692016
22420.0 0.38786672993357063
22430.0 0.38728043925114075
22440.000000000004 0.38842053810665994
22450.0 0.3899952378134159
22460.0 0.3911884326321865
22470.0 0.39132019600696977
22480.000000000004 0.39020634052972036
22490.0 0.3898629539941597
22500.0 0.39019649671434076
22510.0 0.39135724786033516
22519.999999999996 0.391217059205951
22530.0 0.3907024969019104
22540.0 0.3903806773943183
22550.0 0.3909253007365967
22559.999999999996 0.39186442357243984
22570.0 0.3917684236899162
22580.0 0.39168258112444226
22590.0 0.3915900774781506
22599.999999999996 0.3919508676381774
22610.0 0.39205925919525786
22620.0 0.3928645243958737
22630.0 0.3929867175235087
22639.999999999996 0.3924325397418006
22650.0 0.3918464476516883
22660.0 0.39264827754805326
22670.0 0.39351449189846427
22679.999999999996 0.39430905382296677
22690.0 0.39560280326620395
22700.0 0.39790699058710205
22710.0 0.40044955439167945
22719.999999999996 0.40319243877921535
22730.0 0.40498131721327507
22740.0 0.40629775745113333
22750.0 0.4076353174538662
22759.999999999996 0.4095392107291001
22770.0 0.4114913755934431
22780.0 0.41292396120233155
22790.0 0.4141963214980619
22799.999999999996 0.41485302360064313
22810.0 0.41580821141812263
22820.0 0.4175466459526862
22830.0 0.42023999597595557
22839.999999999996 0.42250953621634285
22850.0 0.42310909159714044
22860.0 0.4236572589975127
22870.0 0.4246804213423832
22879.999999999996 0.4264698007802968
22890.0 0.42785387312962364
22900.0 0.42894605987715734
22910.0 0.42927217769139026
22919.999999999996 0.42942317706907684
22930.0 0.43049986540957025
22940.0 0.43254097249078505
22950.0 0.4345305044439848
22960.0 0.43502543034071306
22970.0 0.4352099686031472
22980.0 0.4356671181236608
22990.0 0.4374610674026168
23000.0 0.4393088455394704
23010.0 0.4399322069867986
23020.0 0.44015874826710377
23030.0 0.4412132618990002
23040.0 0.44394850887142184
23050.0 0.446697255507687
23060.0 0.4488887846631986
23070.0 0.4500217454782714
23080.0 0.45191044877430775
23090.0 0.4548485295833143
23100.0 0.457266704127944
23110.0 0.4590815754357449
23120.0 0.4605538849734944
23130.0 0.4608235102156293
23140.0 0.4604635406972526
23150.0 0.4603262905408096
23160.0 0.46229576359792196
23170.0 0.46405069737919596
23180.0 0.46511885487664145
23190.0 0.4651263799522266
23200.0 0.46538662494254834
23210.0 0.4661159985302599
23220.0 0.46786696356495133
23230.0 0.4691883856662943
23240.0 0.4687709980112248
23250.0 0.4681259627720075
23260.0 0.4681866079821785
23270.0 0.46823888006344394
23280.0 0.46933729299021787
23290.0 0.46979815768235633
23300.0 0.4701440294827715
23310.0 0.4691271193185654
23320.0 0.4705947975249952
23330.000000000004 0.47276027325498443
23340.0 0.47393046656052545
23350.0 0.4731965001549274
23360.0 0.47258409280233127
23370.000000000004 0.47261635493676074
23380.0 0.4728525130533505
23390.0 0.47331166501498423
23400.0 0.4731256493184309
23410.000000000004 0.47288023957955355
23420.0 0.47281041878364893
23430.0 0.4725163297008991
23440.0 0.4729658480790796
23450.000000000004 0.4725330115279981
23460.0 0.47263080200422697
23470.0 0.472631919606191
23480.0 0.47415090615454986
23490.000000000004 0.47576776949414723
23500.0 0.4764750395606325
23510.0 0.4770672628407815
23520.0 0.476906781514531
23530.000000000004 0.47786004581237707
23540.0 0.47862333547493846
23550.0 0.480009935611925
23560.0 0.48093487679943525
23570.000000000004 0.48126781884502823
23580.0 0.48196689212545557
23590.0 0.48278114335030364
23600.0 0.48449799665384286
23610.000000000004 0.4843900628580925
23620.0 0.48398694908558554
23630.0 0.48257621256942596
23640.0 0.48244580555191774
23650.000000000004 0.4834065192915022
23660.0 0.48445067230278016
23670.0 0.485279741867731
23680.0 0.4850201965054389
23690.000000000004 0.48449888050887213
23700.0 0.4843458552589699
23710.0 0.4849025088338352
23720.0 0.4854850607627376
23730.000000000004 0.4846485642608256
23740.0 0.4839786760366827
23750.0 0.4840301811509927
23760.0 0.484983939383087
23769.999999999996 0.4848048419838969
23780.0 0.4845787646837779
23790.0 0.48376484799565767
23800.0 0.4825291091173134
23809.999999999996 0.0
23819.999999999996 0.0
