18985.99975585938 0.0
18995.999755859375 0.0
19005.999755859375 6.811395301017229e-06
19015.999755859375 6.914842668306536e-06
19025.999755859375 7.55258562222969e-06
19035.999755859375 8.546636474159781e-06
19045.999755859375 8.769621338601452e-06
19055.999755859375 9.628346342705387e-06
19065.999755859375 9.5543532362085e-06
19075.999755859375 1.0660434275933556e-05
19085.999755859375 1.237019871599036e-05
19095.999755859375 1.236376891652736e-05
19105.999755859375 1.4559471415147621e-05
19115.999755859375 1.5163465497726655e-05
19125.999755859375 1.5423303944565332e-05
19135.999755859375 1.8990041184156142e-05
19145.999755859375 1.9900732111138205e-05
19155.999755859375 2.199746175466421e-05
19165.999755859375 2.3891038919187062e-05
19175.999755859375 2.6554520740689857e-05
19185.999755859375 2.9773897275505067e-05
19195.999755859375 3.308053837301082e-05
19205.999755859375 3.630521512999939e-05
19215.999755859375 3.8900061327520885e-05
19225.999755859375 4.518453165651238e-05
19235.999755859375 4.9195188943327915e-05
19245.999755859375 5.451157993555522e-05
19255.999755859375 6.200877747004026e-05
19265.999755859375 6.906092846642056e-05
19275.999755859375 7.577509793407652e-05
19285.999755859375 8.352472671157462e-05
19295.999755859375 9.901095983976e-05
19305.999755859375 0.0001061491961918704
19315.999755859375 0.00011912999789915485
19325.999755859375 0.00013441434294814643
19335.999755859375 0.00015036023789939527
19345.999755859375 0.00017308762659071103
19355.999755859375 0.00019040553215294795
19365.999755859375 0.00021621420073155204
19375.999755859375 0.00024412093452166474
19385.999755859375 0.0002734660055245566
19395.999755859375 0.00030606431534174056
19405.999755859375 0.00034704234693189894
19415.999755859375 0.000403958261069335
19425.999755859375 0.0004413963312901768
19435.999755859375 0.00050963976817098
19445.999755859375 0.0005724204209932268
19455.999755859375 0.0006542829880164477
19465.999755859375 0.0007343452086563864
19475.999755859375 0.0008478402127942455
19485.999755859375 0.0009657453521072975
19495.999755859375 0.0010618664636945418
19505.999755859375 0.0012312284479881498
19515.999755859375 0.0013954265543841896
19525.999755859375 0.00160604692559902
19535.999755859375 0.0018112732067877139
19545.999755859375 0.002072520072435107
19555.999755859375 0.002437627624487546
19565.999755859375 0.002736328780911037
19575.999755859375 0.0031107118800588057
19585.999755859375 0.00366396768482853
19595.999755859375 0.0041514344661189966
19605.999755859375 0.004857407199699997
19615.999755859375 0.005507959233208012
19625.999755859375 0.0062843914034541185
19635.999755859375 0.007397932324057196
19645.999755859375 0.008529252139605896
19655.999755859375 0.009930561975277181
19665.999755859375 0.011446554783797344
19675.999755859375 0.013352865621357424
19685.999755859375 0.015149933541985272
19695.999755859375 0.017696869378587183
19705.999755859375 0.02153533287430629
19715.999755859375 0.024382746827267553
19725.999755859375 0.027935826834690473
19735.999755859375 0.03150938586785769
19745.999755859375 0.03649940024094716
19755.999755859375 0.03989297645627078
19765.999755859375 0.044947800236879755
19775.999755859375 0.051027828532512656
19785.999755859375 0.055151706721050534
19795.999755859375 0.06361200603223349
19805.999755859375 0.07005553323121494
19815.999755859375 0.07866618581802612
19825.999755859375 0.08717493337160782
19835.999755859375 0.09761454038979593
19845.999755859375 0.11094730984988282
19855.999755859375 0.12231376618794748
19865.999755859375 0.14129319056908599
19875.999755859375 0.16037335611477416
19885.999755859375 0.18253394863739003
19895.999755859375 0.21012243622332621
19905.999755859375 0.22816167252448516
19915.999755859375 0.2575227484081661
19925.999755859375 0.2842449578904963
19935.999755859375 0.31132262872704863
19945.999755859375 0.33918693373761477
19955.999755859375 0.3646519677634451
19965.999755859375 0.3882269903391344
19975.999755859375 0.40492586719073637
19985.999755859375 0.4219825675448275
19995.999755859375 0.4434626777394507
20005.999755859375 0.4634456315048405
20015.999755859375 0.47404065539916385
20025.999755859375 0.48596993347156175
20035.99975585938 0.48686038267072335
20045.999755859375 0.494918037240058
20055.999755859375 0.5056821012397772
20065.999755859375 0.5089272019669387
20075.99975585937 0.5112874989513719
20085.999755859375 0.512725979585132
20095.999755859375 0.5141714234463817
20105.999755859375 0.5097205434760472
20115.99975585937 0.5168033800739794
20125.999755859375 0.5137424695582044
20135.999755859375 0.5168375917092178
20145.999755859375 0.5189340597436292
20155.99975585937 0.5143819414609219
20165.999755859375 0.5193768276086733
20175.999755859375 0.5131054472094332
20185.999755859375 0.514372729330678
20195.99975585937 0.5177529719806521
20205.999755859375 0.5139477477111146
20215.999755859375 0.5163324308252429
20225.999755859375 0.5105363279325774
20235.99975585937 0.5183355643476096
20245.999755859375 0.5110361100209732
20255.999755859375 0.5199261429336098
20265.999755859375 0.5133192525076081
20275.99975585937 0.5161481921591504
20285.999755859375 0.5118464326471356
20295.999755859375 0.5144450096631327
20305.999755859375 0.5164886820004783
20315.99975585937 0.5110296239824885
20325.999755859375 0.5173289644952506
20335.999755859375 0.5176143812966033
20345.999755859375 0.5116283641405474
20355.99975585937 0.5076864924812359
20365.999755859375 0.5216121773530669
20375.999755859375 0.5124557603009063
20385.999755859375 0.5162056212518678
20395.99975585937 0.5118532014192305
20405.999755859375 0.5052634607678241
20415.999755859375 0.515664131165809
20425.999755859375 0.5091537717504004
20435.99975585937 0.5097115895598772
20445.999755859375 0.5080803986405689
20455.999755859375 0.5093353849025526
20465.999755859375 0.5086264492218012
20475.99975585937 0.5100571218545771
20486.0009765625 0.5030815132666892
20496.0009765625 0.49786772471590857
20506.0009765625 0.516239483684338
20516.0009765625 0.5045315347606628
20526.0009765625 0.5066168922296649
20536.0009765625 0.5081507419515439
20546.0009765625 0.504088680408171
20556.0009765625 0.5022391099666133
20566.0009765625 0.5075481397211487
20576.0009765625 0.5058541482030362
20586.0009765625 0.5083776661502732
20596.0009765625 0.5041469068491616
20606.000976562504 0.5142089207016652
20616.0009765625 0.5083978004705763
20626.0009765625 0.5174497782665133
20636.0009765625 0.5066560588306116
20646.000976562504 0.5093215625419582
20656.0009765625 0.5134026471790578
20666.0009765625 0.5118882658311042
20676.0009765625 0.5131038401433958
20686.000976562504 0.5202701296354589
20696.0009765625 0.5168089161446481
20706.0009765625 0.5199478309066828
20716.0009765625 0.5213823013722443
20726.000976562504 0.5184734189076357
20736.0009765625 0.5217808571062011
20746.0009765625 0.5177192776383793
20756.0009765625 0.5209168228593871
20766.000976562504 0.5193530323513229
20776.0009765625 0.5219321431150745
20786.0009765625 0.5212451212440431
20796.0009765625 0.5221904631052533
20806.000976562504 0.5174122852415963
20816.0009765625 0.5263548264385861
20826.0009765625 0.5148830726712442
20836.0009765625 0.5293278608387968
20846.000976562504 0.5213727000669162
20856.0009765625 0.5223606551042929
20866.0009765625 0.5237658448298854
20876.0009765625 0.5208043678140964
20886.000976562504 0.5300105017894114
20896.0009765625 0.5227956424820901
20906.0009765625 0.5217860967129988
20916.0009765625 0.5153826185561646
20926.000976562504 0.5207923898732771
20936.0009765625 0.5234295211611169
20946.0009765625 0.5319870454580975
20956.0009765625 0.5164522443951847
20966.000976562504 0.5267398225965318
20976.0009765625 0.5171313923863889
20986.0009765625 0.5179466870234666
20996.0009765625 0.5299542244186872
21006.000976562504 0.5182742130977795
21016.0009765625 0.5154779615384957
21026.0009765625 0.5166731780778842
21036.0009765625 0.522108750105642
21046.000976562496 0.5128150246998441
21056.0009765625 0.5191129095677107
21066.0009765625 0.5201692991665453
21076.0009765625 0.5055419667865216
21086.000976562496 0.525512650684975
21096.0009765625 0.5174003880168034
21106.0009765625 0.5130581973257688
21116.0009765625 0.5150406578073208
21126.000976562496 0.5124801137715229
21136.0009765625 0.523343491560016
21146.0009765625 0.5135798059456869
21156.0009765625 0.5163898804903774
21166.000976562496 0.5100537561890003
21176.0009765625 0.5217437220660754
21186.0009765625 0.5163922064549185
21196.0009765625 0.5186880704383785
21206.000976562496 0.5148661181171554
21216.0009765625 0.5137206860401374
21226.0009765625 0.5138927926817562
21236.0009765625 0.5139688553601582
21246.000976562496 0.5123979942570909
21256.0009765625 0.5190787476782766
21266.0009765625 0.5181310091489908
21276.0009765625 0.5127968202464381
21286.000976562496 0.5245684735848273
21296.0009765625 0.5172498247097932
21306.0009765625 0.5227614470044977
21316.0009765625 0.5148738880996663
21326.000976562496 0.5144731746573314
21336.0009765625 0.5202569555369806
21346.0009765625 0.515910148933443
21356.0009765625 0.5224265963262332
21366.000976562496 0.5148080995128613
21376.0009765625 0.5184137224080148
21386.0009765625 0.5159908400106454
21396.0009765625 0.5232504228382553
21406.000976562496 0.5162099756408561
21416.0009765625 0.5147143606388074
21426.0009765625 0.5184189609070968
21436.0009765625 0.5182472882525746
21446.000976562496 0.5123320355662162
21456.0009765625 0.518927137216557
21466.0009765625 0.5193049843670354
21476.0009765625 0.5170352251937301
21486.0009765625 0.5127517938103925
21496.0009765625 0.516493495697502
21506.0009765625 0.5133095920154436
21516.0009765625 0.5115428189061072
21526.0009765625 0.5111333750113849
21536.0009765625 0.5123850553031615
21546.0009765625 0.5134136513048684
21556.0009765625 0.5132878971850807
21566.0009765625 0.5172026471251754
21576.0009765625 0.5073417800778202
21586.0009765625 0.5134229510025267
21596.0009765625 0.5076629089969472
21606.0009765625 0.5081118318966849
21616.0009765625 0.5072651246226735
21626.0009765625 0.5103643602307881
21636.0009765625 0.5065901967597308
21646.0009765625 0.49869025786771803
21656.0009765625 0.5099819381993282
21666.0009765625 0.5024043728924354
21676.0009765625 0.5068485495123383
21686.0009765625 0.49949328404135573
21696.0009765625 0.5077725761354862
21706.0009765625 0.5005590086293263
21716.0009765625 0.49925348415439685
21726.0009765625 0.5069643944979847
21736.0009765625 0.49428919520236253
21746.0009765625 0.4994762629793027
21756.0009765625 0.5071337975006479
21766.0009765625 0.500466726877199
21776.0009765625 0.5008476184259865
21786.0009765625 0.4954421835876226
21796.0009765625 0.49322041841032194
21806.0009765625 0.5044795701384869
21816.0009765625 0.5001243640150751
21826.0009765625 0.4974015783830831
21836.0009765625 0.4979032660487994
21846.0009765625 0.48826323827655943
21856.000976562504 0.4936239480843311
21866.0009765625 0.48493031389697877
21876.0009765625 0.48295471810023427
21886.0009765625 0.47665429390351
21896.000976562504 0.47330699126728787
21906.0009765625 0.4618339586866065
21916.0009765625 0.44998499972527434
21926.0009765625 0.43832665367483015
21936.000976562504 0.41800943708671645
21946.0009765625 0.4053553863901917
21956.0009765625 0.3831343243502544
21966.0009765625 0.36164782898746545
21976.000976562504 0.3400649897448568
21986.0009765625 0.3143152892395041
21996.0009765625 0.2920185151762448
22006.0009765625 0.2685162515233133
22016.000976562504 0.2557204706340858
22026.0009765625 0.23312163103131286
22036.0009765625 0.21450886414759138
22046.0009765625 0.2009520055483463
22056.000976562504 0.1848809308884767
22066.0009765625 0.1728158786247284
22076.0009765625 0.15728352876375057
22086.0009765625 0.14469574675208013
22096.000976562504 0.13159385639915192
22106.0009765625 0.11965413083103953
22116.0009765625 0.10753242565751832
22126.0009765625 0.09488267448910681
22136.000976562504 0.08656300136316522
22146.0009765625 0.0765605936995296
22156.0009765625 0.06711569856956859
22166.0009765625 0.058506512999101444
22176.000976562504 0.05028195410743319
22186.0009765625 0.043795480028772066
22196.0009765625 0.038452002662454444
22206.0009765625 0.033688909155829665
22216.000976562504 0.028506669886909843
22226.0009765625 0.024730642326068787
22236.0009765625 0.02122178324673888
22246.0009765625 0.018406967126811898
22256.000976562504 0.015967399280863208
22266.0009765625 0.013720394323079359
22276.0009765625 0.011801595451271548
22286.0009765625 0.010471248425696654
22296.000976562496 0.009059981446095428
22306.0009765625 0.007880246008769402
22316.0009765625 0.0068561133045033675
22326.0009765625 0.005952598954784781
22336.000976562496 0.005182834941733173
22346.0009765625 0.004537044221490274
22356.0009765625 0.003981411489574653
22366.0009765625 0.003469751253728012
22376.000976562496 0.0030619868530166352
22386.0009765625 0.0026795898155245698
22396.0009765625 0.0023412825079360774
22406.0009765625 0.002072298724031781
22416.000976562496 0.0017823102757465292
22426.0009765625 0.00162665309150795
22436.0009765625 0.0014102612232278
22446.0009765625 0.0012648615962037677
22456.000976562496 0.0011018000323622604
22466.0009765625 0.0009707816518256635
22476.0009765625 0.0008639772832129313
22486.0009765625 0.000758818724930129
22496.000976562496 0.0006919951991134476
22506.0009765625 0.0006046597289769688
22516.0009765625 0.0005300433789888148
22526.0009765625 0.00047929556737704506
22536.000976562496 0.0004255918037145602
22546.0009765625 0.0003746375734564809
22556.0009765625 0.00033274127144221517
22566.0009765625 0.0003012291182607716
22576.000976562496 0.00027328650054845417
22586.0009765625 0.00024384614834986634
22596.0009765625 0.00021888448350629498
22606.0009765625 0.00019243402984465922
22616.000976562496 0.00017665751622555006
22626.0009765625 0.00015628200497693634
22636.0009765625 0.00014285868202603026
22646.0009765625 0.0001278066276177967
22656.000976562496 0.00011959527813768538
22666.0009765625 9.78669931547413e-05
22676.0009765625 9.250290509243591e-05
22686.0009765625 8.811616274536422e-05
22696.000976562496 7.846112558795623e-05
22706.0009765625 7.151565562495261e-05
22716.0009765625 6.890420635063562e-05
22726.0009765625 6.272303579784982e-05
22736.0009765625 5.601259887271007e-05
22746.0009765625 5.154255929513921e-05
22756.0009765625 4.938926793023511e-05
22766.0009765625 4.4903141641049164e-05
22776.0009765625 4.250287245026196e-05
22786.0009765625 3.797873747258575e-05
22796.0009765625 3.6040903465768324e-05
22806.0009765625 3.5447066838729776e-05
22816.0009765625 3.171597585746603e-05
22826.0009765625 3.0431712086068907e-05
22836.0009765625 2.7538044378295085e-05
22846.0009765625 2.377900384177674e-05
22856.0009765625 2.4703829309071855e-05
22866.0009765625 2.2022809384558728e-05
22876.0009765625 2.199533476242485e-05
22886.0009765625 2.1650333035997347e-05
22896.0009765625 1.975625101812877e-05
22906.0009765625 1.8550596020271688e-05
22916.0009765625 1.9022112366382365e-05
22926.0009765625 1.825904765213288e-05
22936.0009765625 1.6762693710496348e-05
22946.0009765625 1.6404613999987458e-05
22956.0009765625 1.5075441113318822e-05
22966.0009765625 1.4078856220152384e-05
22976.0009765625 1.390665355746559e-05
22986.0009765625 1.3068976517933263e-05
22996.0009765625 1.3005038786676479e-05
23006.0009765625 1.157480061769307e-05
23016.0009765625 1.1595777176971062e-05
23026.000976562496 0.0
23036.000976562496 0.0
