12487.900390624998 0.0
12497.900390624998 0.0
12507.900390625 6.063735535697777e-06
12517.900390625 6.871299193720258e-06
12527.900390625 7.304620255793995e-06
12537.900390625 7.785510979018217e-06
12547.900390625 8.74740557978898e-06
12557.900390625 9.46443128774614e-06
12567.900390625 1.0215228259863901e-05
12577.900390625 1.0945443173915257e-05
12587.900390625 1.2037084930320933e-05
12597.900390625 1.3029251994835006e-05
12607.900390625 1.449011260213716e-05
12617.900390625 1.5519321927470157e-05
12627.900390625 1.7546520960321842e-05
12637.900390625002 1.9218855383146507e-05
12647.900390625 2.1083605062328143e-05
12657.900390625002 2.3472764262987394e-05
12667.900390625 2.585315199243493e-05
12677.900390625002 2.8756368369886536e-05
12687.900390625 3.17417833535266e-05
12697.900390625002 3.523270330740171e-05
12707.900390625 3.9958321959735984e-05
12717.900390625002 4.449817936687826e-05
12727.900390625 5.042157095816988e-05
12737.900390625002 5.6580650440836734e-05
12747.900390625 6.42535978769928e-05
12757.900390625002 7.308610728112829e-05
12767.900390625 8.349211824173495e-05
12777.900390625002 9.500771529411297e-05
12787.900390625 0.00010868671073949074
12797.900390625002 0.00012448311264159011
12807.900390625 0.0001427143533760279
12817.900390625002 0.0001640383791424989
12827.900390625 0.00018816657597123615
12837.900390625002 0.00021586655878626216
12847.900390625 0.00024746274818655963
12857.900390624998 0.0002846374756146997
12867.900390625 0.000329375426346227
12877.900390624998 0.00037688436475935696
12887.900390625 0.00043753411938324494
12897.900390624998 0.000508185255642459
12907.900390625 0.0005875060948911685
12917.900390624998 0.0006802802744206066
12927.900390625 0.0008021875880955695
12937.900390624998 0.0009349490943205046
12947.900390625 0.0010925644223410648
12957.900390624998 0.0013023644521180224
12967.900390625 0.0015397647053932908
12977.900390624998 0.0018327527725976959
12987.900390625 0.0022078440989426063
12997.900390624998 0.0026564528212296252
13007.900390625 0.0032070429695839576
13017.900390624998 0.003902569649012721
13027.900390625 0.004759274253866624
13037.900390624998 0.005776689943758056
13047.900390625 0.006998921773826682
13057.900390624998 0.008401090891367582
13067.900390625 0.009702756109485384
13077.900390625 0.010606150422991678
13087.900390625 0.011767023269648014
13097.900390625 0.012803927608253845
13107.900390625 0.014026465291981257
13117.900390625 0.015569294150226003
13127.900390625 0.017460283119475863
13137.900390625 0.01947586339015038
13147.900390625 0.022250682689446626
13157.900390625 0.02461631710804936
13167.900390625 0.028229086235188574
13177.900390625 0.032015998132456217
13187.900390625 0.037398799096263605
13197.900390625 0.04324482195978938
13207.900390625 0.05132958572304118
13217.900390625 0.0601347799408823
13227.900390625 0.0712489098336764
13237.900390625 0.08299724955186348
13247.900390625 0.09830974861954718
13257.900390625 0.11338688208489438
13267.900390625 0.13209742819269865
13277.900390625 0.15240287664155744
13287.900390625 0.17581912180154546
13297.900390625 0.20080410129131993
13307.900390625 0.2278204368134465
13317.900390625 0.25432285861836457
13327.900390625 0.28084592613556353
13337.900390625 0.3067496100781315
13347.900390625 0.3293238310004354
13357.900390625 0.34940446795338453
13367.900390625 0.366339962651666
13377.900390625 0.3805359766648485
13387.900390625 0.39105615168821717
13397.900390625 0.3988891986806765
13407.900390625 0.4040852386980162
13417.900390625 0.407650349815885
13427.900390625 0.41026079483619887
13437.900390625 0.414019282998869
13447.900390625 0.4132884163013346
13457.900390625 0.414669559856862
13467.900390625 0.4169451770730709
13477.900390625 0.4175212549916614
13487.900390625 0.41895874345992157
13497.900390625 0.4199088843266724
13507.900390625 0.4215200295208886
13517.900390625 0.42199404873417956
13527.900390625 0.42242388524167435
13537.900390625 0.42404840638351793
13547.900390625 0.4232814182233025
13557.900390625 0.42367311924563417
13567.900390625 0.4233080114908443
13577.900390625 0.4228561408275102
13587.900390625 0.42285866468828137
13597.900390625 0.42249791195109015
13607.900390625 0.42189722903049126
13617.900390625 0.42136351171202785
13627.900390625 0.42028488865901514
13637.900390625 0.4206767287740478
13647.900390625 0.4213182021004197
13657.900390625 0.4214441976918104
13667.900390625 0.4202409980761345
13677.900390625 0.4200791424208782
13687.900390625 0.42126529220811076
13697.900390625 0.4207146268193761
13707.900390625 0.4219076452756719
13717.900390625 0.42187297438676014
13727.900390625 0.42059359803981466
13737.900390625 0.42019090904673223
13747.900390625 0.4199920597534089
13757.900390625 0.4202337902750584
13767.900390625 0.4199797112747461
13777.900390625 0.42013592447479203
13787.900390625 0.41968592175069264
13797.900390625 0.41918144902496257
13807.900390625 0.4182848190218029
13817.900390625 0.417849211514942
13827.900390625 0.41924503374458266
13837.900390625 0.4184669521712025
13847.900390625 0.41772815059156393
13857.900390625 0.4180075151327951
13867.900390625 0.41806924358110437
13877.900390625 0.41675664400920664
13887.900390625002 0.4172671362765048
13897.900390625 0.4176093803060895
13907.900390625002 0.41799089668181455
13917.900390625 0.41736777843075756
13927.900390625002 0.41866117714556733
13937.900390625 0.4183664938908981
13947.900390625002 0.4192923501049206
13957.900390625 0.4197786052482084
13967.900390625002 0.4199720720111566
13977.900390625 0.4209339745644944
13987.900390625002 0.42086515268250657
13997.900390625 0.4209299587601713
14007.900390625002 0.4227885037318263
14017.900390625 0.4232920507734799
14027.900390625002 0.4240380798263775
14037.900390625 0.42518548437445997
14047.900390625002 0.42567048193460644
14057.900390625 0.4270101911502604
14067.900390625002 0.4272742848959086
14077.900390625 0.42736075791209494
14087.900390625002 0.4288219040020553
14097.900390625 0.4297395662554776
14107.900390624998 0.42914177853168817
14117.900390625 0.4311972752667612
14127.900390624998 0.4322046539234269
14137.900390625 0.4336499690842536
14147.900390624998 0.4338567872833868
14157.900390625 0.4350395027616821
14167.900390624998 0.4365734391509267
14177.900390625 0.4362427497315393
14187.900390624998 0.43848829621563123
14197.900390625 0.4388214987819055
14207.900390624998 0.43904731460675706
14217.900390625 0.44035213192659617
14227.900390624998 0.4407946663053889
14237.900390625 0.44226914216711466
14247.900390624998 0.44273893602098663
14257.900390625 0.4421294913944162
14267.900390624998 0.4437649889460654
14277.900390625 0.4441540103577109
14287.900390624998 0.44441417928262256
14297.900390625 0.44656806504511265
14307.900390624998 0.4465172614349119
14317.900390625 0.44735620796666653
14327.900390625 0.4466735473059934
14337.900390625 0.44735030488176053
14347.900390625 0.44855352065475773
14357.900390625 0.4482970298852904
14367.900390625 0.4485184037100153
14377.900390625 0.45002352761299547
14387.900390625 0.4499810630638869
14397.900390625 0.4500003432457951
14407.900390625 0.45150831630259997
14417.900390625 0.4504717897798446
14427.900390625 0.4513566514021784
14437.900390625 0.4522084218212089
14447.900390625 0.4530280337218514
14457.900390625 0.45232851997066786
14467.900390625 0.4529147131961723
14477.900390625 0.45274146444092794
14487.900390625 0.4547080443248463
14497.900390625 0.45378140849064197
14507.900390625 0.4538679147232286
14517.900390625 0.45489426011603884
14527.900390625 0.4549535524484502
14537.900390625 0.4534511033079506
14547.900390625 0.45266717622085295
14557.900390625 0.45380629732821964
14567.900390625 0.45269104550531886
14577.900390625 0.45272456360902735
14587.900390625 0.4535346854477259
14597.900390625 0.45284630392799907
14607.900390625 0.4511709787397436
14617.900390625 0.45014874944734384
14627.900390625 0.4496239351178092
14637.900390625 0.44922049198075753
14647.900390625 0.44912560582144806
14657.900390625 0.4492897490569233
14667.900390625 0.4474117621723923
14677.900390625 0.4473841982379691
14687.900390625 0.44759501559495674
14697.900390625 0.4466519679356145
14707.900390625 0.4451975539566145
14717.900390625 0.4449897403846764
14727.900390625 0.4456464867683544
14737.900390625 0.44414951584601614
14747.900390625 0.4458851658484507
14757.900390625 0.44478095152538355
14767.900390625 0.44558085354131594
14777.900390625 0.4458384323681824
14787.900390625 0.44618634317163447
14797.900390625 0.4466131760198361
14807.900390625 0.4462662876852129
14817.900390625 0.4470772995318332
14827.900390625 0.4480249861174569
14837.900390625 0.44765845699099627
14847.900390625 0.44925609208446904
14857.900390625 0.4516518030535576
14867.900390625 0.45074325567105916
14877.900390625 0.4519684673913955
14887.900390625 0.45261399327899554
14897.900390625 0.45333070013663035
14907.900390625 0.4541950424438659
14917.900390625 0.4562721225178479
14927.900390625 0.45670823072287586
14937.900390625 0.4572989566967402
14947.900390625 0.45779924326065524
14957.900390625 0.4592083507836978
14967.900390625 0.4605874379465116
14977.900390625 0.45998552982834257
14987.900390625 0.46109398510978494
14997.900390625 0.4639355287379088
15007.900390625 0.4645136863044901
15017.900390625 0.4645598961687133
15027.900390625 0.46493506982142757
15037.900390625 0.46671806455628134
15047.900390625 0.4672802414554513
15057.900390625 0.4675330472687968
15067.900390625 0.4692127370855735
15077.900390625 0.4693193585954746
15087.900390625 0.4708129852680068
15097.900390625 0.4721404861064737
15107.900390625 0.47260935638856416
15117.900390625 0.47223262014215184
15127.900390625 0.4739479997153757
15137.900390625002 0.47466471506980623
15147.900390625 0.47370444688073443
15157.900390625002 0.4747012485999287
15167.900390625 0.4750523346687213
15177.900390625002 0.47667122848520016
15187.900390625 0.47453860534592085
15197.900390625002 0.4758715925007646
15207.900390625 0.4750969622032973
15217.900390625002 0.47439213115564294
15227.900390625 0.47690308268216225
15237.900390625002 0.47516978502930596
15247.900390625 0.47420234437557096
15257.900390625002 0.47507740104971496
15267.900390625 0.4750560605719131
15277.900390625002 0.47465303593325253
15287.900390625 0.4740417830044647
15297.900390625002 0.47252668148924154
15307.900390625 0.474244598015593
15317.900390625002 0.47284631035677144
15327.900390625 0.4724636565101388
15337.900390625002 0.47125635477482836
15347.900390625 0.47192944170763623
15357.900390624998 0.4720502291081644
15367.900390625 0.4712342305041946
15377.900390624998 0.47261106007160497
15387.900390625 0.4717654530842422
15397.900390624998 0.4708298369669962
15407.900390625 0.47078313998183025
15417.900390624998 0.47093417450635083
15427.900390625 0.47082480024830176
15437.900390624998 0.4715473069355178
15447.900390625 0.47054124372633577
15457.900390624998 0.4708745978679502
15467.900390625 0.47079307358240197
15477.900390624998 0.47023688585624274
15487.900390625 0.4716556802022508
15497.900390624998 0.46922883203003163
15507.900390625 0.47053477517095293
15517.900390624998 0.468679510867396
15527.900390625 0.47032190674875746
15537.900390624998 0.46923202029893657
15547.900390625 0.47049863993457797
15557.900390624998 0.46868669940622676
15567.900390625 0.4680800528642821
15577.900390625 0.4681584198245026
15587.900390625 0.46844095409559317
15597.900390625 0.46872133092860296
15607.900390625 0.46813017978718885
15617.900390625 0.46915795729104415
15627.900390625 0.4669880030685808
15637.900390625 0.4679018710861681
15647.900390625 0.4674216747861978
15657.900390625 0.4676123915647209
15667.900390625 0.4685271857297176
15677.900390625 0.4684902432114525
15687.900390625 0.46874453746079825
15697.900390625 0.4690686331599712
15707.900390625 0.46912024690223764
15717.900390625 0.470061557326233
15727.900390625 0.4724824440442501
15737.900390625 0.47120829115981944
15747.900390625 0.4733736791668821
15757.900390625 0.4727277038313932
15767.900390625 0.47506305493159595
15777.900390625 0.47567680884816776
15787.900390625 0.47529447883237874
15797.900390625 0.4771709718988245
15807.900390625 0.4783758986062457
15817.900390625 0.4786637881985015
15827.900390625 0.4796450588676278
15837.900390625 0.48110257561785363
15847.900390625 0.4825566207263306
15857.900390625 0.48235235029937706
15867.900390625 0.48083640578980763
15877.900390625 0.4826972095621328
15887.900390625 0.4819384798862504
15897.900390625 0.48314063174882615
15907.900390625 0.4830842304122363
15917.900390625 0.48439598457443667
15927.900390625 0.4849013008638282
15937.900390625 0.4844818222559688
15947.900390625 0.48377174333082623
15957.900390625 0.48409325104104806
15967.900390625 0.4859359447056336
15977.900390625 0.48540203236814566
15987.900390625 0.48536584524830967
15997.900390625 0.48343050923871034
16007.900390625 0.4862290602203077
16017.900390625 0.4850872724741059
16027.900390625 0.48505492924254173
16037.900390625 0.4845630625612889
16047.900390625 0.4859024751015766
16057.900390625 0.48576808179435643
16067.900390625 0.48587488416931807
16077.900390625 0.4854475023820783
16087.900390625 0.4849092058058168
16097.900390625 0.4853816732570969
16107.900390625 0.4853438304219605
16117.900390625 0.4856642326335528
16127.900390625 0.48434602566848395
16137.900390625 0.4855645872469351
16147.900390625 0.48535811785461924
16157.900390625 0.4859439915006985
16167.900390625 0.4862758294243096
16177.900390625 0.48777439707039294
16187.900390625 0.48473709053505554
16197.900390625 0.4867821045706521
16207.900390625 0.48491536901948895
16217.900390625 0.4873027600650003
16227.900390625 0.48597817868673643
16237.900390625 0.48658551814701795
16247.900390625 0.48652789529360174
16257.900390625 0.48650849781374095
16267.900390625 0.48572296270276866
16277.900390625 0.4877257518515169
16287.900390625 0.4873577944054582
16297.900390625 0.4863714515626016
16307.900390625 0.48706373152950927
16317.900390625 0.48769511999991216
16327.900390625 0.48854172317731015
16337.900390625 0.4874084311859722
16347.900390625 0.4875659989012096
16357.900390625 0.48872649254841527
16367.900390625 0.48794004275253167
16377.900390625 0.48813113381574397
16387.900390625 0.48724055838083014
16397.900390625 0.488212222427869
16407.900390625 0.4866058463743496
16417.900390625 0.48715318808349245
16427.900390625 0.4865612302392185
16437.900390625 0.487028213296422
16447.900390625 0.4834077720578821
16457.900390625 0.48653489619303625
16467.900390625 0.48586484594701107
16477.900390625 0.48751486659706794
16487.900390625 0.48641387066503594
16497.900390625 0.48702434733363187
16507.900390625 0.4879816879596202
16517.900390625 0.48805174334762264
16527.900390625 0.4901532985838927
16537.900390625 0.49045070868789953
16547.900390625 0.49013887074075285
16557.900390625 0.48726904696761236
16567.900390625 0.485583934129261
16577.900390625 0.481727836567465
16587.900390625 0.47423144455407856
16597.900390625 0.46290533353197666
16607.900390625 0.4503610289754052
16617.900390625 0.43170404868103585
16627.900390625 0.4105963803507615
16637.900390625 0.38307043231863624
16647.900390625 0.3554813119390922
16657.900390625 0.32594954886880845
16667.900390625 0.29378841970756103
16677.900390625 0.2636197792745841
16687.900390625 0.23197250942921985
16697.900390625 0.2016113816343442
16707.900390625 0.17555206316831662
16717.900390625 0.15025893362750994
16727.900390625 0.12877994619077088
16737.900390625 0.1098937774288625
16747.900390625 0.09464115562805547
16757.900390625 0.08280814253947053
16767.900390625 0.07206719451069851
16777.900390625 0.06374309660488774
16787.900390625 0.05546500132823742
16797.900390625 0.048876774255637065
16807.900390625 0.04304895554142902
16817.900390625 0.03866686751249781
16827.900390625 0.033987542400123666
16837.900390625 0.030379531922859422
16847.900390625 0.026559561696795714
16857.900390625 0.022710344593614963
16867.900390625 0.01932824928919617
16877.900390625 0.016304431812828
16887.900390625 0.013632598088248632
16897.900390625 0.01149622823355914
16907.900390625 0.009666984219970363
16917.900390625 0.008150550362626019
16927.900390625 0.006819314841761412
16937.900390625 0.0057760888216062956
16947.900390625 0.004873956192706416
16957.900390625 0.004102307698861086
16967.900390625 0.0035030227401305694
16977.900390625 0.0029672166168453755
16987.900390625 0.0025296554776562978
16997.900390625 0.002167661709067381
17007.900390625 0.0018682344100836236
17017.900390625 0.0015997569900779857
17027.900390625 0.0013819247261913463
17037.900390625 0.0011965580898898095
17047.900390625 0.0010350190263300643
17057.900390625 0.0009029739338030965
17067.900390625 0.0007883379260573981
17077.900390625 0.0006881196582399297
17087.900390625 0.0006029244675443554
17097.900390625 0.0005307908633971526
17107.900390625 0.0004667604240232471
17117.900390625 0.0004114588108921515
17127.900390625 0.00036596390043778734
17137.900390625 0.0003216325090232299
17147.900390625 0.0002879517055588037
17157.900390625 0.00025636592475264825
17167.900390625 0.00022981656889698322
17177.900390625 0.00020511515632516835
17187.900390625 0.00018487363974606857
17197.900390625 0.00016674180545209124
17207.900390625 0.00015073270682795795
17217.900390625 0.00013715943498016883
17227.900390625 0.0001230636343850048
17237.900390625 0.00011247779846072979
17247.900390625 0.00010209293958608434
17257.900390625 9.349166170811687e-05
17267.900390625 8.399338814762833e-05
17277.900390625 7.823256505173955e-05
17287.900390625 7.008380442254804e-05
17297.900390625 6.538016959800452e-05
17307.900390625 6.0029768351211415e-05
17317.900390625 5.439871378765032e-05
17327.900390625 5.111025588994177e-05
17337.900390625 4.504015764513472e-05
17347.900390625 4.264815803559342e-05
17357.900390625 3.918380753951881e-05
17367.900390625 3.598632678245293e-05
17377.900390625 3.419227598371668e-05
17387.900390625 3.150571447993131e-05
17397.900390625 2.907656256299435e-05
17407.900390625 2.668758356495303e-05
17417.900390625 2.470851993103997e-05
17427.900390625 2.3035436049730417e-05
17437.900390625 2.2120820578697942e-05
17447.900390625 2.0057127385604324e-05
17457.900390625 1.937833822364879e-05
17467.900390625 1.7609258971589084e-05
17477.900390625 1.7293974264011225e-05
17487.900390625 1.66169425818845e-05
17497.900390625 1.4913889343088184e-05
17507.900390625004 0.0
17517.900390625004 0.0
