5000.0 0.0
5010.0 0.0
5020.0 0.0
5030.0 0.0
5040.0 0.0
5050.0 0.0
5060.0 0.0
5070.0 0.0
5080.0 0.0
5090.0 0.0
5100.0 0.0
5110.0 0.0
5120.0 0.0
5130.0 0.0
5140.0 0.0
5150.0 0.0
5160.0 0.0
5170.0 0.0
5180.0 0.0
5190.0 0.0
5200.0 0.0
5210.0 0.0
5220.0 0.0
5230.0 0.0
5240.0 0.0
5250.0 0.0
5260.0 0.0
5270.0 0.0
5280.0 0.0
5290.0 0.0
5300.0 0.0
5310.0 0.0
5320.0 0.0
5330.0 0.0
5340.0 0.0
5350.0 0.0
5360.0 0.0
5370.0 0.0
5380.0 0.0
5390.0 0.0
5400.0 0.0
5410.0 0.0
5420.0 0.0
5430.0 0.0
5440.0 0.0
5450.0 0.0
5460.0 0.0
5470.0 0.0
5480.0 0.0
5490.0 0.0
5500.0 0.0
5510.0 0.0
5520.000000000001 0.0
5530.000000000001 0.0
5540.000000000001 0.0
5550.000000000001 0.0
5560.000000000001 0.0
5570.000000000001 0.0
5580.000000000001 0.0
5590.000000000001 0.0
5600.000000000001 0.0
5610.000000000001 0.0
5620.000000000001 0.0
5629.999999999999 0.0
5639.999999999999 0.0
5649.999999999999 0.0
5659.999999999999 0.0
5669.999999999999 0.0
5679.999999999999 0.0
5689.999999999999 0.0
5699.999999999999 0.0
5709.999999999999 0.0
5719.999999999999 0.0
5729.999999999999 0.0
5740.0 0.0
5750.0 0.0
5760.0 0.0
5770.0 0.0
5780.0 0.0
5790.0 0.0
5800.0 0.0
5810.0 0.0
5820.0 0.0
5830.0 0.0
5840.0 0.0
5850.0 0.0
5860.0 0.0
5870.0 0.0
5880.0 0.0
5890.0 0.0
5900.0 0.0
5910.0 0.0
5920.0 0.0
5930.0 0.0
5940.0 0.0
5950.0 0.0
5960.0 0.0
5970.0 0.0
5980.0 0.0
5990.0 0.0
6000.0 0.0
6010.0 0.0
6020.0 0.0
6030.0 0.0
6040.0 0.0
6050.0 0.0
6060.0 0.0
6070.0 0.0
6080.0 0.0
6090.0 0.0
6100.0 0.0
6110.0 0.0
6120.0 0.0
6130.0 0.0
6140.0 0.0
6150.0 0.0
6160.0 0.0
6170.0 0.0
6180.0 0.0
6190.0 0.0
6200.0 0.0
6210.0 0.0
6220.0 0.0
6230.0 0.0
6240.0 0.0
6250.0 0.0
6260.0 0.0
6270.0 0.0
6280.0 0.0
6290.0 0.0
6300.0 0.0
6310.0 0.0
6320.0 0.0
6330.0 0.0
6340.0 0.0
6350.0 0.0
6360.0 0.0
6370.0 0.0
6380.0 0.0
6390.0 0.0
6400.0 0.0
6410.0 0.0
6420.0 0.0
6430.0 0.0
6440.0 0.0
6450.0 0.0
6460.0 0.0
6470.0 0.0
6480.0 0.0
6490.0 0.0
6500.0 0.0
6510.0 0.0
6520.0 0.0
6530.0 0.0
6540.0 0.0
6550.0 0.0
6560.0 0.0
6570.0 0.0
6580.0 0.0
6590.0 0.0
6600.0 0.0
6610.0 0.0
6620.0 0.0
6630.0 0.0
6640.0 0.0
6650.0 0.0
6660.0 0.0
6670.0 0.0
6680.0 0.0
6690.0 0.0
6700.0 0.0
6710.0 0.0
6720.0 0.0
6730.0 0.0
6740.0 0.0
6750.0 0.0
6760.0 0.0
6770.000000000001 0.0
6780.000000000001 0.0
6790.000000000001 0.0
6800.000000000001 0.0
6810.000000000001 0.0
6820.000000000001 0.0
6830.000000000001 0.0
6840.000000000001 0.0
6850.000000000001 0.0
6860.000000000001 0.0
6870.000000000001 0.0
6879.999999999999 0.0
6889.999999999999 0.0
6899.999999999999 8.11302e-09
6909.999999999999 1.24131e-08
6919.999999999999 1.28061e-08
6929.999999999999 0.0
6939.999999999999 0.0
6949.999999999999 0.0
6959.999999999999 0.0
6969.999999999999 0.0
6979.999999999999 0.0
6990.0 0.0
7000.0 0.0
7010.0 0.0
7020.0 9.22296e-09
7030.0 1.23178e-08
7040.0 1.43183e-08
7050.0 1.77342e-08
7060.0 1.17022e-08
7070.0 0.0
7080.0 0.0
7090.0 0.0
7100.0 0.0
7110.0 0.0
7120.0 0.0
7130.0 0.0
7140.0 0.0
7150.0 0.0
7160.0 0.0
7170.0 0.0
7180.0 0.0
7190.0 0.0
7200.0 0.0
7210.0 0.0
7220.0 0.0
7230.0 0.0
7240.0 0.0
7250.0 0.0
7260.0 0.0
7270.0 0.0
7280.0 0.0
7290.0 0.0
7300.0 0.0
7310.0 0.0
7320.0 0.0
7330.0 0.0
7340.0 0.0
7350.0 0.0
7360.0 0.0
7370.0 0.0
7380.0 0.0
7390.0 0.0
7400.0 0.0
7410.0 0.0
7420.0 0.0
7430.0 0.0
7440.0 0.0
7450.0 0.0
7460.0 0.0
7470.0 0.0
7480.0 0.0
7490.0 0.0
7500.0 0.0
7510.0 0.0
7520.0 0.0
7530.0 0.0
7540.0 0.0
7550.0 0.0
7560.0 0.0
7570.0 0.0
7580.0 0.0
7590.0 0.0
7600.0 0.0
7610.0 0.0
7620.0 0.0
7630.0 0.0
7640.0 0.0
7650.0 0.0
7660.0 0.0
7670.0 0.0
7680.0 0.0
7690.0 0.0
7700.0 0.0
7710.0 0.0
7720.0 0.0
7730.0 0.0
7740.0 0.0
7750.0 0.0
7760.0 0.0
7770.0 0.0
7780.0 0.0
7790.0 0.0
7800.0 0.0
7810.0 0.0
7820.0 0.0
7830.0 0.0
7840.0 0.0
7850.0 0.0
7860.0 0.0
7870.0 0.0
7880.0 0.0
7890.0 0.0
7900.0 0.0
7910.0 0.0
7920.0 0.0
7930.0 0.0
7940.0 0.0
7950.0 0.0
7960.0 0.0
7970.0 0.0
7980.0 0.0
7990.0 0.0
8000.0 0.0
8010.0 0.0
8020.000000000001 0.0
8030.000000000001 0.0
8040.000000000001 0.0
8050.000000000001 0.0
8060.000000000001 0.0
8070.000000000001 0.0
8080.000000000001 0.0
8090.000000000001 0.0
8100.000000000001 0.0
8110.000000000001 0.0
8120.000000000001 0.0
8129.999999999999 0.0
8139.999999999999 0.0
8149.999999999999 0.0
8159.999999999999 0.0
8169.999999999999 0.0
8179.999999999999 0.0
8189.999999999999 0.0
8200.0 0.0
8210.0 0.0
8220.0 0.0
8230.0 0.0
8240.0 0.0
8250.0 0.0
8260.0 0.0
8270.0 0.0
8280.0 0.0
8290.0 0.0
8300.0 0.0
8310.0 0.0
8320.0 0.0
8330.0 0.0
8340.0 0.0
8350.0 0.0
8360.0 0.0
8370.0 0.0
8380.0 0.0
8390.0 0.0
8400.0 0.0
8410.0 0.0
8420.0 0.0
8430.0 0.0
8440.0 0.0
8450.0 0.0
8460.0 0.0
8470.0 0.0
8480.0 0.0
8490.0 0.0
8500.0 0.0
8510.0 0.0
8520.0 0.0
8530.0 0.0
8540.0 0.0
8550.0 1.28599e-08
8560.0 1.8573e-08
8570.0 2.78888e-08
8580.0 4.31347e-08
8590.0 6.73924e-08
8600.0 1.06098e-07
8610.0 1.60969e-07
8620.0 2.28158e-07
8630.0 2.98887e-07
8640.0 3.81258e-07
8650.0 4.59562e-07
8660.0 5.19326e-07
8670.0 5.63064e-07
8680.0 5.97996e-07
8690.0 6.3143e-07
8700.0 6.77885e-07
8710.0 7.30552e-07
8720.0 7.78385e-07
8730.0 8.31813e-07
8740.0 8.87911e-07
8750.0 9.37405e-07
8760.0 9.52835e-07
8770.0 9.2207e-07
8780.0 8.65006e-07
8790.0 8.12441e-07
8800.0 7.90017e-07
8810.0 8.12327e-07
8820.0 8.54382e-07
8830.0 8.96836e-07
8840.0 9.43493e-07
8850.0 1.01235e-06
8860.0 1.1151e-06
8870.0 1.26926e-06
8880.0 1.45571e-06
8890.0 1.64992e-06
8900.0 1.82437e-06
8910.0 1.93264e-06
8920.0 1.96446e-06
8930.0 1.8885e-06
8940.0 1.74394e-06
8950.0 1.54664e-06
8960.0 1.33279e-06
8970.0 1.15569e-06
8980.0 1.02271e-06
8990.0 9.49228e-07
9000.0 9.42521e-07
9010.0 9.7769e-07
9020.0 1.02182e-06
9030.0 1.05653e-06
9040.0 1.06575e-06
9050.0 1.0308e-06
9060.0 1.00766e-06
9070.0 1.00822e-06
9080.0 1.03375e-06
9090.0 1.07261e-06
9100.0 1.11076e-06
9110.0 1.12887e-06
9120.0 1.13549e-06
9130.0 1.16021e-06
9140.0 1.19624e-06
9150.0 1.25943e-06
9160.0 1.31511e-06
9170.0 1.3576e-06
9180.0 1.37066e-06
9190.0 1.37415e-06
9200.0 1.40402e-06
9210.0 1.44591e-06
9220.0 1.4803e-06
9230.0 1.48266e-06
9240.0 1.45079e-06
9250.0 1.37482e-06
9260.0 1.29124e-06
9270.0 1.22392e-06
9280.0 1.16073e-06
9290.0 1.1114e-06
9300.0 1.07517e-06
9310.0 1.03172e-06
9320.0 9.7457e-07
9330.0 9.31319e-07
9340.0 8.87544e-07
9350.0 8.39871e-07
9360.0 8.22058e-07
9370.0 8.19081e-07
9380.0 8.05845e-07
9390.0 8.00047e-07
9400.0 7.9864e-07
9410.0 7.94225e-07
9420.0 8.09861e-07
9430.0 8.42906e-07
9440.0 8.57341e-07
9450.0 8.40243e-07
9460.0 8.13259e-07
9470.0 8.01996e-07
9480.0 8.08619e-07
9490.0 8.29142e-07
9500.0 8.75787e-07
9510.0 9.45522e-07
9520.0 1.0511e-06
9530.0 1.18668e-06
9540.0 1.35014e-06
9550.0 1.47173e-06
9560.0 1.56958e-06
9570.0 1.67145e-06
9580.0 1.73809e-06
9590.0 1.78487e-06
9600.0 1.79625e-06
9610.0 1.78116e-06
9620.0 1.72998e-06
9630.0 1.67525e-06
9640.0 1.60396e-06
9650.0 1.48291e-06
9660.0 1.34054e-06
9670.0 1.19289e-06
9680.0 1.05231e-06
9690.0 9.32855e-07
9700.0 8.30555e-07
9710.0 7.59509e-07
9720.0 7.34296e-07
9730.0 7.66624e-07
9740.0 8.61333e-07
9750.0 1.0134e-06
9760.0 1.21783e-06
9770.0 1.45386e-06
9780.0 1.72315e-06
9790.0 1.99973e-06
9800.0 2.25362e-06
9810.0 2.47842e-06
9820.0 2.65504e-06
9830.0 2.76643e-06
9840.0 2.82453e-06
9850.0 2.85366e-06
9860.0 2.86009e-06
9870.0 2.8491e-06
9880.0 2.81278e-06
9890.0 2.7332e-06
9900.0 2.57901e-06
9910.0 2.36129e-06
9920.0 2.0994e-06
9930.0 1.82899e-06
9940.0 1.58466e-06
9950.0 1.35136e-06
9960.0 1.15916e-06
9970.0 1.10182e-06
9980.0 1.34179e-06
9990.0 1.77155e-06
10000.0 2.28164e-06
10009.999999999998 2.66101e-06
10020.0 2.86325e-06
10029.999999999998 3.44227e-06
10040.0 4.09595e-06
10049.999999999998 4.32669e-06
10060.0 4.14474e-06
10069.999999999998 3.91034e-06
10080.0 3.70685e-06
10089.999999999998 3.92311e-06
10100.0 4.09046e-06
10109.999999999998 3.73757e-06
10120.0 3.35448e-06
10129.999999999998 3.49677e-06
10140.0 3.96871e-06
10149.999999999998 3.94762e-06
10160.0 3.88328e-06
10169.999999999998 3.66167e-06
10180.0 3.63893e-06
10189.999999999998 4.08088e-06
10200.0 4.42258e-06
10209.999999999998 4.30611e-06
10220.0 4.08154e-06
10230.0 4.36773e-06
10240.0 4.4491e-06
10250.0 4.41992e-06
10260.0 4.60278e-06
10270.0 4.3008e-06
10280.0 4.03744e-06
10290.0 3.83392e-06
10300.0 3.55708e-06
10310.0 3.42824e-06
10320.0 3.68252e-06
10330.0 3.9735e-06
10340.0 3.87767e-06
10350.0 3.78465e-06
10360.0 3.78677e-06
10370.0 4.10339e-06
10380.0 4.61011e-06
10390.0 4.57922e-06
10400.0 4.18934e-06
10410.0 4.03296e-06
10420.0 3.75407e-06
10430.0 3.94445e-06
10440.0 3.81287e-06
10450.0 3.73295e-06
10460.0 3.5204e-06
10470.0 3.4354e-06
10480.0 3.66667e-06
10490.0 3.4819e-06
10500.0 3.45392e-06
10510.0 3.22486e-06
10520.0 3.26895e-06
10530.0 3.22775e-06
10540.0 2.91551e-06
10550.0 2.77908e-06
10560.0 2.66299e-06
10570.0 2.83203e-06
10580.0 3.07687e-06
10590.0 3.11428e-06
10600.0 3.1569e-06
10610.0 2.97026e-06
10620.0 3.07291e-06
10630.0 3.18211e-06
10640.0 3.00554e-06
10650.0 2.79767e-06
10660.0 2.69198e-06
10670.0 2.73305e-06
10680.0 2.6503e-06
10690.0 2.5135e-06
10700.0 2.56782e-06
10710.0 2.67785e-06
10720.0 2.74674e-06
10730.0 2.66885e-06
10740.0 2.56568e-06
10750.0 2.43387e-06
10760.0 2.68034e-06
10770.0 2.81664e-06
10780.0 2.53518e-06
10790.0 2.60277e-06
10800.0 2.8461e-06
10810.0 2.82705e-06
10820.0 2.68047e-06
10830.0 2.8564e-06
10840.0 2.67317e-06
10850.0 2.55472e-06
10860.0 2.59017e-06
10870.0 2.28037e-06
10880.0 1.9826e-06
10890.0 2.20991e-06
10900.0 2.41353e-06
10910.0 2.23823e-06
10920.0 2.07187e-06
10930.0 2.21718e-06
10940.0 2.26871e-06
10950.0 2.29429e-06
10960.0 2.3328e-06
10970.0 2.10415e-06
10980.0 2.02324e-06
10990.0 2.00618e-06
11000.0 2.03107e-06
11010.0 1.94485e-06
11020.0 1.92526e-06
11030.0 2.17174e-06
11040.000000000002 2.21226e-06
11050.0 2.03689e-06
11060.000000000002 2.21822e-06
11070.0 2.17675e-06
11080.000000000002 2.14294e-06
11090.0 2.20832e-06
11100.000000000002 2.44593e-06
11110.0 2.23826e-06
11120.000000000002 2.10138e-06
11130.0 2.46045e-06
11140.000000000002 2.43404e-06
11150.0 2.55431e-06
11160.000000000002 2.62771e-06
11170.0 2.68106e-06
11180.000000000002 2.46079e-06
11190.0 2.51199e-06
11200.000000000002 2.68519e-06
11210.0 2.51396e-06
11220.000000000002 2.32673e-06
11230.0 2.14754e-06
11240.000000000002 2.08769e-06
11250.0 1.99399e-06
11259.999999999998 2.16351e-06
11270.0 2.14853e-06
11279.999999999998 2.00541e-06
11290.0 2.03894e-06
11299.999999999998 2.11931e-06
11310.0 2.17361e-06
11319.999999999998 2.1968e-06
11330.0 2.28949e-06
11339.999999999998 2.19669e-06
11350.0 2.04129e-06
11359.999999999998 1.93642e-06
11370.0 1.7372e-06
11379.999999999998 1.75629e-06
11390.0 1.96205e-06
11399.999999999998 2.01497e-06
11410.0 1.99992e-06
11419.999999999998 2.18834e-06
11430.0 2.24647e-06
11439.999999999998 2.28595e-06
11450.0 2.39709e-06
11459.999999999998 2.17482e-06
11470.0 1.80029e-06
11480.0 1.8206e-06
11490.0 1.75152e-06
11500.0 1.66478e-06
11510.0 1.69444e-06
11520.0 1.70351e-06
11530.0 1.91576e-06
11540.0 2.266e-06
11550.0 2.67401e-06
11560.0 2.78741e-06
11570.0 2.87307e-06
11580.0 2.86859e-06
11590.0 2.89671e-06
11600.0 2.97779e-06
11610.0 3.0461e-06
11620.0 2.88121e-06
11630.0 2.62561e-06
11640.0 2.599e-06
11650.0 2.76942e-06
11660.0 2.78234e-06
11670.0 2.67879e-06
11680.0 2.71173e-06
11690.0 2.59785e-06
11700.0 2.70697e-06
11710.0 2.79782e-06
11720.0 2.62827e-06
11730.0 2.51835e-06
11740.0 2.55664e-06
11750.0 2.58596e-06
11760.0 2.8412e-06
11770.0 2.90249e-06
11780.0 2.76957e-06
11790.0 2.83406e-06
11800.0 2.83587e-06
11810.0 2.76107e-06
11820.0 2.77895e-06
11830.0 2.76579e-06
11840.0 2.58151e-06
11850.0 2.56838e-06
11860.0 2.72148e-06
11870.0 2.5512e-06
11880.0 2.49849e-06
11890.0 2.59151e-06
11900.0 2.45225e-06
11910.0 2.48353e-06
11920.0 2.34268e-06
11930.0 2.27656e-06
11940.0 2.19882e-06
11950.0 2.19102e-06
11960.0 2.16549e-06
11970.0 2.06132e-06
11980.0 2.42975e-06
11990.0 2.91067e-06
12000.0 3.42308e-06
12010.0 3.35996e-06
12020.0 3.35135e-06
12030.0 3.70814e-06
12040.0 4.01532e-06
12050.0 4.03397e-06
12060.0 3.92107e-06
12070.0 3.47333e-06
12080.0 3.1662e-06
12090.0 3.35152e-06
12100.0 3.51565e-06
12110.0 3.40802e-06
12120.0 3.41879e-06
12130.0 3.46077e-06
12140.0 3.11906e-06
12150.0 3.02042e-06
12160.0 2.81326e-06
12170.0 2.8243e-06
12180.0 2.93503e-06
12190.0 3.08484e-06
12200.0 2.97366e-06
12210.0 2.98711e-06
12220.0 3.0396e-06
12230.0 3.33554e-06
12240.0 3.55252e-06
12250.0 3.4483e-06
12260.0 3.10196e-06
12270.0 2.89367e-06
12280.0 2.97948e-06
12290.000000000002 2.91241e-06
12300.0 3.02145e-06
12310.000000000002 3.02478e-06
12320.0 3.23991e-06
12330.000000000002 3.2358e-06
12340.0 3.3077e-06
12350.000000000002 3.22227e-06
12360.0 3.34298e-06
12370.000000000002 3.69146e-06
12380.0 3.95504e-06
12390.000000000002 4.07845e-06
12400.0 4.26192e-06
12410.000000000002 4.73491e-06
12420.0 5.10063e-06
12430.000000000002 5.66731e-06
12440.0 5.73858e-06
12450.000000000002 5.70124e-06
12460.0 6.09085e-06
12470.000000000002 6.74035e-06
12480.0 6.94227e-06
12490.000000000002 7.07567e-06
12500.0 7.33791e-06
12509.999999999998 7.85378e-06
12520.0 8.34955e-06
12529.999999999998 8.62069e-06
12540.0 8.95314e-06
12549.999999999998 9.20372e-06
12560.0 9.72696e-06
12569.999999999998 1.05155e-05
12580.0 1.17195e-05
12589.999999999998 1.25711e-05
12600.0 1.39865e-05
12609.999999999998 1.59583e-05
12620.0 1.78196e-05
12629.999999999998 1.98549e-05
12640.0 2.22858e-05
12649.999999999998 2.52685e-05
12660.0 2.85605e-05
12669.999999999998 3.27006e-05
12680.0 3.72268e-05
12689.999999999998 4.22853e-05
12700.0 4.799e-05
12709.999999999998 5.47851e-05
12720.0 6.23293e-05
12730.0 7.05706e-05
12740.0 8.04702e-05
12750.0 9.1343e-05
12760.0 0.000103824
12770.0 0.000117571
12780.0 0.000133243
12790.0 0.000151348
12800.0 0.000171568
12810.0 0.000194559
12820.0 0.000219687
12830.0 0.000248857
12840.0 0.000283044
12850.0 0.000323698
12860.0 0.000372886
12870.0 0.000428976
12880.0 0.00049749
12890.0 0.000576249
12900.0 0.000671087
12910.0 0.000787115
12920.0 0.000930895
12930.0 0.00110745
12940.0 0.00132086
12950.0 0.00158457
12960.0 0.00190588
12970.0 0.00230531
12980.0 0.00279023
12990.0 0.0033891
13000.0 0.00412586
13010.0 0.00498201
13020.0 0.00603693
13030.0 0.00731334
13040.0 0.00881781
13050.0 0.0105551
13060.0 0.0125077
13070.0 0.0147002
13080.0 0.016965
13090.0 0.0194164
13100.0 0.0220013
13110.0 0.0247894
13120.0 0.0278049
13130.0 0.0311866
13140.0 0.0349859
13150.0 0.0393232
13160.0 0.0444901
13170.0 0.0505794
13180.0 0.0578301
13190.0 0.0664279
13200.0 0.0764738
13210.0 0.0883092
13220.0 0.102172
13230.0 0.118622
13240.0 0.138263
13250.0 0.161055
13260.0 0.187833
13270.0 0.218131
13280.0 0.25339
13290.0 0.29343
13300.0 0.337874
13310.0 0.38584
13320.0 0.435944
13330.0 0.487841
13340.0 0.5392
13350.0 0.589242
13360.0 0.634598
13370.0 0.673656
13380.0 0.707799
13390.0 0.735525
13400.0 0.757632
13410.0 0.773147
13420.0 0.782958
13430.0 0.790118
13440.0 0.796088
13450.0 0.799051
13460.0 0.800379
13470.0 0.800175
13480.0 0.800531
13490.0 0.800001
13500.0 0.799427
13510.0 0.797003
13520.0 0.795303
13530.0 0.794201
13540.000000000002 0.792142
13550.0 0.79098
13560.000000000002 0.788543
13570.0 0.787128
13580.000000000002 0.786966
13590.0 0.787812
13600.000000000002 0.788497
13610.0 0.787779
13620.000000000002 0.787952
13630.0 0.789363
13640.000000000002 0.790276
13650.0 0.789938
13660.000000000002 0.789216
13670.0 0.787581
13680.000000000002 0.784477
13690.0 0.782724
13700.000000000002 0.780748
13710.0 0.777535
13720.000000000002 0.772753
13730.0 0.769747
13740.000000000002 0.766753
13750.0 0.763566
13759.999999999998 0.760704
13770.0 0.756666
13779.999999999998 0.752747
13790.0 0.749714
13799.999999999998 0.747252
13810.0 0.745035
13819.999999999998 0.74102
13830.0 0.738525
13839.999999999998 0.735818
13850.0 0.73409
13859.999999999998 0.732592
13870.0 0.730047
13879.999999999998 0.728432
13890.0 0.727338
13899.999999999998 0.728347
13910.0 0.72784
13919.999999999998 0.727814
13930.0 0.726793
13939.999999999998 0.72491
13950.0 0.72436
13959.999999999998 0.72518
13970.0 0.723583
13980.0 0.72134
13990.0 0.72044
14000.0 0.719607
14010.0 0.717902
14020.0 0.718699
14030.0 0.720096
14040.0 0.719102
14050.0 0.719628
14060.0 0.719984
14070.0 0.72053
14080.0 0.722336
14090.0 0.725106
14100.0 0.726948
14110.0 0.728275
14120.0 0.731218
14130.0 0.733013
14140.0 0.733837
14150.0 0.736269
14160.0 0.738657
14170.0 0.741378
14180.0 0.742235
14190.0 0.742843
14200.0 0.744082
14210.0 0.745553
14220.0 0.745943
14230.0 0.747282
14240.0 0.746284
14250.0 0.746375
14260.0 0.746635
14270.0 0.74613
14280.0 0.745191
14290.0 0.743658
14300.0 0.742918
14310.0 0.741848
14320.0 0.739558
14330.0 0.736237
14340.0 0.732639
14350.0 0.731155
14360.0 0.728825
14370.0 0.726914
14380.0 0.725397
14390.0 0.723669
14400.0 0.722217
14410.0 0.721715
14420.0 0.721661
14430.0 0.72195
14440.0 0.722851
14450.0 0.723726
14460.0 0.724093
14470.0 0.724871
14480.0 0.72658
14490.0 0.728168
14500.0 0.730113
14510.0 0.730101
14520.0 0.730091
14530.0 0.732952
14540.0 0.7348
14550.0 0.736154
14560.0 0.737115
14570.0 0.738347
14580.0 0.739106
14590.0 0.739273
14600.0 0.739555
14610.0 0.738423
14620.0 0.738044
14630.0 0.736323
14640.0 0.734342
14650.0 0.730875
14660.0 0.726764
14670.0 0.721892
14680.0 0.714993
14690.0 0.706614
14700.0 0.69538
14710.0 0.680583
14720.0 0.661334
14730.0 0.639293
14740.0 0.612353
14750.0 0.579481
14760.0 0.54232
14770.0 0.501308
14780.0 0.458254
14790.000000000002 0.413999
14800.0 0.370293
14810.000000000002 0.326134
14820.0 0.284315
14830.000000000002 0.246205
14840.0 0.212556
14850.000000000002 0.182341
14860.0 0.155869
14870.000000000002 0.133279
14880.0 0.113986
14890.000000000002 0.0978279
14900.0 0.0842422
14910.000000000002 0.0732002
14920.0 0.0634833
14930.000000000002 0.0553429
14940.0 0.0486742
14950.000000000002 0.0430594
14960.0 0.0382282
14970.000000000002 0.0339444
14980.0 0.0301445
14990.000000000002 0.0265696
15000.0 0.0233251
15009.999999999998 0.0202917
15020.0 0.017406
15029.999999999998 0.014779
15040.0 0.0124144
15049.999999999998 0.0103638
15060.0 0.0086526
15069.999999999998 0.00723429
15080.0 0.0060716
15089.999999999998 0.00512853
15100.0 0.00436034
15109.999999999998 0.00371778
15120.0 0.00317823
15129.999999999998 0.00272823
15140.0 0.00235208
15149.999999999998 0.00204094
15160.0 0.00177706
15169.999999999998 0.00155265
15180.0 0.00135761
15189.999999999998 0.0011912
15200.0 0.00104919
15209.999999999998 0.000927238
15220.0 0.000822202
15230.0 0.000729831
15240.0 0.000650803
15250.0 0.000581333
15260.0 0.000521156
15270.0 0.000468009
15280.0 0.000420813
15290.0 0.000379667
15300.0 0.00034339
15310.0 0.000311106
15320.0 0.000282094
15330.0 0.000256062
15340.0 0.000232554
15350.0 0.000211188
15360.0 0.000192132
15370.0 0.00017505
15380.0 0.000160003
15390.0 0.000146301
15400.0 0.000133269
15410.0 0.000121455
15420.0 0.000110794
15430.0 0.000101228
15440.0 9.25354e-05
15450.0 8.45461e-05
15460.0 7.71982e-05
15470.0 7.05647e-05
15480.0 6.47418e-05
15490.0 5.92454e-05
15500.0 5.41771e-05
15510.0 5.00095e-05
15520.0 4.64213e-05
15530.0 4.3121e-05
15540.0 4.03654e-05
15550.0 3.7339e-05
15560.0 3.46147e-05
15570.0 3.23136e-05
15580.0 3.02658e-05
15590.0 2.81229e-05
15600.0 2.61408e-05
15610.0 2.46317e-05
15620.0 2.26568e-05
15630.0 2.15732e-05
15640.0 2.01301e-05
15650.0 1.87148e-05
15660.0 1.7728e-05
15670.0 1.67384e-05
15680.0 1.56791e-05
15690.0 1.4614e-05
15700.0 1.37493e-05
15710.0 1.2745e-05
15720.0 1.21888e-05
15730.0 1.20042e-05
15740.0 1.15052e-05
15750.0 1.10322e-05
15760.0 1.04019e-05
15770.0 9.86115e-06
15780.0 9.64598e-06
15790.0 9.40576e-06
15800.0 9.28239e-06
15810.0 8.84582e-06
15820.0 8.42676e-06
15830.0 7.90907e-06
15840.0 8.09787e-06
15850.0 8.20542e-06
15860.0 7.85648e-06
15870.0 7.62726e-06
15880.0 7.04019e-06
15890.0 6.68316e-06
15900.0 6.28709e-06
15910.0 6.26641e-06
15920.0 5.72342e-06
15930.0 5.12055e-06
15940.0 5.08314e-06
15950.0 4.97962e-06
15960.0 5.02963e-06
15970.0 4.82491e-06
15980.0 4.8631e-06
15990.0 4.62781e-06
16000.0 4.67544e-06
16010.0 4.97435e-06
16020.0 4.71223e-06
16030.0 4.41817e-06
16040.000000000002 4.28555e-06
16050.0 4.33806e-06
16060.000000000002 4.10121e-06
16070.0 3.85469e-06
16080.000000000002 3.53764e-06
16090.0 3.35727e-06
16100.000000000002 3.48081e-06
16110.0 3.5886e-06
16120.000000000002 3.62866e-06
16130.0 3.44106e-06
16140.000000000002 3.49149e-06
16150.0 3.82093e-06
16160.000000000002 3.78233e-06
16170.0 3.5946e-06
16180.000000000002 3.19658e-06
16190.0 2.66844e-06
16200.000000000002 2.40188e-06
16210.0 2.50056e-06
16220.000000000002 2.413e-06
16230.0 2.05209e-06
16240.000000000002 1.97228e-06
16250.0 1.61886e-06
16259.999999999998 1.43386e-06
16270.0 1.8687e-06
16279.999999999998 2.12556e-06
16290.0 2.10071e-06
16299.999999999998 2.2432e-06
16310.0 2.48696e-06
16319.999999999998 2.72209e-06
16330.0 3.36081e-06
16339.999999999998 3.63082e-06
16350.0 3.36669e-06
16359.999999999998 3.4005e-06
16370.0 3.48377e-06
16379.999999999998 3.50303e-06
16390.0 3.28804e-06
16400.0 3.08263e-06
16410.0 2.57356e-06
16420.0 2.62611e-06
16430.0 2.74177e-06
16440.0 2.35874e-06
16450.0 2.05186e-06
16460.0 1.79761e-06
16470.0 2.02526e-06
16480.0 2.33923e-06
16490.0 2.38146e-06
16500.0 2.68973e-06
16510.0 2.71667e-06
16520.0 3.02211e-06
16530.0 3.58102e-06
16540.0 3.79299e-06
16550.0 3.74512e-06
16560.0 3.45127e-06
16570.0 3.51782e-06
16580.0 3.23746e-06
16590.0 3.3022e-06
16600.0 3.20499e-06
16610.0 2.82743e-06
16620.0 2.90353e-06
16630.0 2.82603e-06
16640.0 2.95948e-06
16650.0 3.23984e-06
16660.0 3.13478e-06
16670.0 2.92351e-06
16680.0 2.97352e-06
16690.0 3.03368e-06
16700.0 2.84517e-06
16710.0 2.71369e-06
16720.0 2.77459e-06
16730.0 2.73002e-06
16740.0 3.07984e-06
16750.0 3.27194e-06
16760.0 3.32019e-06
16770.0 3.16586e-06
16780.0 3.5142e-06
16790.0 3.88569e-06
16800.0 3.85485e-06
16810.0 3.61203e-06
16820.0 3.33522e-06
16830.0 3.14717e-06
16840.0 2.97825e-06
16850.0 3.45894e-06
16860.0 3.33159e-06
16870.0 3.12342e-06
16880.0 3.76576e-06
16890.0 3.9345e-06
16900.0 3.61655e-06
16910.0 3.64563e-06
16920.0 3.67546e-06
16930.0 3.2595e-06
16940.0 3.18486e-06
16950.0 3.08411e-06
16960.0 2.36424e-06
16970.0 2.46369e-06
16980.0 2.74074e-06
16990.0 2.596e-06
17000.0 2.42046e-06
17010.0 2.31272e-06
17020.0 2.25625e-06
17030.0 2.35923e-06
17040.0 2.18126e-06
17050.0 1.78393e-06
17060.0 1.60282e-06
17070.0 1.82284e-06
17080.0 1.9838e-06
17090.0 2.1409e-06
17100.0 2.10105e-06
17110.0 1.9999e-06
17120.0 2.10169e-06
17130.0 2.36605e-06
17140.0 2.89216e-06
17150.0 2.78686e-06
17160.0 2.81273e-06
17170.0 2.73367e-06
17180.0 2.53566e-06
17190.0 2.40043e-06
17200.0 2.80756e-06
17210.0 2.68653e-06
17220.0 2.19756e-06
17230.0 2.34065e-06
17240.0 2.34636e-06
17250.0 2.27417e-06
17260.0 2.29983e-06
17270.0 2.5798e-06
17280.0 2.27075e-06
17290.0 2.23682e-06
17300.0 2.4762e-06
17310.0 2.56958e-06
17320.0 2.56035e-06
17330.0 2.74191e-06
17340.0 3.02512e-06
17350.0 2.77665e-06
17360.0 2.68977e-06
17370.0 2.69049e-06
17380.0 2.53511e-06
17390.0 2.50271e-06
17400.0 2.57892e-06
17410.0 2.69566e-06
17420.0 3.108e-06
17430.0 3.31902e-06
17440.0 3.31882e-06
17450.0 3.45317e-06
17460.0 3.64753e-06
17470.0 3.5409e-06
17480.0 3.43939e-06
17490.0 3.46584e-06
17500.0 3.35569e-06
17510.0 3.31657e-06
17520.0 3.49035e-06
17530.0 3.3079e-06
17540.0 3.35424e-06
17550.0 3.26902e-06
17560.0 3.50627e-06
17570.0 3.73831e-06
17580.0 3.70542e-06
17590.0 3.95311e-06
17600.0 3.99065e-06
17610.0 4.36926e-06
17620.0 4.17407e-06
17630.0 4.44057e-06
17640.0 4.36177e-06
17650.0 3.91393e-06
17660.0 3.6774e-06
17670.0 3.55065e-06
17680.0 3.39588e-06
17690.0 3.17869e-06
17700.0 3.25056e-06
17710.0 3.40807e-06
17720.0 3.62359e-06
17730.0 3.66836e-06
17740.0 3.90876e-06
17750.0 4.18736e-06
17760.0 4.27631e-06
17770.0 4.50451e-06
17780.0 4.68871e-06
17790.0 4.30046e-06
17800.0 4.30078e-06
17810.0 4.78318e-06
17820.0 4.7162e-06
17830.0 4.22751e-06
17840.0 4.02581e-06
17850.0 3.51278e-06
17860.0 3.74186e-06
17870.0 4.22027e-06
17880.0 3.84018e-06
17890.0 3.46405e-06
17900.0 3.11248e-06
17910.0 3.22775e-06
17920.0 3.71354e-06
17930.0 4.01862e-06
17940.0 3.47574e-06
17950.0 2.8239e-06
17960.0 2.89583e-06
17970.0 3.40956e-06
17980.0 3.57167e-06
17990.0 3.76038e-06
18000.0 3.63077e-06
18010.0 3.54737e-06
18020.0 3.8389e-06
18030.0 4.43968e-06
18040.0 4.64132e-06
18050.0 4.14968e-06
18060.0 4.25621e-06
18070.0 4.07756e-06
18080.0 3.60061e-06
18090.0 3.83967e-06
18100.0 3.69832e-06
18110.0 3.7582e-06
18120.0 4.00716e-06
18130.0 4.15814e-06
18140.0 4.17565e-06
18150.0 4.31308e-06
18160.0 4.90539e-06
18170.0 4.87763e-06
18180.0 5.16362e-06
18190.0 5.06745e-06
18200.0 4.69355e-06
18210.0 4.63388e-06
18220.0 4.75843e-06
18230.0 4.68734e-06
18240.0 4.14459e-06
18250.0 3.98212e-06
18260.0 3.62503e-06
18270.0 3.06696e-06
18280.0 2.83495e-06
18290.0 3.27052e-06
18300.0 3.577e-06
18310.0 4.0329e-06
18320.0 4.62809e-06
18330.0 4.48646e-06
18340.0 5.27093e-06
18350.0 6.07769e-06
18360.0 6.18612e-06
18370.0 5.80147e-06
18380.0 5.27667e-06
18390.0 4.9767e-06
18400.0 4.82588e-06
18410.0 4.95033e-06
18420.0 4.1759e-06
18430.0 3.77775e-06
18440.0 4.1493e-06
18450.0 4.56729e-06
18460.0 5.02758e-06
18470.0 5.09287e-06
18480.0 4.73687e-06
18490.0 5.23497e-06
18500.0 6.05618e-06
18510.0 6.46808e-06
18520.0 6.408e-06
18530.0 6.19512e-06
18540.0 5.87838e-06
18550.0 5.83157e-06
18560.0 6.39213e-06
18570.0 6.16866e-06
18580.0 5.81758e-06
18590.0 6.0086e-06
18600.0 6.11346e-06
18610.0 6.27539e-06
18620.0 6.46882e-06
18630.0 6.59076e-06
18640.0 6.63792e-06
18650.0 6.44675e-06
18660.0 6.21988e-06
18670.0 5.56942e-06
18680.0 5.56157e-06
18690.0 5.31612e-06
18700.0 5.10317e-06
18710.0 5.08873e-06
18720.0 4.89963e-06
18730.0 4.69053e-06
18740.0 4.7094e-06
18750.0 5.28591e-06
18760.0 5.31356e-06
18770.0 5.17905e-06
18780.0 4.92088e-06
18790.0 4.94025e-06
18800.0 4.89868e-06
18810.0 5.51252e-06
18820.0 5.87993e-06
18830.0 5.1923e-06
18840.0 5.03456e-06
18850.0 5.28104e-06
18860.0 5.83081e-06
18870.0 5.57128e-06
18880.0 5.44863e-06
18890.0 5.13087e-06
18900.0 4.78957e-06
18910.0 5.01547e-06
18920.0 5.13439e-06
18930.0 4.79404e-06
18940.0 4.9041e-06
18950.0 5.47076e-06
18960.0 5.85834e-06
18970.0 6.54273e-06
18980.0 6.76746e-06
18990.0 6.80786e-06
19000.0 6.91989e-06
19010.0 7.46627e-06
19020.0 7.72228e-06
19030.0 7.82913e-06
19040.0 7.83071e-06
19050.0 7.71054e-06
19060.0 7.8658e-06
19070.0 8.11367e-06
19080.0 7.93988e-06
19090.0 7.58626e-06
19100.0 7.35927e-06
19110.0 7.1173e-06
19120.0 7.07685e-06
19130.0 6.60603e-06
19140.0 6.52574e-06
19150.0 6.34922e-06
19160.0 6.35151e-06
19170.0 6.63112e-06
19180.0 6.40834e-06
19190.0 6.33473e-06
19200.0 6.28714e-06
19210.0 6.60809e-06
19220.0 6.27838e-06
19230.0 5.93622e-06
19240.0 5.73892e-06
19250.0 5.6552e-06
19260.0 5.5835e-06
19270.0 5.2514e-06
19280.0 5.30485e-06
19290.0 5.12916e-06
19300.0 5.49453e-06
19310.0 6.18292e-06
19320.0 6.44563e-06
19330.0 6.75911e-06
19340.0 7.21807e-06
19350.0 7.86331e-06
19360.0 7.46315e-06
19370.0 7.27973e-06
19380.0 7.16935e-06
19390.0 7.09729e-06
19400.0 7.67216e-06
19410.0 7.21074e-06
19420.0 6.36863e-06
19430.0 6.70032e-06
19440.0 7.6076e-06
19450.0 8.02926e-06
19460.0 8.45801e-06
19470.0 8.06964e-06
19480.0 7.38047e-06
19490.0 7.89179e-06
19500.0 8.49679e-06
19510.0 8.07592e-06
19520.0 7.64161e-06
19530.0 7.14073e-06
19540.0 6.86144e-06
19550.0 7.13707e-06
19560.0 7.32561e-06
19570.0 7.21893e-06
19580.0 6.90238e-06
19590.0 6.56515e-06
19600.0 6.81396e-06
19610.0 7.50272e-06
19620.0 7.6341e-06
19630.0 7.58762e-06
19640.0 7.22734e-06
19650.0 7.16367e-06
19660.0 7.79892e-06
19670.0 7.51773e-06
19680.0 6.76753e-06
19690.0 6.71632e-06
19700.0 6.77734e-06
19710.0 6.36464e-06
19720.0 7.01838e-06
19730.0 6.77815e-06
19740.0 6.58111e-06
19750.0 7.2093e-06
19760.0 7.59002e-06
19770.0 6.86708e-06
19780.0 6.05131e-06
19790.0 6.23512e-06
19800.0 5.86654e-06
19810.0 6.35278e-06
19820.0 6.45829e-06
19830.0 6.51588e-06
19840.0 6.64635e-06
19850.0 7.32792e-06
19860.0 7.81751e-06
19870.0 8.09973e-06
19880.0 8.01709e-06
19890.0 7.2969e-06
19900.0 6.75514e-06
19910.0 6.43401e-06
19920.0 6.19701e-06
19930.0 6.25417e-06
19940.0 6.16203e-06
19950.0 5.73505e-06
19960.0 5.89396e-06
19970.0 6.06507e-06
19980.0 6.22721e-06
19990.0 6.47801e-06
20000.0 6.54921e-06
20010.0 5.67903e-06
20019.999999999996 5.50174e-06
20030.0 5.67505e-06
20040.0 5.50099e-06
20050.0 5.30608e-06
20059.999999999996 5.39158e-06
20070.0 4.98195e-06
20080.0 4.75017e-06
20090.0 4.96883e-06
20099.999999999996 4.86717e-06
20110.0 4.75075e-06
20120.0 4.30048e-06
20130.0 4.67955e-06
20139.999999999996 4.60229e-06
20150.0 4.4236e-06
20160.0 4.4316e-06
20170.0 4.61499e-06
20179.999999999996 5.22461e-06
20190.0 5.11785e-06
20200.0 5.35059e-06
20210.0 4.65157e-06
20219.999999999996 4.39978e-06
20230.0 4.70387e-06
20240.0 4.78392e-06
20250.0 4.31625e-06
20259.999999999996 3.79264e-06
20270.0 3.83327e-06
20280.0 3.88564e-06
20290.0 4.43504e-06
20299.999999999996 4.42073e-06
20310.0 4.41732e-06
20320.0 4.37181e-06
20330.0 4.85321e-06
20339.999999999996 5.01324e-06
20350.0 4.83618e-06
20360.0 5.07259e-06
20370.0 5.13318e-06
20379.999999999996 5.53713e-06
20390.0 5.35727e-06
20400.0 5.17188e-06
20410.0 5.2943e-06
20419.999999999996 5.28695e-06
20430.0 5.64317e-06
20440.0 5.48866e-06
20450.0 5.77782e-06
20460.0 5.50349e-06
20470.0 5.43621e-06
20480.0 6.06634e-06
20490.0 5.94003e-06
20500.0 6.28923e-06
20510.0 6.80915e-06
20520.0 7.43829e-06
20530.0 6.76863e-06
20540.0 6.65405e-06
20550.0 7.03256e-06
20560.0 6.77938e-06
20570.0 6.91815e-06
20580.0 6.40474e-06
20590.0 5.92618e-06
20600.0 5.58201e-06
20610.0 6.16755e-06
20620.0 6.38035e-06
20630.0 5.7602e-06
20640.0 6.17138e-06
20650.0 6.53299e-06
20660.0 6.71719e-06
20670.0 6.44677e-06
20680.0 5.9773e-06
20690.0 5.31001e-06
20700.0 5.42909e-06
20710.0 5.84003e-06
20720.0 5.16448e-06
20730.0 4.67174e-06
20740.0 4.87737e-06
20750.0 5.39993e-06
20760.0 5.808e-06
20770.0 5.80949e-06
20780.0 5.06762e-06
20790.0 4.63488e-06
20800.0 4.46041e-06
20810.0 3.96168e-06
20820.0 3.15282e-06
20830.000000000004 2.58579e-06
20840.0 2.46817e-06
20850.0 3.27825e-06
20860.0 4.38222e-06
20870.000000000004 4.97145e-06
20880.0 5.03781e-06
20890.0 5.4759e-06
20900.0 6.04545e-06
20910.000000000004 6.26321e-06
20920.0 5.78144e-06
20930.0 4.869e-06
20940.0 4.29183e-06
20950.000000000004 4.48192e-06
20960.0 4.46294e-06
20970.0 4.102e-06
20980.0 3.8785e-06
20990.000000000004 4.07282e-06
21000.0 4.94267e-06
21010.0 5.14257e-06
21020.0 4.90909e-06
21030.000000000004 4.87759e-06
21040.0 5.2757e-06
21050.0 5.44917e-06
21060.0 5.67149e-06
21070.000000000004 5.59757e-06
21080.0 4.81074e-06
21090.0 4.37602e-06
21100.0 4.35276e-06
21110.000000000004 3.97481e-06
21120.0 3.41542e-06
21130.0 3.24079e-06
21140.0 2.67287e-06
21150.000000000004 2.65357e-06
21160.0 3.0899e-06
21170.0 3.78146e-06
21180.0 3.83661e-06
21190.000000000004 3.8704e-06
21200.0 4.59188e-06
21210.0 5.05966e-06
21220.0 5.32491e-06
21230.000000000004 5.05316e-06
21240.0 4.62186e-06
21250.0 4.20269e-06
21260.0 4.11172e-06
21269.999999999996 4.60618e-06
21280.0 4.60666e-06
21290.0 4.50666e-06
21300.0 4.63235e-06
21309.999999999996 4.74327e-06
21320.0 4.9452e-06
21330.0 5.13604e-06
21340.0 5.13182e-06
21349.999999999996 4.71858e-06
21360.0 4.41915e-06
21370.0 4.30189e-06
21380.0 4.17905e-06
21389.999999999996 3.93197e-06
21400.0 3.8021e-06
21410.0 3.64974e-06
21420.0 3.70451e-06
21429.999999999996 3.5751e-06
21440.0 3.691e-06
21450.0 3.50143e-06
21460.0 3.55417e-06
21469.999999999996 3.84537e-06
21480.0 4.11427e-06
21490.0 4.40716e-06
21500.0 4.28649e-06
21509.999999999996 4.49508e-06
21520.0 4.37103e-06
21530.0 4.79683e-06
21540.0 4.95562e-06
21549.999999999996 5.4037e-06
21560.0 5.76431e-06
21570.0 5.63814e-06
21580.0 5.9708e-06
21589.999999999996 6.16847e-06
21600.0 6.37593e-06
21610.0 6.20872e-06
21620.0 5.94478e-06
21629.999999999996 5.3169e-06
21640.0 4.94148e-06
21650.0 5.32105e-06
21660.0 5.52974e-06
21669.999999999996 5.09598e-06
21680.0 4.46284e-06
21690.0 4.09705e-06
21700.0 3.79934e-06
21710.0 3.81284e-06
21720.0 3.84003e-06
21730.0 3.5008e-06
21740.0 3.34326e-06
21750.0 3.67589e-06
21760.0 4.35341e-06
21770.0 4.43158e-06
21780.0 4.66018e-06
21790.0 4.88247e-06
21800.0 5.15506e-06
21810.0 5.1676e-06
21820.0 4.72036e-06
21830.0 4.7985e-06
21840.0 4.81042e-06
21850.0 4.75745e-06
21860.0 5.04056e-06
21870.0 5.15285e-06
21880.0 4.95984e-06
21890.0 5.22313e-06
21900.0 5.44546e-06
21910.0 5.10791e-06
21920.0 4.68864e-06
21930.0 4.78879e-06
21940.0 4.68568e-06
21950.0 4.588e-06
21960.0 4.66634e-06
21970.0 4.43382e-06
21980.0 5.27373e-06
21990.0 5.23753e-06
22000.0 4.7041e-06
22010.0 4.4202e-06
22020.0 4.63748e-06
22030.0 4.51023e-06
22040.0 4.11601e-06
22050.0 3.89118e-06
22060.0 3.5512e-06
22070.0 3.6615e-06
22080.000000000004 4.19809e-06
22090.0 4.63917e-06
22100.0 4.67642e-06
22110.0 4.99645e-06
22120.000000000004 4.93165e-06
22130.0 4.91166e-06
22140.0 4.61044e-06
22150.0 4.57478e-06
22160.000000000004 4.26433e-06
22170.0 4.03068e-06
22180.0 4.62353e-06
22190.0 5.06657e-06
22200.000000000004 5.21342e-06
22210.0 5.67708e-06
22220.0 5.76882e-06
22230.0 5.3073e-06
22240.000000000004 5.9324e-06
22250.0 6.13744e-06
22260.0 5.10107e-06
22270.0 5.14585e-06
22280.000000000004 5.54247e-06
22290.0 5.42436e-06
22300.0 5.48272e-06
22310.0 5.73716e-06
22320.000000000004 5.71621e-06
22330.0 6.15735e-06
22340.0 6.85206e-06
22350.0 5.90954e-06
22360.000000000004 6.51694e-06
22370.0 6.61267e-06
22380.0 6.65426e-06
22390.0 7.68691e-06
22400.000000000004 7.8157e-06
22410.0 7.97524e-06
22420.0 7.59105e-06
22430.0 7.7551e-06
22440.000000000004 7.22504e-06
22450.0 7.06261e-06
22460.0 7.21786e-06
22470.0 6.74051e-06
22480.000000000004 6.10164e-06
22490.0 5.64291e-06
22500.0 6.04848e-06
22510.0 6.08299e-06
22519.999999999996 5.68579e-06
22530.0 5.83783e-06
22540.0 5.43877e-06
22550.0 4.74416e-06
22559.999999999996 5.47454e-06
22570.0 5.92454e-06
22580.0 5.52344e-06
22590.0 5.74895e-06
22599.999999999996 5.64427e-06
22610.0 5.22873e-06
22620.0 5.5964e-06
22630.0 5.75309e-06
22639.999999999996 4.96613e-06
22650.0 4.26556e-06
22660.0 3.93839e-06
22670.0 3.93591e-06
22679.999999999996 4.22796e-06
22690.0 4.20084e-06
22700.0 4.05064e-06
22710.0 4.60589e-06
22719.999999999996 4.67754e-06
22730.0 4.46122e-06
22740.0 4.35802e-06
22750.0 3.83432e-06
22759.999999999996 3.24964e-06
22770.0 3.33023e-06
22780.0 3.22723e-06
22790.0 2.47719e-06
22799.999999999996 2.45907e-06
22810.0 2.56101e-06
22820.0 2.51386e-06
22830.0 2.5385e-06
22839.999999999996 2.71223e-06
22850.0 2.72394e-06
22860.0 2.56685e-06
22870.0 2.61683e-06
22879.999999999996 2.42162e-06
22890.0 2.41321e-06
22900.0 2.39999e-06
22910.0 2.43131e-06
22919.999999999996 2.30555e-06
22930.0 2.1358e-06
22940.0 1.97463e-06
22950.0 1.94466e-06
22960.0 1.98092e-06
22970.0 1.92732e-06
22980.0 1.94455e-06
22990.0 1.91301e-06
23000.0 1.94132e-06
23010.0 1.89223e-06
23020.0 1.8627e-06
23030.0 1.87768e-06
23040.0 1.91947e-06
23050.0 1.85462e-06
23060.0 1.9661e-06
23070.0 1.9623e-06
23080.0 2.06699e-06
23090.0 2.31212e-06
23100.0 2.34017e-06
23110.0 2.38629e-06
23120.0 2.65352e-06
23130.0 2.68032e-06
23140.0 2.60759e-06
23150.0 2.58427e-06
23160.0 2.50558e-06
23170.0 2.10832e-06
23180.0 2.17201e-06
23190.0 2.03894e-06
23200.0 1.76333e-06
23210.0 1.60754e-06
23220.0 1.3414e-06
23230.0 1.19669e-06
23240.0 1.11163e-06
23250.0 1.09037e-06
23260.0 8.73119e-07
23270.0 7.83478e-07
23280.0 7.25923e-07
23290.0 7.7179e-07
23300.0 8.8447e-07
23310.0 8.67822e-07
23320.0 8.17248e-07
23330.000000000004 8.17253e-07
23340.0 8.73745e-07
23350.0 8.3394e-07
23360.0 7.86198e-07
23370.000000000004 7.43639e-07
23380.0 6.9196e-07
23390.0 6.28052e-07
23400.0 5.68459e-07
23410.000000000004 5.59643e-07
23420.0 5.01602e-07
23430.0 4.62736e-07
23440.0 4.3955e-07
23450.000000000004 3.7503e-07
23460.0 2.97603e-07
23470.0 2.79246e-07
23480.0 2.61455e-07
23490.000000000004 2.14128e-07
23500.0 1.68972e-07
23510.0 1.60514e-07
23520.0 1.55761e-07
23530.000000000004 1.62906e-07
23540.0 1.51296e-07
23550.0 1.23609e-07
23560.0 1.03022e-07
23570.000000000004 8.80078e-08
23580.0 8.45161e-08
23590.0 7.45586e-08
23600.0 6.21893e-08
23610.000000000004 4.45153e-08
23620.0 4.19177e-08
23630.0 3.92382e-08
23640.0 3.66973e-08
23650.000000000004 3.1594e-08
23660.0 3.13909e-08
23670.0 2.68017e-08
23680.0 2.54051e-08
23690.000000000004 2.45647e-08
23700.0 2.13847e-08
23710.0 1.9276e-08
23720.0 1.74298e-08
23730.000000000004 1.68447e-08
23740.0 1.55729e-08
23750.0 1.45452e-08
23760.0 1.36232e-08
23769.999999999996 1.63663e-08
23780.0 1.55074e-08
23790.0 1.56356e-08
23800.0 1.38817e-08
23809.999999999996 1.34401e-08
23820.0 1.30882e-08
23830.0 1.27151e-08
23840.0 1.28527e-08
23849.999999999996 9.68698e-09
23860.0 1.00258e-08
23870.0 8.67424e-09
23880.0 8.58489e-09
23889.999999999996 9.21851e-09
23900.0 9.30906e-09
23910.0 8.79859e-09
23920.0 7.71715e-09
23929.999999999996 8.24659e-09
23940.0 0.0
23950.0 8.08242e-09
23960.0 0.0
23969.999999999996 0.0
23980.0 0.0
23990.0 0.0
24000.0 0.0
24009.999999999996 0.0
24020.0 0.0
24030.0 0.0
24040.0 0.0
24049.999999999996 0.0
24060.0 0.0
24070.0 0.0
24080.0 0.0
24089.999999999996 0.0
24100.0 0.0
24110.0 0.0
24120.0 0.0
24129.999999999996 0.0
24140.0 0.0
24150.0 0.0
24160.0 0.0
24169.999999999996 0.0
24180.0 0.0
24190.0 0.0
24200.0 0.0
24210.0 0.0
24220.0 0.0
24230.0 0.0
24240.0 0.0
24250.0 0.0
24260.0 0.0
24270.0 0.0
24280.0 0.0
24290.0 0.0
24300.0 0.0
24310.0 0.0
24320.0 0.0
24330.0 0.0
24340.0 0.0
24350.0 0.0
24360.0 0.0
24370.0 0.0
24380.0 0.0
24390.0 0.0
24400.0 0.0
24410.0 0.0
24420.0 0.0
24430.0 0.0
24440.0 0.0
24450.0 0.0
24460.0 0.0
24470.0 0.0
24480.0 0.0
24490.0 0.0
24500.0 0.0
24510.0 0.0
24520.0 0.0
24530.0 0.0
24540.0 0.0
24550.0 0.0
24560.0 0.0
24570.0 0.0
24580.000000000004 0.0
24590.0 0.0
24600.0 0.0
24610.0 0.0
24620.000000000004 0.0
24630.0 0.0
24640.0 0.0
24650.0 0.0
24660.000000000004 0.0
24670.0 0.0
24680.0 0.0
24690.0 0.0
24700.000000000004 0.0
24710.0 0.0
24720.0 0.0
24730.0 0.0
24740.000000000004 0.0
24750.0 0.0
24760.0 0.0
24770.0 0.0
24780.000000000004 0.0
24790.0 0.0
24800.0 0.0
24810.0 0.0
24820.000000000004 0.0
24830.0 0.0
24840.0 0.0
24850.0 0.0
24860.000000000004 0.0
24870.0 0.0
24880.0 0.0
24890.0 0.0
24900.000000000004 0.0
24910.0 0.0
24920.0 0.0
24930.0 0.0
24940.000000000004 0.0
24950.0 0.0
24960.0 0.0
24970.0 0.0
24980.000000000004 0.0
24990.0 0.0
25000.0 0.0
25010.0 0.0
25019.999999999996 0.0
25030.0 0.0
25040.0 0.0
25050.0 0.0
25059.999999999996 0.0
25070.0 0.0
25080.0 0.0
25090.0 0.0
25099.999999999996 0.0
25110.0 0.0
25120.0 0.0
25130.0 0.0
25139.999999999996 0.0
25150.0 0.0
25160.0 0.0
25170.0 0.0
25179.999999999996 0.0
25190.0 0.0
25200.0 0.0
25210.0 0.0
25219.999999999996 0.0
25230.0 0.0
25240.0 0.0
25250.0 0.0
25259.999999999996 0.0
25270.0 0.0
25280.0 0.0
25290.0 0.0
25299.999999999996 0.0
25310.0 0.0
25320.0 0.0
25330.0 0.0
25339.999999999996 0.0
25350.0 0.0
25360.0 0.0
25370.0 0.0
25379.999999999996 0.0
25390.0 0.0
25400.0 0.0
25410.0 0.0
25419.999999999996 0.0
25430.0 0.0
25440.0 0.0
25450.0 0.0
25460.0 0.0
25470.0 0.0
25480.0 0.0
25490.0 0.0
25500.0 0.0
25510.0 0.0
25520.0 0.0
25530.0 0.0
25540.0 0.0
25550.0 0.0
25560.0 0.0
25570.0 0.0
25580.0 0.0
25590.0 0.0
25600.0 0.0
25610.0 0.0
25620.0 0.0
25630.0 0.0
25640.0 0.0
25650.0 0.0
25660.0 0.0
25670.0 0.0
25680.0 0.0
25690.0 0.0
25700.0 0.0
25710.0 0.0
25720.0 0.0
25730.0 0.0
25740.0 0.0
25750.0 0.0
25760.0 0.0
25770.0 0.0
25780.0 0.0
25790.0 0.0
25800.0 0.0
25810.0 0.0
25820.0 0.0
25830.000000000004 0.0
25840.0 0.0
25850.0 0.0
25860.0 0.0
25870.000000000004 0.0
25880.0 0.0
25890.0 0.0
25900.0 0.0
25910.000000000004 0.0
25920.0 0.0
25930.0 0.0
25940.0 0.0
25950.000000000004 0.0
25960.0 0.0
25970.0 0.0
25980.0 0.0
25990.000000000004 0.0
26000.0 0.0
26010.0 0.0
26020.0 0.0
26030.000000000004 0.0
26040.0 0.0
26050.0 0.0
26060.0 0.0
26070.000000000004 0.0
26080.0 0.0
26090.0 0.0
26100.0 0.0
26110.000000000004 0.0
26120.0 0.0
26130.0 0.0
26140.0 0.0
26150.000000000004 0.0
26160.0 0.0
26170.0 0.0
26180.0 0.0
26190.000000000004 0.0
26200.0 0.0
26210.0 0.0
26220.0 0.0
26230.000000000004 0.0
26240.0 0.0
26250.0 0.0
26260.0 0.0
26269.999999999996 0.0
26280.0 0.0
26290.0 0.0
26300.0 0.0
26309.999999999996 0.0
26320.0 0.0
26330.0 0.0
26340.0 0.0
26349.999999999996 0.0
26360.0 0.0
26370.0 0.0
26380.0 0.0
26389.999999999996 2.62788e-06
26400.0 5.24932e-06
26410.0 6.04142e-06
26420.0 6.83349e-06
26429.999999999996 7.62554e-06
26440.0 1.73205e-05
26450.0 2.70128e-05
26460.0 3.67088e-05
26469.999999999996 3.70205e-05
26480.0 3.7332e-05
26490.0 4.23071e-05
26500.0 4.72832e-05
26509.999999999996 5.22555e-05
26520.0 5.28042e-05
26530.0 5.33474e-05
26540.0 5.38904e-05
26549.999999999996 4.20487e-05
26560.0 3.02085e-05
26570.0 2.6244e-05
26580.0 2.2281e-05
26589.999999999996 1.83204e-05
26600.0 1.88681e-05
26610.0 1.94151e-05
26620.0 1.99619e-05
26629.999999999996 1.2369e-05
26640.0 4.77917e-06
26650.0 3.18845e-06
26660.0 1.5982e-06
26669.999999999996 0.0
26680.0 0.0
26690.0 0.0
26700.0 0.0
26710.0 0.0
26720.0 0.0
26730.0 0.0
26740.0 0.0
26750.0 0.0
26760.0 0.0
26770.0 0.0
26780.0 0.0
26790.0 0.0
26800.0 0.0
26810.0 0.0
26820.0 0.0
26830.0 0.0
26840.0 0.0
26850.0 0.0
26860.0 0.0
26870.0 0.0
26880.0 0.0
26890.0 2.73424e-08
26900.0 4.71994e-08
26910.0 6.7038e-08
26920.0 8.50501e-06
26930.0 1.69368e-05
26940.0 1.8716e-05
26950.0 2.04955e-05
26960.0 2.22719e-05
26970.0 2.0687e-05
26980.0 1.91083e-05
26990.0 1.7531e-05
27000.0 2.29636e-05
27010.0 2.83448e-05
27020.0 2.86382e-05
27030.0 2.89301e-05
27040.0 2.92202e-05
27050.0 3.0127e-05
27060.0 3.10296e-05
27070.0 3.19276e-05
27080.000000000004 4.60233e-05
27090.0 6.00543e-05
27100.0 5.94748e-05
27110.0 5.88323e-05
27120.000000000004 5.81927e-05
27130.0 5.27254e-05
27140.0 4.72955e-05
27150.0 4.19016e-05
27160.000000000004 4.54685e-05
27170.0 4.90137e-05
27180.0 4.62474e-05
27190.0 4.34986e-05
27200.000000000004 4.07684e-05
27210.0 3.9538e-05
27220.0 3.83134e-05
27230.0 3.70942e-05
27240.000000000004 3.2623e-05
27250.0 2.81707e-05
27260.0 2.42846e-05
27270.0 2.04193e-05
27280.000000000004 1.65742e-05
27290.0 1.45343e-05
27300.0 1.25055e-05
27310.0 1.05169e-05
27320.000000000004 1.36319e-05
27330.0 1.67491e-05
27340.0 1.81234e-05
27350.0 1.94981e-05
27360.000000000004 2.08734e-05
27370.0 1.60281e-05
27380.0 1.11815e-05
27390.0 6.33225e-06
27400.000000000004 7.06269e-06
27410.0 7.79769e-06
27420.0 5.27374e-06
27430.0 2.74803e-06
27440.000000000004 2.19061e-07
27450.0 2.04281e-06
27460.0 3.86896e-06
27470.0 5.69604e-06
27480.000000000004 1.16032e-05
27490.0 1.75142e-05
27500.0 1.9889e-05
27510.0 2.22663e-05
27519.999999999996 2.46416e-05
27530.0 2.25675e-05
27540.0 2.04912e-05
27550.0 1.84066e-05
27559.999999999996 1.68471e-05
27570.0 1.5286e-05
27580.0 1.24005e-05
27590.0 9.51446e-06
27599.999999999996 6.62403e-06
27610.0 8.46297e-06
27620.0 1.03027e-05
27630.0 7.15182e-06
27639.999999999996 3.99549e-06
27650.0 8.36397e-07
27660.0 7.22218e-06
27670.0 1.36152e-05
27679.999999999996 2.00135e-05
27690.0 2.17208e-05
27700.0 2.34227e-05
27710.0 2.09538e-05
27719.999999999996 1.84857e-05
27730.0 1.60102e-05
27740.0 1.91435e-05
27750.0 2.22809e-05
27759.999999999996 2.54183e-05
27770.0 3.06586e-05
27780.0 3.59074e-05
27790.0 3.97979e-05
27799.999999999996 4.37045e-05
27810.0 4.76401e-05
27820.0 4.5708e-05
27830.0 4.37671e-05
27839.999999999996 4.18257e-05
27850.0 4.15095e-05
27860.0 4.11926e-05
27870.0 4.0666e-05
27879.999999999996 4.01337e-05
27890.0 3.96003e-05
27900.0 4.23881e-05
27910.0 4.51815e-05
27919.999999999996 4.79726e-05
27930.0 4.80535e-05
27940.0 4.81297e-05
27950.0 4.93391e-05
27960.0 5.05509e-05
27970.0 5.17551e-05
27980.0 5.21307e-05
27990.0 5.25126e-05
28000.0 5.28788e-05
28010.0 5.81587e-05
28020.0 6.34327e-05
28030.0 6.82175e-05
28040.0 7.29948e-05
28050.0 7.77949e-05
28060.0 7.56684e-05
28070.0 7.35551e-05
28080.0 7.14311e-05
28090.0 6.23615e-05
28100.0 5.32919e-05
28110.0 5.81343e-05
28120.0 6.29822e-05
28130.0 6.78437e-05
28140.0 7.59993e-05
28150.0 8.41683e-05
28160.0 9.23459e-05
28170.0 8.85133e-05
28180.0 8.46829e-05
28190.0 7.96737e-05
28200.0 7.46324e-05
28210.0 6.95392e-05
28220.0 7.28399e-05
28230.0 7.61324e-05
28240.0 7.9432e-05
28250.0 8.21872e-05
28260.0 8.4933e-05
28270.0 8.23827e-05
28280.0 7.98077e-05
28290.0 7.7251e-05
28300.0 7.44814e-05
28310.0 7.17238e-05
28320.0 7.14183e-05
28330.000000000004 7.112e-05
28340.0 7.07997e-05
28350.0 6.92052e-05
28360.0 6.76038e-05
28370.000000000004 6.60027e-05
28380.0 6.22239e-05
28390.0 5.84535e-05
28400.0 6.06647e-05
28410.000000000004 6.28526e-05
28420.0 6.50586e-05
28430.0 6.46164e-05
28440.0 6.41542e-05
28450.000000000004 6.37054e-05
28460.0 6.84923e-05
28470.0 7.32567e-05
28480.0 7.45534e-05
28490.000000000004 7.58257e-05
28500.0 7.7129e-05
28510.0 7.33247e-05
28520.0 6.95376e-05
28530.000000000004 6.57372e-05
28540.0 7.7431e-05
28550.0 8.90961e-05
28560.0 8.94349e-05
28570.000000000004 8.9746e-05
28580.0 9.00748e-05
28590.0 8.7326e-05
28600.0 8.45605e-05
28610.000000000004 8.18184e-05
28620.0 8.25839e-05
28630.0 8.33402e-05
28640.0 8.27714e-05
28650.000000000004 8.2177e-05
28660.0 8.15828e-05
28670.0 8.34582e-05
28680.0 8.53069e-05
28690.000000000004 8.71637e-05
28700.0 8.74958e-05
28710.0 8.78108e-05
28720.0 8.95408e-05
28730.000000000004 9.1271e-05
28740.0 9.29926e-05
28750.0 9.37477e-05
28760.0 9.4503e-05
28769.999999999996 9.52785e-05
28780.0 9.51107e-05
28790.0 9.49539e-05
28800.0 9.41189e-05
28809.999999999996 9.33191e-05
28820.0 9.24992e-05
28830.0 9.16206e-05
28840.0 9.07408e-05
28849.999999999996 8.98811e-05
28860.0 8.62624e-05
28870.0 8.26524e-05
28880.0 8.26101e-05
28889.999999999996 8.25849e-05
28900.0 8.2534e-05
28910.0 8.28853e-05
28920.0 8.32365e-05
28929.999999999996 8.3579e-05
28940.0 8.36143e-05
28950.0 8.36406e-05
28960.0 8.33965e-05
28969.999999999996 8.31437e-05
28980.0 8.28996e-05
28990.0 8.23893e-05
29000.0 8.18532e-05
29009.999999999996 8.02683e-05
29020.0 7.86836e-05
29030.0 7.70903e-05
29040.0 7.89581e-05
29049.999999999996 8.08259e-05
29060.0 8.26852e-05
29070.0 7.92772e-05
29080.0 7.58547e-05
29089.999999999996 7.58478e-05
29100.0 7.58411e-05
29110.0 7.58292e-05
29120.0 7.37869e-05
29129.999999999996 7.1744e-05
29140.0 6.96723e-05
29150.0 7.31729e-05
29160.0 7.6666e-05
29169.999999999996 7.23371e-05
29180.0 6.80089e-05
29190.0 6.36602e-05
29200.0 6.2254e-05
29210.0 6.08466e-05
29220.0 5.94456e-05
29230.0 6.34023e-05
29240.0 6.73501e-05
29250.0 6.34058e-05
29260.0 5.94742e-05
29270.0 5.55379e-05
29280.0 5.6727e-05
29290.0 5.79279e-05
29300.0 5.9123e-05
29310.0 5.98243e-05
29320.0 6.05125e-05
29330.0 6.05304e-05
29340.0 6.0542e-05
29350.0 6.05597e-05
29360.0 6.31778e-05
29370.0 6.57738e-05
29380.0 6.83962e-05
29390.0 6.56355e-05
29400.0 6.28816e-05
29410.0 5.73016e-05
29420.0 5.17288e-05
29430.0 4.61405e-05
29440.0 4.82979e-05
29450.0 5.04444e-05
29460.0 5.25959e-05
29470.0 5.87842e-05
29480.0 6.49651e-05
29490.0 6.36717e-05
29500.0 6.23719e-05
29510.0 6.10763e-05
29520.0 6.03224e-05
29530.0 5.95622e-05
29540.0 5.88083e-05
29550.0 5.54168e-05
29560.0 5.20251e-05
29570.0 4.94068e-05
29580.000000000004 4.67836e-05
29590.0 4.41743e-05
29600.0 4.90677e-05
29610.0 5.39506e-05
29620.000000000004 5.88316e-05
29630.0 5.61191e-05
29640.0 5.34136e-05
29650.0 4.87422e-05
29660.000000000004 4.40658e-05
29670.0 3.94049e-05
29680.0 3.88235e-05
29690.0 3.82541e-05
29700.000000000004 3.59831e-05
29710.0 3.37129e-05
29720.0 3.14396e-05
29730.0 3.00041e-05
29740.000000000004 2.8563e-05
29750.0 2.71343e-05
29760.0 3.04466e-05
29770.0 3.3754e-05
29780.000000000004 3.48984e-05
29790.0 3.60505e-05
29800.0 3.71987e-05
29810.0 3.52434e-05
29820.000000000004 3.32996e-05
29830.0 3.13531e-05
29840.0 3.4785e-05
29850.0 3.82167e-05
29860.000000000004 3.64148e-05
29870.0 3.46131e-05
29880.0 3.28077e-05
29890.0 3.47157e-05
29900.000000000004 3.66232e-05
29910.0 3.85272e-05
29920.0 3.20775e-05
29930.0 2.56225e-05
29940.000000000004 2.85022e-05
29950.0 3.13787e-05
29960.0 3.42598e-05
29970.0 4.16878e-05
29980.000000000004 4.91248e-05
29990.0 5.65648e-05
30000.0 5.76406e-05
30010.0 5.87282e-05
30019.999999999996 5.9622e-05
30030.0 6.05026e-05
30040.0 6.13961e-05
30050.0 6.03825e-05
30059.999999999996 5.93629e-05
30070.0 5.83494e-05
30080.0 5.77855e-05
30090.0 5.72215e-05
30099.999999999996 5.97093e-05
30110.0 6.21827e-05
30120.0 6.4663e-05
30130.0 6.59205e-05
30139.999999999996 6.71915e-05
30150.0 6.84626e-05
30160.0 7.15101e-05
30170.0 7.45498e-05
30179.999999999996 7.79672e-05
30190.0 8.13942e-05
30200.0 8.48114e-05
30210.0 8.64916e-05
30219.999999999996 8.8181e-05
30230.0 8.98586e-05
30240.0 8.18071e-05
30250.0 7.37632e-05
30259.999999999996 7.61151e-05
30270.0 7.84829e-05
30280.0 8.08427e-05
30290.0 8.27561e-05
30299.999999999996 8.46869e-05
30310.0 8.66094e-05
30320.0 8.4023e-05
30330.0 8.14291e-05
30339.999999999996 7.88917e-05
30350.0 7.63458e-05
30360.0 7.38012e-05
30370.0 6.63934e-05
30379.999999999996 5.89934e-05
30390.0 6.02491e-05
30400.0 6.14982e-05
30410.0 6.27485e-05
30419.999999999996 6.46348e-05
30430.0 6.65132e-05
30440.0 6.83837e-05
30450.0 6.25161e-05
30460.0 5.66306e-05
30470.0 5.6002e-05
30480.0 5.53612e-05
30490.0 5.47385e-05
30500.0 5.70489e-05
30510.0 5.93744e-05
30520.0 6.16794e-05
30530.0 5.90909e-05
30540.0 5.65089e-05
30550.0 5.44918e-05
30560.0 5.24757e-05
30570.0 5.04717e-05
30580.0 5.10324e-05
30590.0 5.16034e-05
30600.0 5.2169e-05
30610.0 5.4143e-05
30620.0 5.61108e-05
30630.0 5.02077e-05
30640.0 4.42994e-05
30650.0 3.83905e-05
30660.0 3.94515e-05
30670.0 4.05083e-05
30680.0 4.15786e-05
30690.0 5.11224e-05
30700.0 6.06714e-05
30710.0 5.67541e-05
30720.0 5.28561e-05
30730.0 4.89415e-05
30740.0 4.30257e-05
30750.0 3.7095e-05
30760.0 3.11783e-05
30770.0 2.35823e-05
30780.0 1.59878e-05
30790.0 1.80337e-05
30800.0 2.00815e-05
30810.0 2.21324e-05
30820.0 3.31941e-05
30830.000000000004 4.4259e-05
30840.0 5.53308e-05
30850.0 5.88316e-05
30860.0 6.23326e-05
30870.000000000004 5.6416e-05
30880.0 5.05039e-05
30890.0 4.45929e-05
30900.0 4.39575e-05
30910.000000000004 4.33166e-05
30920.0 4.26759e-05
30930.0 4.34454e-05
30940.0 4.42242e-05
30950.000000000004 4.60801e-05
30960.0 4.79404e-05
30970.0 4.9811e-05
30980.0 4.68853e-05
30990.000000000004 4.39563e-05
31000.0 4.10457e-05
31010.0 3.72789e-05
31020.0 3.35183e-05
31030.000000000004 3.72315e-05
31040.0 4.09573e-05
31050.0 4.46782e-05
31060.0 4.39214e-05
31070.000000000004 4.31734e-05
31080.0 3.99298e-05
31090.0 3.66954e-05
31100.0 3.34609e-05
31110.000000000004 3.66993e-05
31120.0 3.99413e-05
31130.0 4.31749e-05
31140.0 4.18103e-05
31150.000000000004 4.04505e-05
31160.0 3.99145e-05
31170.0 3.93869e-05
31180.0 3.8851e-05
31190.000000000004 3.64332e-05
31200.0 3.40302e-05
31210.0 3.16093e-05
31220.0 1.83007e-05
31230.000000000004 4.98967e-06
31240.0 6.99752e-06
31250.0 9.00697e-06
31260.0 1.10128e-05
31269.999999999996 1.54677e-05
31280.0 1.99238e-05
31290.0 2.43737e-05
31300.0 1.83653e-05
31309.999999999996 1.23596e-05
31320.0 1.19659e-05
31330.0 1.15698e-05
31340.0 1.11772e-05
31349.999999999996 1.03877e-05
31360.0 9.59919e-06
31370.0 8.81042e-06
31380.0 8.18807e-06
31389.999999999996 7.56653e-06
31400.0 5.04862e-06
31410.0 2.53155e-06
31420.0 1.41433e-08
31429.999999999996 1.17871e-08
31440.0 9.42999e-09
31450.0 0.0
31460.0 0.0
31469.999999999996 0.0
31480.0 9.43057e-09
31490.0 1.17889e-08
31500.0 1.41465e-08
31509.999999999996 8.2522e-08
31520.0 1.50892e-07
31530.0 2.19319e-07
31540.0 1.13194e-07
31549.999999999996 0.0
31560.0 0.0
31570.0 0.0
31580.0 0.0
31589.999999999996 0.0
31600.0 0.0
31610.0 0.0
31620.0 0.0
31629.999999999996 0.0
31640.0 2.35926e-08
31650.0 4.01147e-08
31660.0 5.66312e-08
31669.999999999996 1.46331e-06
31680.0 2.86958e-06
31690.0 4.27622e-06
31700.0 5.72407e-06
31710.0 7.1725e-06
31720.0 9.25409e-06
31730.0 1.13339e-05
31740.0 1.34164e-05
31750.0 1.49244e-05
31760.0 1.64328e-05
31770.0 1.58305e-05
31780.0 1.52233e-05
31790.0 1.46207e-05
31800.0 1.40322e-05
31810.0 1.34404e-05
31820.0 1.28514e-05
31830.0 1.44422e-05
31840.0 1.60313e-05
31850.0 1.47626e-05
31860.0 1.34907e-05
31870.0 1.2222e-05
31880.0 1.18711e-05
31890.0 1.15226e-05
31900.0 1.11718e-05
31910.0 1.34595e-05
31920.0 1.57458e-05
31930.0 1.97784e-05
31940.0 2.38064e-05
31950.0 2.78343e-05
31960.0 2.70421e-05
31970.0 2.62558e-05
31980.0 2.54668e-05
31990.0 2.30627e-05
32000.0 2.06581e-05
32010.0 2.02048e-05
32020.0 1.97537e-05
32030.0 1.93047e-05
32040.0 2.08537e-05
32050.0 2.24e-05
32060.0 2.39483e-05
32070.0 2.74284e-05
32080.000000000004 3.091e-05
32090.0 2.79592e-05
32100.0 2.50106e-05
32110.0 2.20677e-05
32120.000000000004 2.27425e-05
32130.0 2.34198e-05
32140.0 2.40967e-05
32150.0 2.33727e-05
32160.000000000004 2.26487e-05
32170.0 1.74105e-05
32180.0 1.21689e-05
32190.0 6.93126e-06
32200.000000000004 7.61713e-06
32210.0 8.30144e-06
32220.0 8.98716e-06
32230.0 5.96404e-06
32240.000000000004 2.94072e-06
32250.0 1.98407e-06
32260.0 1.02686e-06
32270.0 7.04916e-08
32280.000000000004 1.1791e-06
32290.0 2.28776e-06
32300.0 3.39523e-06
32310.0 1.70111e-06
32320.000000000004 0.0
32330.0 1.87806e-08
32340.0 3.05146e-08
32350.0 4.22586e-08
32360.000000000004 2.07777e-06
32370.0 4.11226e-06
32380.0 6.14623e-06
32390.0 3.07908e-06
32400.000000000004 1.40756e-08
32410.0 1.17313e-08
32420.0 9.38398e-09
32430.0 0.0
32440.000000000004 0.0
32450.0 0.0
32460.0 0.0
32470.0 0.0
32480.000000000004 0.0
32490.0 0.0
32500.0 0.0
32510.0 0.0
32519.999999999996 0.0
32530.0 0.0
32540.0 0.0
32550.0 0.0
32559.999999999996 0.0
32570.0 0.0
32580.0 0.0
32590.0 0.0
32599.999999999996 0.0
32610.0 0.0
32620.0 0.0
32630.0 0.0
32639.999999999996 0.0
32650.0 0.0
32660.0 0.0
32670.0 0.0
32679.999999999996 0.0
32690.0 0.0
32700.0 0.0
32710.0 0.0
32719.999999999996 0.0
32730.0 0.0
32740.0 0.0
32750.0 0.0
32759.999999999996 0.0
32770.0 0.0
32780.0 0.0
32790.0 0.0
32800.0 0.0
32810.0 0.0
32820.0 0.0
32830.0 0.0
32840.0 0.0
32850.0 0.0
32860.0 0.0
32870.0 0.0
32880.0 0.0
32890.0 0.0
32900.0 0.0
32910.0 0.0
32920.0 0.0
32930.0 0.0
32940.0 0.0
32950.0 0.0
32960.0 0.0
32970.0 0.0
32980.0 0.0
32990.0 0.0
33000.0 0.0
33010.0 0.0
33020.0 0.0
33030.0 0.0
33040.0 0.0
33050.0 0.0
33060.0 0.0
33070.0 0.0
33080.0 0.0
33090.0 0.0
33100.0 0.0
33110.0 0.0
33120.0 0.0
33130.0 0.0
33140.0 0.0
33150.0 0.0
33160.0 0.0
33170.0 0.0
33180.0 0.0
33190.0 0.0
33200.0 0.0
33210.0 0.0
33220.0 0.0
33230.0 0.0
33240.0 0.0
33250.0 0.0
33260.0 0.0
33270.0 0.0
33280.0 0.0
33290.0 0.0
33300.0 0.0
33310.0 0.0
33320.0 0.0
33330.0 0.0
33340.0 0.0
33350.0 0.0
33360.0 0.0
33370.0 0.0
33380.0 0.0
33390.0 0.0
33400.0 0.0
33410.0 0.0
33420.0 0.0
33430.0 0.0
33440.0 0.0
33450.0 0.0
33460.0 0.0
33470.0 0.0
33480.0 0.0
33490.0 0.0
33500.0 0.0
33510.0 0.0
33520.0 0.0
33530.0 0.0
33540.0 0.0
33550.0 0.0
33560.0 0.0
33570.0 0.0
33580.0 0.0
33590.0 0.0
33600.0 0.0
33610.0 0.0
33620.0 0.0
33630.0 0.0
33640.0 0.0
33650.0 0.0
33660.0 0.0
33670.0 0.0
33680.0 0.0
33690.0 0.0
33700.0 0.0
33710.0 0.0
33720.0 0.0
33730.0 0.0
33740.0 0.0
33750.0 0.0
33760.0 0.0
33770.0 0.0
33780.0 0.0
33790.0 0.0
33800.0 0.0
33810.0 0.0
33820.0 0.0
33830.0 0.0
33840.0 0.0
33850.0 0.0
33860.0 0.0
33870.0 0.0
33880.0 0.0
33890.0 0.0
33900.0 0.0
33910.0 0.0
33920.0 0.0
33930.0 0.0
33940.0 0.0
33950.0 0.0
33960.0 0.0
33970.0 0.0
33980.0 0.0
33990.0 0.0
34000.0 0.0
34010.0 0.0
34020.0 0.0
34030.0 0.0
34040.0 0.0
34050.0 0.0
34060.0 0.0
34070.0 0.0
34080.0 0.0
34090.0 0.0
34100.0 0.0
34110.0 0.0
34120.0 0.0
34130.0 0.0
34140.0 0.0
34150.0 0.0
34160.0 0.0
34170.0 0.0
34180.0 0.0
34190.0 0.0
34200.0 0.0
34210.0 0.0
34220.0 0.0
34230.0 0.0
34240.0 0.0
34250.0 0.0
34260.0 0.0
34270.0 0.0
34280.0 0.0
34290.0 0.0
34300.0 0.0
34310.0 0.0
34320.0 0.0
34330.0 0.0
34340.0 0.0
34350.0 0.0
34360.0 0.0
34370.0 0.0
34380.0 0.0
34390.0 0.0
34400.0 0.0
34410.0 0.0
34420.0 0.0
34430.0 0.0
34440.0 0.0
34450.0 0.0
34460.0 0.0
34470.0 0.0
34480.0 0.0
34490.0 0.0
34500.0 0.0
34510.0 0.0
34520.0 0.0
34530.0 0.0
34540.0 0.0
34550.0 0.0
34560.0 0.0
34570.0 0.0
34580.0 0.0
34590.0 0.0
34600.0 0.0
34610.0 0.0
34620.0 0.0
34630.0 0.0
34640.0 0.0
34650.0 0.0
34660.0 0.0
34670.0 0.0
34680.0 0.0
34690.0 0.0
34700.0 0.0
34710.0 0.0
34720.0 0.0
34730.0 0.0
34740.0 0.0
34750.0 0.0
34760.0 0.0
34770.0 0.0
34780.0 0.0
34790.0 0.0
34800.0 0.0
34810.0 0.0
34820.0 0.0
34830.0 0.0
34840.0 0.0
34850.0 0.0
34860.0 0.0
34870.0 0.0
34880.0 0.0
34890.0 0.0
34900.0 0.0
34910.0 0.0
34920.0 0.0
34930.0 0.0
34940.0 0.0
34950.0 0.0
34960.0 0.0
34970.0 0.0
34980.0 0.0
34990.0 0.0
35000.0 0.0
35010.0 0.0
35020.0 0.0
35030.0 0.0
35040.0 0.0
35050.0 0.0
35060.0 0.0
35070.0 0.0
35080.0 0.0
35090.0 0.0
35100.0 0.0
35110.0 0.0
35120.0 0.0
35130.0 0.0
35140.0 0.0
35150.0 0.0
35160.0 0.0
35170.0 0.0
35180.0 0.0
35190.0 0.0
35200.0 0.0
35210.0 0.0
35220.0 0.0
35230.0 0.0
35240.0 0.0
35250.0 0.0
35260.0 0.0
35270.0 0.0
35280.0 0.0
35290.0 0.0
35300.0 0.0
35310.0 0.0
35320.0 0.0
35330.0 0.0
35340.0 0.0
35350.0 0.0
35360.0 0.0
35370.0 0.0
35380.0 0.0
35390.0 0.0
35400.0 0.0
35410.0 0.0
35420.0 0.0
35430.0 0.0
35440.0 0.0
35450.0 0.0
35460.0 0.0
35470.0 0.0
35480.0 0.0
35490.0 0.0
35500.0 0.0
35510.0 0.0
35520.0 0.0
35530.0 0.0
35540.0 0.0
35550.0 0.0
35560.0 0.0
35570.0 0.0
35580.0 0.0
35590.0 0.0
35600.0 0.0
35610.0 0.0
35620.0 0.0
35630.0 0.0
35640.0 0.0
35650.0 0.0
35660.0 0.0
35670.0 0.0
35680.0 0.0
35690.0 0.0
35700.0 0.0
35710.0 0.0
35720.0 0.0
35730.0 0.0
35740.0 0.0
35750.0 0.0
35760.0 0.0
35770.0 0.0
35780.0 0.0
35790.0 0.0
35800.0 0.0
35810.0 0.0
35820.0 0.0
35830.0 0.0
35840.0 0.0
35850.0 0.0
35860.0 0.0
35870.0 0.0
35880.0 0.0
35890.0 0.0
35900.0 0.0
35910.0 0.0
35920.0 0.0
35930.0 0.0
35940.0 0.0
35950.0 0.0
35960.0 0.0
35970.0 0.0
35980.0 0.0
35990.0 0.0
36000.0 0.0
36010.0 0.0
36020.0 0.0
36030.0 0.0
36040.0 0.0
36050.0 0.0
36060.0 0.0
36070.0 0.0
36080.0 0.0
36090.0 0.0
36100.0 0.0
36110.0 0.0
36120.0 0.0
36130.0 0.0
36140.0 0.0
36150.0 0.0
36160.0 0.0
36170.0 0.0
36180.0 0.0
36190.0 0.0
36200.0 0.0
36210.0 0.0
36220.0 0.0
36230.0 0.0
36240.0 0.0
36250.0 0.0
36260.0 3.02285e-07
36270.0 5.98929e-07
36280.0 8.9387e-07
36290.0 3.65832e-06
36300.0 6.40911e-06
36310.0 5.81006e-06
36320.0 5.21579e-06
36330.0 4.62515e-06
36340.0 3.07445e-06
36350.0 1.53571e-06
36360.0 0.0
36370.0 0.0
36380.0 0.0
36390.0 0.0
36400.0 0.0
36410.0 0.0
36420.0 0.0
36430.0 0.0
36440.0 0.0
36450.0 0.0
36460.0 0.0
36470.0 0.0
36480.0 0.0
36490.0 0.0
36500.0 0.0
36510.0 0.0
36520.0 0.0
36530.0 0.0
36540.0 0.0
36550.0 0.0
36560.0 0.0
36570.0 0.0
36580.0 0.0
36590.0 0.0
36600.0 0.0
36610.0 1.3387e-08
36620.0 1.81777e-08
36630.0 1.11033e-07
36640.0 2.03079e-07
36650.0 2.94336e-07
36660.0 1.48359e-07
36670.0 0.0
36680.0 0.0
36690.0 0.0
36700.0 0.0
36710.0 0.0
36720.0 0.0
36730.0 0.0
36740.0 0.0
36750.0 0.0
36760.0 0.0
36770.0 0.0
36780.0 0.0
36790.0 0.0
36800.0 0.0
36810.0 0.0
36820.0 0.0
36830.0 0.0
36840.0 0.0
36850.0 0.0
36860.0 0.0
36870.0 0.0
36880.0 0.0
36890.0 0.0
36900.0 0.0
36910.0 0.0
36920.0 1.05864e-08
36930.0 1.79121e-08
36940.0 2.51651e-08
36950.0 1.56511e-07
36960.0 2.86609e-07
36970.0 4.15398e-07
36980.0 2.32901e-07
36990.0 5.21827e-08
37000.0 4.98773e-08
37010.0 4.76398e-08
37020.0 4.541e-08
37030.0 4.16008e-07
37040.0 7.83269e-07
37050.0 1.14705e-06
37060.0 1.74129e-06
37070.0 2.33007e-06
37080.0 2.68614e-06
37090.0 3.03837e-06
37100.0 3.38743e-06
37110.0 3.55544e-06
37120.0 3.7218e-06
37130.0 3.88577e-06
37140.0 3.62588e-06
37150.0 3.36785e-06
37160.0 3.24353e-06
37170.0 3.11961e-06
37180.0 2.99735e-06
37190.0 3.29306e-06
37200.0 3.58507e-06
37210.0 3.39713e-06
37220.0 3.21081e-06
37230.0 3.02544e-06
37240.0 2.27177e-06
37250.0 1.52518e-06
37260.0 7.85495e-07
37270.0 5.11991e-07
37280.0 2.41344e-07
37290.0 3.73612e-07
37300.0 5.04437e-07
37310.0 6.33967e-07
37320.0 1.19078e-06
37330.0 1.74155e-06
37340.0 2.28698e-06
37350.0 3.07791e-06
37360.0 3.86015e-06
37370.0 5.18984e-06
37380.0 6.50513e-06
37390.0 7.80591e-06
37400.0 8.76608e-06
37410.0 9.7159e-06
37420.0 1.06555e-05
37430.0 1.08348e-05
37440.0 1.10149e-05
37450.0 1.07937e-05
37460.0 1.05721e-05
37470.0 1.03545e-05
37480.0 1.03891e-05
37490.0 1.04196e-05
37500.0 1.04522e-05
37510.0 1.07043e-05
37520.0 1.09387e-05
37530.0 1.08817e-05
37540.0 1.08207e-05
37550.0 1.07524e-05
37560.0 1.03259e-05
37570.0 9.90816e-06
37580.0 9.49704e-06
37590.0 7.96466e-06
37600.0 6.48741e-06
37610.0 6.30658e-06
37620.0 6.12633e-06
37630.0 5.94859e-06
37640.0 6.39829e-06
37650.0 6.8431e-06
37660.0 7.28549e-06
37670.0 6.893e-06
37680.0 6.50334e-06
37690.0 6.18366e-06
37700.0 5.86836e-06
37710.0 5.55527e-06
37720.0 5.21054e-06
37730.0 4.86694e-06
37740.0 4.52748e-06
37750.0 5.04561e-06
37760.0 5.55935e-06
37770.0 5.68215e-06
37780.0 5.80555e-06
37790.0 5.92775e-06
37800.0 5.98383e-06
37810.0 6.05668e-06
37820.0 6.1306e-06
37830.0 6.58091e-06
37840.0 7.0303e-06
37850.0 6.36993e-06
37860.0 5.7106e-06
37870.0 5.05388e-06
37880.0 4.26172e-06
37890.0 3.47133e-06
37900.0 3.54892e-06
37910.0 3.62608e-06
37920.0 3.70269e-06
37930.0 3.77287e-06
37940.0 3.84332e-06
37950.0 3.91364e-06
37960.0 3.46583e-06
37970.0 3.0189e-06
37980.0 3.08801e-06
37990.0 3.15697e-06
38000.0 3.22578e-06
38010.0 3.14974e-06
38020.0 3.07423e-06
38030.0 2.99884e-06
38040.0 1.89317e-06
38050.0 7.89449e-07
38060.0 8.12872e-07
38070.0 8.36247e-07
38080.0 8.59574e-07
38090.0 1.57129e-06
38100.0 2.28133e-06
38110.0 2.99015e-06
38120.0 4.04812e-06
38130.0 5.10388e-06
38140.0 5.24553e-06
38150.0 5.38691e-06
38160.0 5.52795e-06
38170.0 4.89555e-06
38180.0 4.26433e-06
38190.0 3.63533e-06
38200.0 2.54714e-06
38210.0 1.46048e-06
38220.0 1.23351e-06
38230.0 1.00702e-06
38240.0 7.80995e-07
38250.0 1.31544e-06
38260.0 1.84862e-06
38270.0 2.38117e-06
38280.0 3.6409e-06
38290.0 4.89766e-06
38300.0 4.9334e-06
38310.0 4.96904e-06
38320.0 5.00459e-06
38330.0 4.77109e-06
38340.0 4.53648e-06
38350.0 4.30293e-06
38360.0 4.38683e-06
38370.0 4.47054e-06
38380.0 4.98917e-06
38390.0 5.50564e-06
38400.0 6.021e-06
38410.0 6.14222e-06
38420.0 6.26251e-06
38430.0 6.38386e-06
38440.0 5.86139e-06
38450.0 5.34017e-06
38460.0 5.47611e-06
38470.0 5.61173e-06
38480.0 5.74824e-06
38490.0 6.21892e-06
38500.0 6.68857e-06
38510.0 7.15725e-06
38520.0 7.61818e-06
38530.0 8.07664e-06
38540.0 8.01775e-06
38550.0 7.95898e-06
38560.0 7.90031e-06
38570.0 7.6687e-06
38580.0 7.43524e-06
38590.0 7.43599e-06
38600.0 7.43673e-06
38610.0 7.43904e-06
38620.0 7.3562e-06
38630.0 7.27353e-06
38640.0 7.19099e-06
38650.0 6.65435e-06
38660.0 6.11741e-06
38670.0 5.8866e-06
38680.0 5.65635e-06
38690.0 5.42769e-06
38700.0 5.27907e-06
38710.0 5.12995e-06
38720.0 4.98118e-06
38730.0 5.26906e-06
38740.0 5.55532e-06
38750.0 5.8469e-06
38760.0 6.13778e-06
38770.0 6.42937e-06
38780.0 6.61428e-06
38790.0 6.7995e-06
38800.0 6.98359e-06
38810.0 7.1561e-06
38820.0 7.32696e-06
38830.0 7.09638e-06
38840.0 6.86673e-06
38850.0 6.63804e-06
38860.0 5.95588e-06
38870.0 5.27441e-06
38880.0 4.59395e-06
38890.0 3.89831e-06
38900.0 3.20278e-06
38910.0 3.29105e-06
38920.0 3.37921e-06
38930.0 3.46726e-06
38940.0 3.87887e-06
38950.0 4.28915e-06
38960.0 4.69893e-06
38970.0 5.16653e-06
38980.0 5.63459e-06
38990.0 5.93862e-06
39000.0 6.24117e-06
39010.0 6.54301e-06
39020.0 6.44799e-06
39030.0 6.35309e-06
39040.0 6.25831e-06
39050.0 6.21897e-06
39060.0 6.17772e-06
39070.0 6.34498e-06
39080.0 6.51197e-06
39090.0 6.67874e-06
39100.0 6.77114e-06
39110.0 6.86446e-06
39120.0 6.95834e-06
39130.0 6.41869e-06
39140.0 5.87981e-06
39150.0 5.21801e-06
39160.0 4.55701e-06
39170.0 3.89709e-06
39180.0 3.50498e-06
39190.0 3.11296e-06
39200.0 2.72187e-06
39210.0 2.89487e-06
39220.0 3.06798e-06
39230.0 3.31263e-06
39240.0 3.55692e-06
39250.0 3.80089e-06
39260.0 3.7869e-06
39270.0 3.77252e-06
39280.0 3.16682e-06
39290.0 2.56241e-06
39300.0 1.95798e-06
39310.0 1.80777e-06
39320.0 1.65752e-06
39330.0 1.50741e-06
39340.0 1.78331e-06
39350.0 2.05911e-06
39360.0 2.14106e-06
39370.0 2.22287e-06
39380.0 2.30461e-06
39390.0 2.29866e-06
39400.0 2.29223e-06
39410.0 2.28552e-06
39420.0 2.65104e-06
39430.0 3.01593e-06
39440.0 3.21813e-06
39450.0 3.42009e-06
39460.0 3.62223e-06
39470.0 3.71579e-06
39480.0 3.80922e-06
39490.0 3.90376e-06
39500.0 4.55583e-06
39510.0 5.20682e-06
39520.0 5.1032e-06
39530.0 5.00024e-06
39540.0 4.89687e-06
39550.0 3.98986e-06
39560.0 3.08415e-06
39570.0 2.17939e-06
39580.0 1.661e-06
39590.0 1.14329e-06
39600.0 1.26532e-06
39610.0 1.3877e-06
39620.0 1.50988e-06
39630.0 1.99349e-06
39640.0 2.47651e-06
39650.0 2.95938e-06
39660.0 2.96497e-06
39670.0 2.97057e-06
39680.0 3.0142e-06
39690.0 3.05784e-06
39700.0 3.10109e-06
39710.0 3.71432e-06
39720.0 4.32749e-06
39730.0 4.93986e-06
39740.0 5.8105e-06
39750.0 6.67883e-06
39760.0 6.78025e-06
39770.0 6.88231e-06
39780.0 6.98353e-06
39790.0 6.9706e-06
39800.0 6.95845e-06
39810.0 6.94524e-06
39820.0 6.94341e-06
39830.0 6.94236e-06
39840.0 6.75379e-06
39850.0 6.5654e-06
39860.0 6.37786e-06
39870.0 5.74511e-06
39880.0 5.11168e-06
39890.0 4.9693e-06
39900.0 4.82653e-06
39910.0 4.68402e-06
39920.0 4.48382e-06
39930.0 4.28335e-06
39940.0 4.0835e-06
39950.0 4.36275e-06
39960.0 4.64182e-06
39970.0 5.16446e-06
39980.0 5.68612e-06
39990.0 6.2074e-06
40000.0 6.67954e-06
40010.0 7.15188e-06
40020.0 7.62239e-06
40030.0 7.59724e-06
40039.99999999999 7.57125e-06
40050.0 7.06891e-06
40060.0 6.56619e-06
40070.0 6.06397e-06
40080.0 5.25412e-06
40090.0 4.44439e-06
40100.0 3.63506e-06
40110.0 3.37283e-06
40119.99999999999 3.11046e-06
40130.0 3.56886e-06
40140.0 4.02726e-06
40150.0 4.48482e-06
40160.0 5.12815e-06
40170.0 5.77067e-06
40180.0 6.41356e-06
40190.0 7.18121e-06
40199.99999999999 7.9474e-06
40210.0 8.04135e-06
40220.0 8.13613e-06
40230.0 8.22992e-06
40240.0 7.81638e-06
40250.0 7.40425e-06
40260.0 6.99167e-06
40270.0 6.19659e-06
40279.99999999999 5.40151e-06
40290.0 5.57093e-06
40300.0 5.74088e-06
40310.0 5.91011e-06
40320.0 6.13496e-06
40330.0 6.36031e-06
40340.0 6.58477e-06
40350.0 6.59538e-06
40359.99999999999 6.6074e-06
40370.0 6.59017e-06
40380.0 6.57297e-06
40390.0 6.5565e-06
40400.0 6.70503e-06
40410.00000000001 6.85323e-06
40420.0 7.00207e-06
40430.0 7.09552e-06
40439.99999999999 7.18884e-06
40450.0 6.72892e-06
40460.0 6.26865e-06
40470.0 5.80882e-06
40480.0 5.26455e-06
40490.00000000001 4.72017e-06
40500.0 4.17605e-06
40510.0 3.96257e-06
40519.99999999999 3.74883e-06
40530.0 3.78565e-06
40540.0 3.82286e-06
40550.0 3.86039e-06
40560.0 4.04363e-06
40570.00000000001 4.22706e-06
40580.0 4.5773e-06
40590.0 4.92719e-06
40599.99999999999 5.27674e-06
40610.0 6.22402e-06
40620.0 7.16978e-06
40630.0 8.11504e-06
40640.0 8.70345e-06
40650.00000000001 9.29037e-06
40660.0 9.47456e-06
40670.0 9.65855e-06
40679.99999999999 9.84238e-06
40690.0 9.84553e-06
40700.0 9.8486e-06
40710.0 9.85121e-06
40720.0 9.34113e-06
40730.00000000001 8.83184e-06
40740.0 8.13182e-06
40750.0 7.43383e-06
40759.99999999999 6.73579e-06
40770.0 6.6368e-06
40780.0 6.53797e-06
40790.0 6.44001e-06
40800.0 6.39216e-06
40810.00000000001 6.34438e-06
40820.0 6.29396e-06
40830.0 6.2443e-06
40839.99999999999 6.19403e-06
40850.0 6.32134e-06
40860.0 6.44716e-06
40870.0 6.57349e-06
40880.0 7.1024e-06
40890.00000000001 7.63063e-06
40900.0 7.75681e-06
40910.0 7.88274e-06
40920.0 8.00933e-06
40930.0 7.7534e-06
40940.0 7.49791e-06
40950.0 7.24285e-06
40960.0 7.16037e-06
40970.00000000001 7.07737e-06
40980.0 7.07356e-06
40990.0 7.06976e-06
41000.0 7.06523e-06
41010.0 6.94005e-06
41020.0 6.815e-06
41030.0 6.69099e-06
41040.0 6.24456e-06
41050.00000000001 5.79755e-06
41060.0 5.71068e-06
41070.0 5.62397e-06
41080.0 5.53739e-06
41090.0 5.88232e-06
41100.0 6.22717e-06
41110.0 6.572e-06
41120.0 7.2165e-06
41130.00000000001 7.85982e-06
41140.0 8.1659e-06
41150.0 8.47139e-06
41160.0 8.77655e-06
41170.0 8.79385e-06
41180.0 8.80937e-06
41190.0 8.82489e-06
41200.0 8.37696e-06
41210.00000000001 7.92895e-06
41220.0 7.30526e-06
41230.0 6.68432e-06
41240.0 6.06302e-06
41250.0 5.53646e-06
41260.0 5.01085e-06
41270.0 4.87715e-06
41280.0 4.74464e-06
41289.99999999999 4.61131e-06
41300.0 4.60572e-06
41310.0 4.60015e-06
41320.0 4.59455e-06
41330.0 4.59181e-06
41340.0 4.59e-06
41350.0 4.71184e-06
41360.0 4.83341e-06
41369.99999999999 4.95473e-06
41380.0 5.09702e-06
41390.0 5.24011e-06
41400.0 5.3819e-06
41410.0 5.7774e-06
41420.0 6.17234e-06
41430.0 6.41585e-06
41440.0 6.65888e-06
41449.99999999999 6.90287e-06
41460.0 6.75209e-06
41470.0 6.60159e-06
41480.0 6.45135e-06
41490.0 6.07134e-06
41500.0 5.69336e-06
41510.0 5.98084e-06
41520.0 6.26779e-06
41529.99999999999 6.55421e-06
41540.0 6.94536e-06
41550.0 7.33597e-06
41560.0 7.72724e-06
41570.0 8.05135e-06
41580.0 8.37392e-06
41590.0 8.29521e-06
41600.0 8.21662e-06
41609.99999999999 8.13802e-06
41620.0 7.64733e-06
41630.0 7.15612e-06
41640.0 6.66581e-06
41650.0 6.30472e-06
41660.00000000001 5.9443e-06
41670.0 5.96652e-06
41680.0 5.9906e-06
41689.99999999999 6.01339e-06
41700.0 6.21951e-06
41710.0 6.42529e-06
41720.0 6.63067e-06
41730.0 6.78733e-06
41740.00000000001 6.94289e-06
41750.0 6.97244e-06
41760.0 7.00051e-06
41769.99999999999 7.02852e-06
41780.0 6.96702e-06
41790.0 6.90564e-06
41800.0 6.84358e-06
41810.0 6.88742e-06
41820.00000000001 6.93255e-06
41830.0 7.10049e-06
41840.0 7.26809e-06
41849.99999999999 7.43451e-06
41860.0 7.42437e-06
41870.0 7.41422e-06
41880.0 7.40408e-06
41890.0 6.68468e-06
41900.00000000001 5.96744e-06
41910.0 5.416e-06
41920.0 4.8656e-06
41929.99999999999 4.31745e-06
41940.0 3.68114e-06
41950.0 3.04763e-06
41960.0 2.79966e-06
41970.0 2.55271e-06
41980.00000000001 2.30651e-06
41990.0 2.4998e-06
42000.0 2.69225e-06
42009.99999999999 2.88361e-06
42020.0 3.36187e-06
42030.0 3.83805e-06
42040.0 4.23942e-06
42050.0 4.63848e-06
42060.00000000001 5.03629e-06
42070.0 5.40371e-06
42080.0 5.76902e-06
42089.99999999999 6.13314e-06
42100.0 6.21275e-06
42110.0 6.29139e-06
42120.0 6.01077e-06
42130.0 5.73131e-06
42140.00000000001 5.45285e-06
42150.0 5.52508e-06
42160.0 5.59756e-06
42170.0 5.6691e-06
42180.0 6.27268e-06
42190.0 6.8742e-06
42200.0 7.50765e-06
42210.0 8.13769e-06
42220.00000000001 8.76547e-06
42230.0 8.78995e-06
42240.0 8.81525e-06
42250.0 8.84037e-06
42260.0 8.40978e-06
42270.0 7.98182e-06
42280.0 7.72866e-06
42290.0 7.4757e-06
42300.00000000001 7.22466e-06
42310.0 7.12633e-06
42320.0 7.02758e-06
42330.0 6.93e-06
42340.0 6.79369e-06
42350.0 6.65877e-06
42360.0 6.20554e-06
42370.0 5.75499e-06
42380.00000000001 5.30714e-06
42390.0 5.04518e-06
42400.0 4.78497e-06
42410.0 4.52571e-06
42420.0 4.5207e-06
42430.0 4.51616e-06
42440.0 4.87638e-06
42450.0 5.23537e-06
42460.00000000001 5.59262e-06
42470.0 5.85352e-06
42480.0 6.11364e-06
42490.0 6.37175e-06
42500.0 6.61834e-06
42510.0 6.8642e-06
42520.0 6.83844e-06
42530.0 6.8135e-06
42539.99999999999 6.78783e-06
42550.0 6.50035e-06
42560.0 6.21347e-06
42570.0 5.92864e-06
42580.0 5.67377e-06
42590.0 5.41945e-06
42600.0 5.44836e-06
42610.0 5.47669e-06
42619.99999999999 5.50432e-06
42630.0 5.49616e-06
42640.0 5.4886e-06
42650.0 5.21332e-06
42660.0 4.93992e-06
42670.0 4.66766e-06
42680.0 4.33924e-06
42690.0 4.0129e-06
42699.99999999999 3.68768e-06
42710.0 3.74948e-06
42720.0 3.80938e-06
42730.0 4.07255e-06
42740.0 4.33107e-06
42750.0 4.58323e-06
42760.0 5.00683e-06
42770.0 5.42211e-06
42779.99999999999 5.83028e-06
42790.0 6.07313e-06
42800.0 6.31175e-06
42810.0 6.26816e-06
42820.0 6.22509e-06
42830.0 6.18182e-06
42840.0 6.0568e-06
42850.0 5.93374e-06
42859.99999999999 5.81126e-06
42870.0 5.66405e-06
42880.0 5.51635e-06
42890.0 5.57794e-06
42900.0 5.63742e-06
42910.00000000001 5.69435e-06
42920.0 5.80392e-06
42930.0 5.90975e-06
42939.99999999999 6.01306e-06
42950.0 6.06029e-06
42960.0 6.10612e-06
42970.0 5.9013e-06
42980.0 5.69871e-06
42990.00000000001 5.4997e-06
43000.0 4.99539e-06
43010.0 4.40708e-06
43019.99999999999 3.84612e-06
43030.0 3.31222e-06
43040.0 2.80618e-06
43050.0 2.63521e-06
43060.0 2.46973e-06
43070.00000000001 2.30931e-06
43080.0 2.40949e-06
43090.0 2.49387e-06
43099.99999999999 2.56213e-06
43110.0 2.62067e-06
43120.0 2.65853e-06
43130.0 2.48493e-06
43140.0 2.31413e-06
43150.00000000001 2.1458e-06
43160.0 1.93365e-06
43170.0 1.7309e-06
43179.99999999999 1.53798e-06
43190.0 1.38797e-06
43200.0 1.24106e-06
43210.0 1.21294e-06
43220.0 1.18475e-06
43230.00000000001 1.15639e-06
43240.0 1.13711e-06
43250.0 1.11731e-06
43259.99999999999 1.09684e-06
43270.0 1.10834e-06
43280.0 1.11737e-06
43290.0 1.16915e-06
43300.0 1.21587e-06
43310.00000000001 1.25734e-06
43320.0 1.197e-06
43330.0 1.13797e-06
43339.99999999999 1.04593e-06
43350.0 9.57766e-07
43360.0 8.73362e-07
43370.0 7.90033e-07
43380.0 7.10514e-07
43390.00000000001 6.35096e-07
43400.0 6.73999e-07
43410.0 7.06783e-07
43420.0 6.86052e-07
43430.0 6.64109e-07
43440.0 6.40951e-07
43450.0 5.98457e-07
43460.0 5.56886e-07
43470.00000000001 5.16203e-07
43480.0 4.58089e-07
43490.0 4.03346e-07
43500.0 4.18116e-07
43510.0 4.62829e-07
43520.0 5.07512e-07
43530.0 5.54015e-07
43540.0 6.00523e-07
43550.00000000001 6.46979e-07
43560.0 6.92103e-07
43570.0 7.37091e-07
43580.0 7.14738e-07
43590.0 6.92399e-07
43600.0 6.70094e-07
43610.0 6.41273e-07
43620.0 6.12486e-07
43630.00000000001 5.83663e-07
43640.0 5.85934e-07
43650.0 5.88086e-07
43660.0 6.26227e-07
43670.0 6.64304e-07
43680.0 7.02338e-07
43690.0 7.33302e-07
43700.0 7.6439e-07
43710.00000000001 7.95759e-07
43720.0 7.99538e-07
43730.0 8.03313e-07
43740.0 7.98429e-07
43750.0 7.93544e-07
43760.0 7.8866e-07
43770.0 7.98672e-07
43780.0 8.0868e-07
43789.99999999999 8.18692e-07
43800.0 8.39463e-07
43810.0 8.60336e-07
43820.0 8.6325e-07
43830.0 8.66162e-07
43840.0 8.69251e-07
43850.0 8.60135e-07
43860.0 8.51019e-07
43869.99999999999 8.41914e-07
43880.0 8.18042e-07
43890.0 7.94173e-07
43900.0 8.02425e-07
43910.0 8.10673e-07
43920.0 8.18923e-07
43930.0 8.36049e-07
43940.0 8.53182e-07
43949.99999999999 8.70404e-07
43960.0 8.93029e-07
43970.0 9.1565e-07
43980.0 8.94249e-07
43990.0 8.72923e-07
44000.0 8.51525e-07
44010.0 8.33621e-07
44020.0 8.15722e-07
44029.99999999999 8.16215e-07
44040.0 8.16542e-07
44050.0 8.16964e-07
44060.0 8.25868e-07
44070.0 8.34769e-07
44080.0 8.43667e-07
44090.0 8.23754e-07
44100.0 8.03759e-07
44109.99999999999 7.79582e-07
44120.0 7.55455e-07
44130.0 7.31186e-07
44140.0 7.03731e-07
44150.0 6.76279e-07
44160.00000000001 6.48908e-07
44170.0 6.35983e-07
44180.0 6.22986e-07
44189.99999999999 6.20544e-07
44200.0 6.18175e-07
44210.0 6.1586e-07
44220.0 6.17598e-07
44230.0 6.19334e-07
44240.00000000001 6.21144e-07
44250.0 6.21156e-07
44260.0 6.21107e-07
44269.99999999999 6.0981e-07
44280.0 5.98442e-07
44290.0 5.87196e-07
44300.0 5.69389e-07
44310.0 5.51485e-07
44320.00000000001 5.33646e-07
44330.0 5.09207e-07
44340.0 4.84712e-07
44349.99999999999 5.00174e-07
44360.0 5.15576e-07
44370.0 5.30974e-07
44380.0 5.55722e-07
44390.0 5.80566e-07
44400.00000000001 6.05306e-07
44410.0 6.26264e-07
44420.0 6.47217e-07
44429.99999999999 6.37572e-07
44440.0 6.27851e-07
44450.0 6.18263e-07
44460.0 6.02308e-07
44470.0 5.86426e-07
44480.00000000001 5.70475e-07
44490.0 5.4244e-07
44500.0 5.14449e-07
44509.99999999999 4.82852e-07
44520.0 4.51265e-07
44530.0 4.19685e-07
44540.0 3.9936e-07
44550.0 3.78992e-07
44560.00000000001 3.5867e-07
44570.0 3.42197e-07
44580.0 3.25759e-07
44589.99999999999 3.35628e-07
44600.0 3.45571e-07
44610.0 3.55491e-07
44620.0 3.73191e-07
44630.0 3.90932e-07
44640.00000000001 4.08635e-07
44650.0 4.38581e-07
44660.0 4.68529e-07
44670.0 4.74332e-07
44680.0 4.80239e-07
44690.0 4.86098e-07
44700.0 4.71397e-07
44710.0 4.56733e-07
44720.00000000001 4.51213e-07
44730.0 4.45693e-07
44740.0 4.40122e-07
44750.0 4.52826e-07
44760.0 4.6553e-07
44770.0 4.78288e-07
44780.0 5.18165e-07
44790.0 5.58096e-07
44800.00000000001 5.71651e-07
44810.0 5.85222e-07
44820.0 5.98722e-07
44830.0 5.84932e-07
44840.0 5.71135e-07
44850.0 5.57343e-07
44860.0 5.44675e-07
44870.0 5.31942e-07
44880.00000000001 5.36236e-07
44890.0 5.40637e-07
44900.0 5.45037e-07
44910.0 5.63655e-07
44920.0 5.82211e-07
44930.0 6.00767e-07
44940.0 5.64029e-07
44950.0 5.27361e-07
44960.00000000001 5.06136e-07
44970.0 4.8501e-07
44980.0 4.63893e-07
44990.0 4.47902e-07
45000.0 4.3191e-07
45010.0 4.15839e-07
45020.0 4.38933e-07
45030.0 4.62027e-07
45039.99999999999 4.78652e-07
45050.0 4.95365e-07
45060.0 5.12024e-07
45070.0 5.27973e-07
45080.0 5.44026e-07
45090.0 5.6008e-07
45100.0 5.62404e-07
45110.0 5.64856e-07
45119.99999999999 5.57973e-07
45130.0 5.50977e-07
45140.0 5.44093e-07
45150.0 5.32249e-07
45160.0 5.20516e-07
45170.0 5.08722e-07
45180.0 4.86647e-07
45190.0 4.64673e-07
45199.99999999999 4.55391e-07
45210.0 4.46193e-07
45220.0 4.36906e-07
45230.0 4.32967e-07
45240.0 4.28975e-07
45250.0 4.24897e-07
45260.0 4.36864e-07
45270.0 4.48784e-07
45279.99999999999 4.54983e-07
45290.0 4.61089e-07
45300.0 4.67346e-07
45310.0 4.77418e-07
45320.0 4.87584e-07
45330.0 4.97599e-07
45340.0 5.43192e-07
45350.0 5.88668e-07
45359.99999999999 6.10122e-07
45370.0 6.3139e-07
45380.0 6.52772e-07
45390.0 6.68096e-07
45400.0 6.8362e-07
45410.00000000001 6.69441e-07
45420.0 6.55321e-07
45430.0 6.41063e-07
45439.99999999999 6.37968e-07
45450.0 6.34752e-07
45460.0 6.31657e-07
45470.0 6.29992e-07
45480.0 6.28456e-07
45490.00000000001 6.2074e-07
45500.0 6.13072e-07
45510.0 6.05232e-07
45519.99999999999 5.98849e-07
45530.0 5.92273e-07
45540.0 5.85819e-07
45550.0 5.78617e-07
45560.0 5.71463e-07
45570.00000000001 5.70878e-07
45580.0 5.70351e-07
45590.0 5.70006e-07
45599.99999999999 5.8126e-07
45610.0 5.92615e-07
45620.0 6.03916e-07
45630.0 6.27938e-07
45640.0 6.51952e-07
45650.00000000001 6.61965e-07
45660.0 6.71841e-07
45670.0 6.81931e-07
45679.99999999999 6.63196e-07
45690.0 6.44533e-07
45700.0 6.25874e-07
45710.0 5.86142e-07
45720.0 5.46471e-07
45730.00000000001 5.35177e-07
45740.0 5.23994e-07
45750.0 5.12713e-07
45759.99999999999 5.18141e-07
45770.0 5.23461e-07
45780.0 5.28948e-07
45790.0 5.50819e-07
45800.0 5.72866e-07
45810.00000000001 5.78517e-07
45820.0 5.84293e-07
45830.0 5.90065e-07
45839.99999999999 5.84269e-07
45850.0 5.78662e-07
45860.0 5.72869e-07
45870.0 5.53482e-07
45880.0 5.34029e-07
45890.00000000001 5.2511e-07
45900.0 5.16296e-07
45910.0 5.07371e-07
45920.0 5.0609e-07
45930.0 5.0475e-07
45940.0 5.03366e-07
45950.0 5.11224e-07
45960.0 5.19145e-07
45970.00000000001 5.20812e-07
45980.0 5.22699e-07
45990.0 5.24524e-07
46000.0 5.26792e-07
46010.0 5.28891e-07
46020.0 5.3116e-07
46030.0 5.3525e-07
46040.0 5.39341e-07
46050.00000000001 5.4909e-07
46060.0 5.58778e-07
46070.0 5.68414e-07
46080.0 5.73567e-07
46090.0 5.78788e-07
46100.0 5.69937e-07
46110.0 5.61157e-07
46120.0 5.52309e-07
46130.00000000001 5.28999e-07
46140.0 5.05623e-07
46150.0 4.82206e-07
46160.0 4.59962e-07
46170.0 4.37777e-07
46180.0 4.45722e-07
46190.0 4.53719e-07
46200.0 4.61665e-07
46210.00000000001 4.67854e-07
46220.0 4.73992e-07
46230.0 4.80135e-07
46240.0 4.85411e-07
46250.0 4.90744e-07
46260.0 4.84889e-07
46270.0 4.7909e-07
46280.0 4.73236e-07
46289.99999999999 4.74565e-07
46300.0 4.75888e-07
46310.0 4.7722e-07
46320.0 4.85614e-07
46330.0 4.94065e-07
46340.0 4.97336e-07
46350.0 5.00666e-07
46360.0 5.03937e-07
46369.99999999999 5.05599e-07
46380.0 5.07202e-07
46390.0 5.08806e-07
46400.0 5.08652e-07
46410.0 5.08426e-07
46420.0 4.99332e-07
46430.0 4.90184e-07
46440.0 4.81093e-07
46449.99999999999 4.78612e-07
46460.0 4.76188e-07
46470.0 4.73707e-07
46480.0 4.88582e-07
46490.0 5.03407e-07
46500.0 5.26788e-07
46510.0 5.50121e-07
46520.0 5.7352e-07
46529.99999999999 5.995e-07
46540.0 6.2568e-07
46550.0 6.51679e-07
46560.0 6.70286e-07
46570.0 6.88971e-07
46580.0 6.74024e-07
46590.0 6.59154e-07
46600.0 6.44206e-07
46609.99999999999 6.17839e-07
46620.0 5.91386e-07
46630.0 5.65013e-07
46640.0 5.40047e-07
46650.0 5.15239e-07
46660.00000000001 5.16726e-07
46670.0 5.18154e-07
46680.0 5.19643e-07
46689.99999999999 5.51055e-07
46700.0 5.82532e-07
46710.0 5.69062e-07
46720.0 5.55593e-07
46730.0 5.42187e-07
46740.00000000001 5.27649e-07
46750.0 5.13055e-07
46760.0 4.98407e-07
46769.99999999999 4.81895e-07
46780.0 4.65437e-07
46790.0 4.69726e-07
46800.0 4.7407e-07
46810.0 4.78341e-07
46820.00000000001 4.88757e-07
46830.0 4.99134e-07
46840.0 5.09503e-07
46849.99999999999 5.24974e-07
46860.0 5.40383e-07
46870.0 5.55486e-07
46880.0 5.70662e-07
46890.0 5.85882e-07
46900.00000000001 6.06272e-07
46910.0 6.26753e-07
46920.0 6.47163e-07
46929.99999999999 6.53182e-07
46940.0 6.59278e-07
46950.0 6.63011e-07
46960.0 6.66743e-07
46970.0 6.70688e-07
46980.00000000001 6.76117e-07
46990.0 6.81548e-07
47000.0 6.87057e-07
47009.99999999999 6.89117e-07
47020.0 6.91176e-07
47030.0 6.89787e-07
47040.0 6.88405e-07
47050.0 6.86945e-07
47060.00000000001 6.76885e-07
47070.0 6.67041e-07
47080.0 6.56976e-07
47089.99999999999 6.44119e-07
47100.0 6.31265e-07
47110.0 6.24143e-07
47120.0 6.16947e-07
47130.0 6.09751e-07
47140.00000000001 6.04006e-07
47150.0 5.98333e-07
47160.0 5.9271e-07
47170.0 5.92116e-07
47180.0 5.91522e-07
47190.0 6.0431e-07
47200.0 6.17027e-07
47210.0 6.29733e-07
47220.00000000001 6.49884e-07
47230.0 6.70032e-07
47240.0 6.90328e-07
47250.0 7.28073e-07
47260.0 7.65674e-07
47270.0 7.76451e-07
47280.0 7.87221e-07
47290.0 7.97989e-07
47300.00000000001 7.97483e-07
47310.0 7.96906e-07
47320.0 7.96328e-07
47330.0 7.72268e-07
47340.0 7.48349e-07
47350.0 7.36268e-07
47360.0 7.24187e-07
47370.0 7.12187e-07
47380.00000000001 6.98105e-07
47390.0 6.84025e-07
47400.0 6.81697e-07
47410.0 6.79373e-07
47420.0 6.77186e-07
47430.0 6.72875e-07
47440.0 6.68496e-07
47450.0 6.64117e-07
47460.00000000001 6.55015e-07
47470.0 6.45907e-07
47480.0 6.46952e-07
47490.0 6.48073e-07
47500.0 6.49117e-07
47510.0 6.51829e-07
47520.0 6.54407e-07
47530.0 6.56985e-07
47539.99999999999 6.63702e-07
47550.0 6.70414e-07
47560.0 6.7795e-07
47570.0 6.85484e-07
47580.0 6.93017e-07
47590.0 7.02822e-07
47600.0 7.12631e-07
47610.0 7.22566e-07
47619.99999999999 7.23756e-07
47630.0 7.24945e-07
47640.0 7.22345e-07
47650.0 7.19588e-07
47660.0 7.16914e-07
47670.0 7.07612e-07
47680.0 6.98314e-07
47690.0 6.89017e-07
47699.99999999999 6.80062e-07
47710.0 6.7126e-07
47720.0 6.66934e-07
47730.0 6.6261e-07
47740.0 6.58283e-07
47750.0 6.48235e-07
47760.0 6.38114e-07
47770.0 6.28069e-07
47779.99999999999 6.23936e-07
47790.0 6.19804e-07
47800.0 6.30291e-07
47810.0 6.40764e-07
47820.0 6.51234e-07
47830.0 6.69892e-07
47840.0 6.88762e-07
47850.0 7.07495e-07
47859.99999999999 7.43072e-07
47870.0 7.78661e-07
47880.0 7.79071e-07
47890.0 7.79571e-07
47900.0 7.80071e-07
47910.00000000001 7.74065e-07
47920.0 7.67971e-07
47930.0 7.61963e-07
47939.99999999999 7.36489e-07
47950.0 7.11091e-07
47960.0 6.84637e-07
47970.0 6.5827e-07
47980.0 6.31904e-07
47990.00000000001 6.04618e-07
48000.0 5.77254e-07
48010.0 5.49966e-07
48019.99999999999 5.52873e-07
48030.0 5.55716e-07
48040.0 5.66897e-07
48050.0 5.78077e-07
48060.0 5.89191e-07
48070.00000000001 6.38299e-07
48080.0 6.874e-07
48090.0 7.1552e-07
48099.99999999999 7.43716e-07
48110.0 7.71916e-07
48120.0 7.97666e-07
48130.0 8.23593e-07
48140.0 8.49407e-07
48150.00000000001 8.56382e-07
48160.0 8.6318e-07
48170.0 8.59253e-07
48179.99999999999 8.55427e-07
48190.0 8.51501e-07
48200.0 8.29325e-07
48210.0 8.07171e-07
48220.0 7.8493e-07
48230.00000000001 7.73845e-07
48240.0 7.62673e-07
48250.0 7.64423e-07
48259.99999999999 7.66083e-07
48270.0 7.67833e-07
48280.0 7.66768e-07
48290.0 7.65637e-07
48300.0 7.64573e-07
48310.00000000001 7.54025e-07
48320.0 7.43391e-07
48330.0 7.16526e-07
48339.99999999999 6.89596e-07
48350.0 6.62753e-07
48360.0 6.42772e-07
48370.0 6.22798e-07
48380.0 6.02902e-07
48390.00000000001 5.80887e-07
48400.0 5.59077e-07
48410.0 5.47649e-07
48420.0 5.36226e-07
48430.0 5.24868e-07
48440.0 5.16714e-07
48450.0 5.08621e-07
48460.0 5.00468e-07
48470.00000000001 5.16111e-07
48480.0 5.31808e-07
48490.0 5.41886e-07
48500.0 5.52123e-07
48510.0 5.62445e-07
48520.0 5.72106e-07
48530.0 5.81758e-07
48540.0 5.91475e-07
48550.00000000001 5.98479e-07
48560.0 6.05481e-07
48570.0 6.07715e-07
48580.0 6.09754e-07
48590.0 6.11915e-07
48600.0 6.23767e-07
48610.0 6.35687e-07
48620.0 6.47528e-07
48630.00000000001 6.63762e-07
48640.0 6.79989e-07
48650.0 6.8505e-07
48660.0 6.90032e-07
48670.0 6.94868e-07
48680.0 6.97356e-07
48690.0 6.99924e-07
48700.0 7.02409e-07
48710.00000000001 7.02792e-07
48720.0 7.03174e-07
48730.0 7.08513e-07
48740.0 7.13931e-07
48750.0 7.19264e-07
48760.0 7.30352e-07
48770.0 7.41653e-07
48780.0 7.58571e-07
48789.99999999999 7.75488e-07
48800.0 7.92391e-07
48810.0 8.0745e-07
48820.0 8.22411e-07
48830.0 8.37365e-07
48840.0 8.5223e-07
48850.0 8.6709e-07
48860.0 8.71763e-07
48869.99999999999 8.76254e-07
48880.0 8.80921e-07
48890.0 8.82194e-07
48900.0 8.83467e-07
48910.0 8.84735e-07
48920.0 8.66006e-07
48930.0 8.47194e-07
48940.0 8.32982e-07
48949.99999999999 8.18774e-07
48960.0 8.04573e-07
48970.0 7.89063e-07
48980.0 7.73558e-07
48990.0 7.58053e-07
49000.0 7.48869e-07
49010.0 7.39667e-07
49020.0 7.46814e-07
49029.99999999999 7.53958e-07
49040.0 7.61097e-07
49050.0 7.68638e-07
49060.0 7.76011e-07
49070.0 7.83447e-07
49080.0 7.9531e-07
49090.0 8.07167e-07
49100.0 8.08711e-07
49109.99999999999 8.1027e-07
49120.0 8.11837e-07
49130.0 8.119e-07
49140.0 8.11964e-07
49150.0 8.12026e-07
49160.00000000001 8.05189e-07
49170.0 7.98354e-07
49180.0 7.98232e-07
49189.99999999999 7.98015e-07
49200.0 7.98054e-07
49210.0 8.05004e-07
49220.0 8.1195e-07
49230.0 8.18893e-07
49240.00000000001 8.23349e-07
49250.0 8.27802e-07
49260.0 8.28153e-07
49269.99999999999 8.286e-07
49280.0 8.29047e-07
49290.0 8.2283e-07
49300.0 8.16615e-07
49310.0 8.10298e-07
49320.00000000001 8.03273e-07
49330.0 7.9625e-07
49340.0 8.14194e-07
49349.99999999999 8.32129e-07
49360.0 8.49955e-07
49370.0 8.64303e-07
49380.0 8.7865e-07
49390.0 8.92982e-07
49400.00000000001 9.00397e-07
49410.0 9.07919e-07
49420.0 8.96225e-07
49429.99999999999 8.84536e-07
49440.0 8.72749e-07
49450.0 8.37328e-07
49460.0 8.01941e-07
49470.0 7.86609e-07
49480.00000000001 7.7138e-07
49490.0 7.56156e-07
49500.0 7.43506e-07
49509.99999999999 7.30946e-07
49520.0 7.18397e-07
49530.0 7.34141e-07
49540.0 7.49817e-07
49550.0 7.60228e-07
49560.00000000001 7.70542e-07
49570.0 7.80941e-07
49580.0 7.89457e-07
49589.99999999999 7.97875e-07
49600.0 8.06374e-07
49610.0 8.11075e-07
49620.0 8.15869e-07
49630.0 8.11387e-07
49640.00000000001 8.06811e-07
49650.0 8.02333e-07
49660.0 7.99956e-07
49670.0 7.97665e-07
49680.0 7.95383e-07
49690.0 7.93943e-07
49700.0 7.92518e-07
49710.0 8.0049e-07
49720.00000000001 8.08543e-07
49730.0 8.16662e-07
49740.0 8.26162e-07
49750.0 8.3555e-07
49760.0 8.45038e-07
49770.0 8.35654e-07
49780.0 8.26374e-07
49790.0 8.19623e-07
49800.00000000001 8.12779e-07
49810.0 8.05937e-07
49820.0 7.9741e-07
49830.0 7.88788e-07
49840.0 7.80264e-07
49850.0 7.83677e-07
49860.0 7.8718e-07
49870.0 8.03865e-07
49880.00000000001 8.20626e-07
49890.0 8.37287e-07
49900.0 8.45301e-07
49910.0 8.53215e-07
49920.0 8.61225e-07
49930.0 8.65047e-07
49940.0 8.68688e-07
49950.0 8.67233e-07
49960.00000000001 8.65682e-07
49970.0 8.64226e-07
49980.0 8.61837e-07
49990.0 8.59441e-07
50000.0 8.57156e-07
50010.0 8.62162e-07
50020.0 8.67268e-07
50030.0 8.70841e-07
50039.99999999999 8.74418e-07
50050.0 8.78089e-07
50060.0 8.83324e-07
50070.0 8.88546e-07
50080.0 8.93772e-07
50090.0 9.03889e-07
50100.0 9.1389e-07
50110.0 9.22813e-07
50119.99999999999 9.3184e-07
50130.0 9.40749e-07
50140.0 9.38812e-07
50150.0 9.36875e-07
50160.0 9.268e-07
50170.0 9.16423e-07
50180.0 9.06061e-07
50190.0 8.96717e-07
50199.99999999999 8.8728e-07
50210.0 8.77841e-07
50220.0 8.64654e-07
50230.0 8.51579e-07
50240.0 8.51075e-07
50250.0 8.50572e-07
50260.0 8.50068e-07
50270.0 8.51061e-07
50279.99999999999 8.52163e-07
50290.0 8.53154e-07
50300.0 8.66639e-07
50310.0 8.80113e-07
50320.0 8.87263e-07
50330.0 8.94511e-07
50340.0 9.0174e-07
50350.0 9.00823e-07
50359.99999999999 8.99906e-07
50370.0 8.98989e-07
50380.0 8.89292e-07
50390.0 8.79494e-07
50400.0 8.62985e-07
50410.00000000001 8.4649e-07
50420.0 8.30007e-07
50430.0 8.24721e-07
50439.99999999999 8.1944e-07
50450.0 8.14258e-07
50460.0 8.21964e-07
50470.0 8.29663e-07
50480.0 8.41572e-07
50490.00000000001 8.5347e-07
50500.0 8.65365e-07
50510.0 8.81577e-07
50519.99999999999 8.97766e-07
50530.0 9.14059e-07
50540.0 9.25415e-07
50550.0 9.3676e-07
50560.0 9.41987e-07
50570.00000000001 9.47202e-07
50580.0 9.5241e-07
50590.0 9.591e-07
50599.99999999999 9.65776e-07
50610.0 9.72649e-07
50620.0 9.84356e-07
50630.0 9.96053e-07
50640.0 1.01259e-06
50650.00000000001 1.02912e-06
50660.0 1.04563e-06
50670.0 1.05759e-06
50679.99999999999 1.06942e-06
50690.0 1.08123e-06
50700.0 1.07004e-06
50710.0 1.05885e-06
50720.0 1.04263e-06
50730.00000000001 1.02643e-06
50740.0 1.01024e-06
50750.0 9.79681e-07
50759.99999999999 9.49133e-07
50770.0 9.18628e-07
50780.0 8.89868e-07
50790.0 8.61132e-07
50800.0 8.52066e-07
50810.00000000001 8.42999e-07
50820.0 8.33948e-07
50830.0 8.38045e-07
50839.99999999999 8.42139e-07
50850.0 8.52691e-07
50860.0 8.6324e-07
50870.0 8.73771e-07
50880.0 8.77936e-07
50890.00000000001 8.82193e-07
50900.0 8.86455e-07
50910.0 8.8926e-07
50920.0 8.92061e-07
50930.0 8.84731e-07
50940.0 8.77414e-07
50950.0 8.70094e-07
50960.0 8.61251e-07
50970.00000000001 8.52415e-07
50980.0 8.43586e-07
50990.0 8.28404e-07
51000.0 8.1307e-07
51010.0 8.03369e-07
51020.0 7.93675e-07
51030.0 7.83895e-07
51040.0 7.78521e-07
51050.00000000001 7.73159e-07
51060.0 7.67793e-07
51070.0 7.64059e-07
51080.0 7.60327e-07
51090.0 7.7148e-07
51100.0 7.82622e-07
51110.0 7.93647e-07
51120.0 8.01699e-07
51130.00000000001 8.09734e-07
51140.0 8.17768e-07
51150.0 8.15661e-07
51160.0 8.13456e-07
51170.0 8.11201e-07
51180.0 8.08949e-07
51190.0 8.06698e-07
51200.0 8.03203e-07
51210.00000000001 7.99622e-07
51220.0 7.96134e-07
51230.0 8.01029e-07
51240.0 8.05919e-07
51250.0 8.17171e-07
51260.0 8.28301e-07
51270.0 8.39528e-07
51280.0 8.47872e-07
51289.99999999999 8.56206e-07
51300.0 8.64427e-07
51310.0 8.73285e-07
51320.0 8.82133e-07
51330.0 8.95843e-07
51340.0 9.09646e-07
51350.0 9.23444e-07
51360.0 9.4274e-07
51369.99999999999 9.61898e-07
51380.0 9.81153e-07
51390.0 1.0043e-06
51400.0 1.0273e-06
51410.0 1.04112e-06
51420.0 1.05495e-06
51430.0 1.06862e-06
51440.0 1.0696e-06
51449.99999999999 1.07058e-06
51460.0 1.07143e-06
51470.0 1.0681e-06
51480.0 1.06467e-06
51490.0 1.05055e-06
51500.0 1.03658e-06
51510.0 1.0225e-06
51520.0 1.00027e-06
51529.99999999999 9.78058e-07
51540.0 9.53501e-07
51550.0 9.2908e-07
51560.0 9.0469e-07
51570.0 8.81502e-07
51580.0 8.58455e-07
51590.0 8.35319e-07
51600.0 8.10214e-07
51609.99999999999 7.85133e-07
51620.0 7.70571e-07
51630.0 7.56133e-07
51640.0 7.41611e-07
51650.0 7.44301e-07
51660.00000000001 7.46901e-07
51670.0 7.49583e-07
51680.0 7.58082e-07
51689.99999999999 7.66475e-07
51700.0 7.91152e-07
51710.0 8.15702e-07
51720.0 8.40323e-07
51730.0 8.64852e-07
51740.00000000001 8.8946e-07
51750.0 9.13868e-07
51760.0 9.38148e-07
51769.99999999999 9.62514e-07
51780.0 9.78783e-07
51790.0 9.95159e-07
51800.0 1.01138e-06
51810.0 1.02671e-06
51820.00000000001 1.04189e-06
51830.0 1.05717e-06
51840.0 1.07056e-06
51849.99999999999 1.08406e-06
51860.0 1.07576e-06
51870.0 1.0676e-06
51880.0 1.05931e-06
51890.0 1.04142e-06
51900.00000000001 1.02342e-06
51910.0 1.00557e-06
51920.0 9.53647e-07
51929.99999999999 9.01907e-07
51940.0 8.80993e-07
51950.0 8.60206e-07
51960.0 8.39171e-07
51970.0 8.36549e-07
51980.00000000001 8.33818e-07
51990.0 8.31201e-07
52000.0 8.34267e-07
52009.99999999999 8.37432e-07
52020.0 8.46066e-07
52030.0 8.54581e-07
52040.0 8.63193e-07
52050.0 8.66575e-07
52060.00000000001 8.70062e-07
52070.0 8.73544e-07
52080.0 8.69052e-07
52089.99999999999 8.64456e-07
52100.0 8.58453e-07
52110.0 8.52453e-07
52120.0 8.46461e-07
52130.0 8.37466e-07
52140.00000000001 8.28466e-07
52150.0 8.1922e-07
52160.0 8.13856e-07
52170.0 8.08497e-07
52180.0 8.09845e-07
52190.0 8.11182e-07
52200.0 8.12442e-07
52210.0 8.25079e-07
52220.00000000001 8.37597e-07
52230.0 8.52789e-07
52240.0 8.6797e-07
52250.0 8.83123e-07
52260.0 8.96949e-07
52270.0 9.10771e-07
52280.0 9.24562e-07
52290.0 9.43645e-07
52300.00000000001 9.62703e-07
52310.0 9.65249e-07
52320.0 9.67994e-07
52330.0 9.70849e-07
52340.0 9.65348e-07
52350.0 9.5986e-07
52360.0 9.5437e-07
52370.0 9.35846e-07
52380.00000000001 9.17343e-07
52390.0 9e-07
52400.0 8.8267e-07
52410.0 8.6536e-07
52420.0 8.54175e-07
52430.0 8.4301e-07
52440.0 8.31852e-07
52450.0 8.21931e-07
52460.00000000001 8.12021e-07
52470.0 8.1121e-07
52480.0 8.10556e-07
52490.0 8.09908e-07
52500.0 8.13997e-07
52510.0 8.18089e-07
52520.0 8.22062e-07
52530.0 8.37169e-07
52539.99999999999 8.52269e-07
52550.0 8.67356e-07
52560.0 8.82306e-07
52570.0 8.97352e-07
52580.0 9.06533e-07
52590.0 9.15589e-07
52600.0 9.2475e-07
52610.0 9.30977e-07
52619.99999999999 9.37503e-07
52630.0 9.32792e-07
52640.0 9.2809e-07
52650.0 9.23503e-07
52660.0 9.11571e-07
52670.0 8.99639e-07
52680.0 8.87634e-07
52690.0 8.73398e-07
52699.99999999999 8.59059e-07
52710.0 8.51291e-07
52720.0 8.4353e-07
52730.0 8.35773e-07
52740.0 8.33677e-07
52750.0 8.31757e-07
52760.0 8.29727e-07
52770.0 8.3535e-07
52779.99999999999 8.40969e-07
52790.0 8.47741e-07
52800.0 8.54513e-07
52810.0 8.61389e-07
52820.0 8.71862e-07
52830.0 8.82331e-07
52840.0 8.92781e-07
52850.0 9.0517e-07
52859.99999999999 9.17546e-07
52870.0 9.22285e-07
52880.0 9.27199e-07
52890.0 9.32107e-07
52900.0 9.36366e-07
52910.00000000001 9.40501e-07
52920.0 9.39993e-07
52930.0 9.39358e-07
52939.99999999999 9.38851e-07
52950.0 9.36642e-07
52960.0 9.34321e-07
52970.0 9.31995e-07
52980.0 9.25063e-07
52990.00000000001 9.17903e-07
53000.0 9.15906e-07
53010.0 9.13869e-07
53019.99999999999 9.11826e-07
53030.0 9.15633e-07
53040.0 9.19305e-07
53050.0 9.22723e-07
53060.0 9.23217e-07
53070.00000000001 9.23343e-07
53080.0 9.14097e-07
53090.0 9.0462e-07
53099.99999999999 8.94944e-07
53110.0 8.82359e-07
53120.0 8.69427e-07
53130.0 8.56512e-07
53140.0 8.26502e-07
53150.00000000001 7.96593e-07
53160.0 7.80884e-07
53170.0 7.6517e-07
53179.99999999999 7.49368e-07
53190.0 7.51056e-07
53200.0 7.52589e-07
53210.0 7.53857e-07
53220.0 7.5885e-07
53230.00000000001 7.6348e-07
53240.0 7.69575e-07
53250.0 7.75333e-07
53259.99999999999 7.80962e-07
53270.0 7.86618e-07
53280.0 7.9213e-07
53290.0 7.97384e-07
53300.0 8.0762e-07
53310.00000000001 8.17507e-07
53320.0 8.22231e-07
53330.0 8.26676e-07
53339.99999999999 8.30535e-07
53350.0 8.26256e-07
53360.0 8.21813e-07
53370.0 8.1733e-07
53380.0 8.13759e-07
53390.00000000001 8.10255e-07
53400.0 7.9191e-07
53410.0 7.73764e-07
53420.0 7.55697e-07
53430.0 7.3743e-07
53440.0 7.19298e-07
53450.0 7.01315e-07
53460.0 6.81646e-07
53470.00000000001 6.6224e-07
53480.0 6.47686e-07
53490.0 6.33298e-07
53500.0 6.19064e-07
53510.0 6.19979e-07
53520.0 6.20622e-07
53530.0 6.22155e-07
53540.0 6.23501e-07
53550.00000000001 6.2454e-07
53560.0 6.27376e-07
53570.0 6.29984e-07
53580.0 6.32474e-07
53590.0 6.41249e-07
53600.0 6.49737e-07
53610.0 6.45236e-07
53620.0 6.40777e-07
53630.00000000001 6.36227e-07
53640.0 6.2714e-07
53650.0 6.18083e-07
53660.0 6.08927e-07
53670.0 6.01109e-07
53680.0 5.93291e-07
53690.0 5.8636e-07
53700.0 5.79529e-07
53710.00000000001 5.72677e-07
53720.0 5.67284e-07
53730.0 5.61822e-07
53740.0 5.56302e-07
53750.0 5.54556e-07
53760.0 5.52778e-07
53770.0 5.46166e-07
53780.0 5.39824e-07
53789.99999999999 5.33451e-07
53800.0 5.22182e-07
53810.0 5.10887e-07
53820.0 4.9997e-07
53830.0 4.84962e-07
53840.0 4.70437e-07
53850.0 4.53848e-07
53860.0 4.37667e-07
53869.99999999999 4.21796e-07
53880.0 4.08152e-07
53890.0 3.94954e-07
53900.0 3.82076e-07
53910.0 3.78145e-07
53920.0 3.74304e-07
53930.0 3.70243e-07
53940.0 3.66393e-07
53949.99999999999 3.62525e-07
53960.0 3.63935e-07
53970.0 3.65135e-07
53980.0 3.66387e-07
53990.0 3.70781e-07
54000.0 3.75085e-07
54010.0 3.70152e-07
54020.0 3.65484e-07
54029.99999999999 3.60702e-07
54040.0 3.55298e-07
54050.0 3.50053e-07
54060.0 3.4471e-07
54070.0 3.41162e-07
54080.0 3.37638e-07
54090.0 3.34462e-07
54100.0 3.31141e-07
54109.99999999999 3.27927e-07
54120.0 3.24534e-07
54130.0 3.21245e-07
54140.0 3.17815e-07
54150.0 3.14661e-07
54160.00000000001 3.11483e-07
54170.0 3.05951e-07
54180.0 3.00521e-07
54189.99999999999 2.95124e-07
54200.0 2.86654e-07
54210.0 2.78186e-07
54220.0 2.71861e-07
54230.0 2.65727e-07
54240.00000000001 2.59655e-07
54250.0 2.54456e-07
54260.0 2.49246e-07
54269.99999999999 2.44132e-07
54280.0 2.39139e-07
54290.0 2.34186e-07
54300.0 2.31373e-07
54310.0 2.28428e-07
54320.00000000001 2.25572e-07
54330.0 2.22728e-07
54340.0 2.1986e-07
54349.99999999999 2.1697e-07
54360.0 2.14731e-07
54370.0 2.12606e-07
54380.0 2.09976e-07
54390.0 2.0721e-07
54400.00000000001 2.04535e-07
54410.0 2.02784e-07
54420.0 2.00855e-07
54429.99999999999 1.98986e-07
54440.0 1.98012e-07
54450.0 1.96908e-07
54460.0 1.94965e-07
54470.0 1.92959e-07
54480.00000000001 1.9102e-07
54490.0 1.89061e-07
54500.0 1.87036e-07
54509.99999999999 1.85085e-07
54520.0 1.81874e-07
54530.0 1.7865e-07
54540.0 1.74536e-07
54550.0 1.7054e-07
54560.00000000001 1.66602e-07
54570.0 1.62193e-07
54580.0 1.5783e-07
54589.99999999999 1.53634e-07
54600.0 1.48254e-07
54610.0 1.43092e-07
54620.0 1.38989e-07
54630.0 1.34932e-07
54640.00000000001 1.30896e-07
54650.0 1.27616e-07
54660.0 1.24357e-07
54670.0 1.21239e-07
54680.0 1.18197e-07
54690.0 1.15185e-07
54700.0 1.13567e-07
54710.0 1.12025e-07
54720.00000000001 1.10558e-07
54730.0 1.09071e-07
54740.0 1.07516e-07
54750.0 1.0594e-07
54760.0 1.03446e-07
54770.0 1.01082e-07
54780.0 9.87007e-08
54790.0 9.63237e-08
54800.00000000001 9.40771e-08
54810.0 9.1082e-08
54820.0 8.81251e-08
54830.0 8.54361e-08
54840.0 8.2015e-08
54850.0 7.8781e-08
54860.0 7.63514e-08
54870.0 7.39562e-08
54880.00000000001 7.15927e-08
54890.0 6.91736e-08
54900.0 6.67928e-08
54910.0 6.51524e-08
54920.0 6.36216e-08
54930.0 6.21164e-08
54940.0 6.1143e-08
54950.0 6.01641e-08
54960.00000000001 5.92924e-08
54970.0 5.85707e-08
54980.0 5.78442e-08
54990.0 0.0
55000.0 0.0
