36969.69215000001 0.0
36983.204470000004 0.0
36996.71679 0.00024411718154484987
37010.22911 0.0002560410998168588
37023.74142 0.0002710178184479571
37037.253730000004 0.00028337862918898415
37050.766050000006 0.000299021042616176
37064.278360000004 0.00031731186640908307
37077.79068 0.00033377609508891643
37091.30299 0.000351913882447213
37104.81531 0.0003677816078191885
37118.32762 0.0003841006622815811
37131.83993 0.0004069882672860449
37145.35225 0.0004279338921195653
37158.86456 0.00044847600908376115
37172.37688 0.00047342315373942033
37185.889189999994 0.0004949658570368417
37199.401509999996 0.0005183783799066815
37212.91382 0.0005490001070073845
37226.426139999996 0.0005804267516647541
37239.93845 0.0006146919162308448
37253.45076 0.00065012757188047
37266.96308 0.0006853361966826644
37280.47539 0.0007295676434261832
37293.98771 0.0007750619948841287
37307.50002 0.0008152636105325298
37321.01234 0.0008611784966800437
37334.52465 0.0009097041373698796
37348.03696 0.0009597084809202592
37361.54928 0.0010191761313863062
37375.06159 0.001079129054195556
37388.57391 0.0011391556520887627
37402.08622 0.001208319307241384
37415.59854 0.001279163999995797
37429.110850000005 0.0013530408155264819
37442.62317 0.0014349408236519843
37456.13548 0.001516163193262437
37469.647789999995 0.0016012744505741981
37483.16011 0.001695777601298285
37496.67242 0.0017947111380192723
37510.18474 0.0019048839138813536
37523.69705 0.002023758330502232
37537.209370000004 0.002142201792168807
37550.72168 0.0022697630504920274
37564.234000000004 0.0024068084294472467
37577.74631 0.0025473966888756843
37591.25862 0.002701702842656482
37604.770939999995 0.00286793207126986
37618.28325 0.003039317172167459
37631.79557 0.003223654906906735
37645.30788 0.0034185090631292546
37658.8202 0.0036226582106519706
37672.33251 0.003846371427485135
37685.84482 0.004083018668402719
37699.35714 0.004328077766694468
37712.86945 0.0045927093839175735
37726.38177 0.004873712690611936
37739.89408 0.0051694510443615815
37753.4064 0.005490914377701347
37766.91871 0.005832301253029738
37780.43103 0.006189598249316653
37793.94334 0.006572767272516277
37807.45565 0.006980315578411691
37820.967970000005 0.007412047335838202
37834.480279999996 0.007878464262947322
37847.9926 0.00837531796605756
37861.504909999996 0.008901835833439672
37875.01723 0.009467824076164406
37888.529539999996 0.010065056139481256
37902.04185 0.010696288859939297
37915.55417 0.011379595440732837
37929.06648 0.012106588998376352
37942.5788 0.012879513227648902
37956.09111 0.013717109503452216
37969.60343 0.014605539548869246
37983.11574 0.015547516585087344
37996.628059999995 0.016566176939282362
38010.14037 0.0176478851459726
38023.65268 0.018800769697892582
38037.165 0.02004923455374718
38050.67731000001 0.021374535673993115
38064.18963 0.022789504490778392
38077.70194 0.0243135476244511
38091.21426 0.02593101575877041
38104.72657 0.02765760814417978
38118.23889 0.029513290057713634
38131.7512 0.03149046761079981
38145.26351 0.033605100708737144
38158.77583 0.03587166214438657
38172.28814 0.03828344014890338
38185.80046 0.04085713888863603
38199.312770000004 0.04361048688703026
38212.82509 0.04654252580821844
38226.337400000004 0.04967010846710407
38239.849709999995 0.05301262570963855
38253.36203 0.056564827071552096
38266.87434 0.06033818452002909
38280.38666 0.06434982390699198
38293.89897 0.06860467215230666
38307.411290000004 0.07310534181942824
38320.9236 0.07787674994262916
38334.43592 0.08291895626110041
38347.94823 0.08822763164384939
38361.46054 0.09382756527869718
38374.972859999994 0.09970519920447396
38388.48517 0.10586137798403786
38401.99749 0.11231827951002754
38415.5098 0.11905944558100198
38429.02212 0.12607392129850767
38442.53443 0.13337032275872812
38456.04674 0.1409397259642507
38469.55906 0.14875902661753734
38483.07137 0.1568237820983462
38496.58369 0.16513128379542324
38510.096 0.1736290894889653
38523.60832 0.18234862995928725
38537.120630000005 0.1912569736279528
38550.63295 0.20029461497673134
38564.14526 0.20949022695748137
38577.65757 0.21881052523036487
38591.16989 0.2281830403912887
38604.6822 0.23765309000590484
38618.194520000005 0.24718204317426629
38631.706829999996 0.25668082629095246
38645.21915 0.2662240800490796
38658.731459999995 0.27577128518404814
38672.24377 0.28525148986721205
38685.75609 0.2947185336371603
38699.2684 0.3041418517737109
38712.78072 0.31345729760835606
38726.29303 0.32271775024037685
38739.80535 0.3319068886833768
38753.31766 0.3409676360770837
38766.82998 0.3499309615111591
38780.34229 0.358779611511091
38793.8546 0.3675099454405297
38807.36692 0.37608820991949476
38820.87923 0.3845339858286766
38834.39155 0.39278758660382124
38847.90386 0.40084684267917436
38861.41618 0.4087237469252234
38874.92849 0.41639532846116045
38888.44081 0.42383386462277467
38901.95312 0.43105221092776375
38915.465430000004 0.43804689748908643
38928.97775 0.4447812829506448
38942.49006 0.45125527568913526
38956.00238 0.4574783799950898
38969.51469 0.46340194945986535
38983.02701 0.46903456397987014
38996.53932 0.474392421259776
39010.051629999994 0.4793841675909635
39023.56395 0.48405995498293175
39037.07626 0.4884433463588057
39050.588579999996 0.4925107249780157
39064.10089 0.4962853517324185
39077.613209999996 0.4997904346240115
39091.12552 0.5030239973672669
39104.63784 0.5059812529351493
39118.15015 0.5086988875838423
39131.66246 0.5111781101960395
39145.17478 0.5133879537068516
39158.68709 0.5153834727422769
39172.19941 0.5171688483076191
39185.71172 0.5187126716529329
39199.22404 0.5200865235048033
39212.73635 0.5213160068853087
39226.24866 0.5223651749621172
39239.76098 0.5232918867749323
39253.273290000005 0.5241377335384135
39266.78561 0.5248487123307537
39280.29792 0.5254949525859925
39293.81024 0.5260396238206955
39307.32255 0.5264886246236868
39320.83487 0.5268866668266929
39334.34718 0.5272093579505542
39347.85949 0.5274700802129315
39361.37181 0.5277169076332594
39374.88412 0.5279046984611258
39388.396440000004 0.5280694192591623
39401.90875 0.5282558324658005
39415.421070000004 0.5284080264739721
39428.933379999995 0.5285638966560355
39442.44569 0.5287504951569639
39455.95801 0.5289046019055575
39469.47032 0.5290628749245943
39482.98264 0.5292471372533827
39496.49495 0.5293951526667395
39510.00727 0.5295785464388567
39523.51958000001 0.5297135451935825
39537.0319 0.5298529991952758
39550.54421 0.5300508162125699
39564.05652 0.5302172378618605
39577.56884 0.530391222508849
39591.08115 0.5306395363849427
39604.59347 0.530861813764004
39618.10578 0.5310885487204363
39631.6181 0.5313646658985758
39645.13041 0.531593904142034
39658.64273 0.5318136469069836
39672.15504 0.5320723248710271
39685.66735 0.5322837386855146
39699.17967 0.5324805266238214
39712.691979999996 0.5327311880249609
39726.2043 0.5329570846643287
39739.71661 0.5331841975090805
39753.22893 0.5334583388063228
39766.74124 0.5336946562531832
39780.25355 0.5339667350340702
39793.76587 0.5341839612748681
39807.278179999994 0.5343848201981093
39820.790499999996 0.5346077860816338
39834.30281 0.5347596212560402
39847.815129999995 0.5349006182082146
39861.32744 0.535074205404243
39874.83976 0.5351939657241322
39888.35207 0.5353092001615833
39901.864380000006 0.5354637109701429
39915.3767 0.535574556625309
39928.88901 0.535682414447652
39942.40133 0.535835642560226
39955.91364 0.5359387904058233
39969.42596 0.5360221998900948
39982.93827 0.5361335590565011
39996.45058 0.5361915230496541
40009.9629 0.5362378717309254
40023.47521 0.5362811959485316
40036.98753 0.5363007848854475
40050.499840000004 0.5363377469114339
40064.012160000006 0.5363613874175006
40077.52447 0.5363964291978459
40091.03679 0.5364510046232209
40104.5491 0.5364827842423951
40118.06141 0.5365159562625574
40131.573730000004 0.5365665642338099
40145.08604 0.5365798629447167
40158.598359999996 0.5365832266136867
40172.11067 0.5366028833195504
40185.62299 0.5365926093277579
40199.1353 0.536586083341611
40212.64761 0.5366127537768071
40226.159929999994 0.5366195159265041
40239.67224 0.5366314437190665
40253.18456 0.5366851791488412
40266.69687 0.5367266535025524
40280.20919 0.5367870655289815
40293.72150000001 0.5368192796811325
40307.233819999994 0.536845623609921
40320.74613 0.5368922126016555
40334.25844 0.5369057215932216
40347.77076 0.5369170018388786
40361.283070000005 0.5369514375240286
40374.79538999999 0.5369587790565722
40388.3077 0.5369802775146594
40401.82002 0.5370434916139388
40415.33233 0.5370814499388199
40428.84465 0.5371259909862585
40442.356960000005 0.537212974728333
40455.869269999996 0.5372626276662587
40469.38159 0.5373114779325712
40482.893899999995 0.5373939932243812
40496.406220000004 0.5374303967291946
40509.91853 0.537465821732712
40523.430850000004 0.537546584767832
40536.943159999995 0.5375819410118368
40550.45547 0.5376491184029004
40563.96779 0.5376830008735568
40577.4801 0.5377323620282617
40590.992419999995 0.5378417085410383
40604.50472999999 0.5379101679891438
40618.017049999995 0.5379837090540951
40631.52936 0.5381064099424213
40645.04168 0.5381654012129992
40658.55399 0.5382231092383286
40672.066300000006 0.5383328125584665
40685.57862000001 0.5383799555259742
40699.090930000006 0.5384244560524136
40712.60325 0.5385329877020774
40726.11556 0.5385766508385812
40739.62788 0.5386227774787897
40753.140190000006 0.5387448184286907
40766.6525 0.5388073794810863
40780.16482 0.5389401829196476
40793.67713 0.539007197720115
40807.18945 0.5390748817416371
40820.70176 0.5391975759231801
40834.214080000005 0.5392399948171094
40847.726389999996 0.5392755724741999
40861.23871 0.5393752322008563
40874.75102 0.5393927358441922
40888.26333 0.5394083691311422
40901.77565 0.5395029715541416
40915.28796 0.5395201164113954
40928.800279999996 0.5395452649436244
40942.31259 0.5396551635917134
40955.82491 0.5396852957043459
40969.33722 0.5397106757145707
40982.84953 0.5398185003093071
40996.36185000001 0.539835472331677
41009.87416 0.5398406191941101
41023.38648 0.5399247557486786
41036.89878999999 0.5399183854001686
41050.411109999994 0.5399855255633319
41063.92342000001 0.5399557651744546
41077.43573999999 0.5399335121134917
41090.94805 0.5400031179875254
41104.46036 0.5399870502736234
41117.97268 0.5399720816616708
41131.484990000004 0.5400535499355958
41144.99731 0.540043044597098
41158.509620000004 0.5400258359968979
41172.021940000006 0.5400926355524309
41185.53425 0.5400640079719045
41199.04657 0.5400274331307222
41212.55888 0.5400794382262537
41226.07119 0.5400412152201286
41239.583510000004 0.540005648258675
41253.09582 0.5400686005386531
41266.608140000004 0.5400561893307476
41280.12045 0.5401416369648937
41293.632770000004 0.5401478975385445
41307.145079999995 0.5401698801187209
41320.65739 0.5402887058672421
41334.16971 0.5403271503791705
41347.68202 0.5403684168269081
41361.19434 0.5404948668634357
41374.70664999999 0.5405354847753603
41388.218969999994 0.540577189272206
41401.73128000001 0.5407057825700927
41415.2436 0.5407535843817568
41428.75591 0.5408120651515478
41442.26821999999 0.5409680001946473
41455.78053999999 0.541073338265958
41469.292850000005 0.5411957299630575
41482.80517 0.5414067695058771
41496.31748 0.5415525771876266
41509.8298 0.5417066536336949
41523.342110000005 0.541936905443075
41536.854419999996 0.5421064812400274
41550.36674 0.5423492747499514
41563.879049999996 0.5425221774443157
41577.39136999999 0.5426929988261069
41590.90368 0.5429407238349091
41604.416000000005 0.5431384392419731
41617.928309999996 0.5433469333642293
41631.44063 0.5436224833918581
41644.95294 0.5438479025497522
41658.46525 0.5440816390280595
41671.97757 0.5443735534548452
41685.489879999994 0.5446079328809662
41699.0022 0.5448348829734673
41712.51451 0.5450959869503045
41726.02683 0.5452921139003593
41739.53914 0.5454765799348293
41753.051459999995 0.5456855872694806
41766.56377000001 0.5458391934362465
41780.07608 0.5460195072580519
41793.5884 0.5461578817782476
41807.10071 0.5462784439881401
41820.61303 0.5464203298224848
41834.125340000006 0.5465206629116783
41847.63765999999 0.5466099956412208
41861.14997 0.5467065780829516
41874.66228 0.546746895647582
41888.1746 0.5467585810507568
41901.686910000004 0.5467596550224496
41915.19923 0.5467006500024565
41928.711540000004 0.5466199158551728
41942.223860000006 0.5465287960579077
41955.73617 0.5463944328482406
41969.248490000005 0.5462448781972572
41982.7608 0.5460995799822761
41996.27311 0.5459242810718224
42009.785429999996 0.5457222880345187
42023.29774 0.5455204183862656
42036.81006 0.5452931834404404
42050.32237 0.5450551336529517
42063.83469 0.5447882622961824
42077.346999999994 0.5445117954604963
42090.85931 0.5442173913326722
42104.37163 0.5439009522047689
42117.88394 0.5435789709113845
42131.39626 0.5432576591211123
42144.90856999999 0.5429267163298984
42158.420889999994 0.5425936327055847
42171.93320000001 0.5422630001201489
42185.44552 0.5419397695694173
42198.95783 0.5416078650322205
42212.47013999999 0.5412627892275147
42225.98245999999 0.5409212190746355
42239.49477 0.54057716187375
42253.00709 0.5402108621120463
42266.5194 0.5398325970542848
42280.03171999999 0.5394267028944008
42293.544030000005 0.5389965146208909
42307.056339999996 0.5385389148384534
42320.56866 0.5380672317023705
42334.08097000001 0.537581016585915
42347.593290000004 0.5370561157532678
42361.1056 0.5364881262172378
42374.617920000004 0.5358993511309438
42388.130229999995 0.5352642075487518
42401.64255 0.5345670582454334
42415.15486 0.5338139076818289
42428.66717 0.5330019985079323
42442.17949 0.5320856115307069
42455.6918 0.5310351775992544
42469.20412000001 0.5298669511916765
42482.71643 0.5285667765245285
42496.22875 0.5271278853250717
42509.74105999999 0.5254686253629199
42523.253379999995 0.5236509244247947
42536.76569000001 0.5216589026818883
42550.278 0.5194701769662444
42563.79032 0.5170367438251358
42577.30263 0.5143668141481782
42590.81495 0.51145894258612
42604.327260000005 0.5083024886398412
42617.83958 0.5048740853309117
42631.35189 0.5010737760515961
42644.864199999996 0.49696107852298155
42658.37652 0.492540159699842
42671.88883 0.48782025634341436
42685.40115 0.4826782488324872
42698.91346 0.4771740065555831
42712.425780000005 0.47136390618088597
42725.938089999996 0.4652450196803637
42739.450410000005 0.4587464535749149
42752.962719999996 0.45184891379835107
42766.47503 0.4446566508207086
42779.987349999996 0.4371864365396029
42793.49966 0.4294103018588776
42807.01198 0.4211844760729233
42820.52429 0.4127321571011654
42834.03661 0.4040527737235702
42847.548919999994 0.3951686409799357
42861.06123 0.3859098051724358
42874.57355 0.3764968868693777
42888.08586 0.3669628665016527
42901.59818 0.35733760881468735
42915.11048999999 0.34748767171366957
42928.62280999999 0.33758220942957784
42942.135120000006 0.3276795421006674
42955.64744 0.3177683584965295
42969.15975 0.30779337989729966
42982.672060000004 0.2978579325101498
42996.184380000006 0.287989864171198
43009.69669 0.2782098791364023
43023.20901 0.268499146047536
43036.72132 0.258891253281086
43050.23363999999 0.2494582405507035
43063.745950000004 0.24018429157157073
43077.258259999995 0.23106666827776373
43090.77058 0.22214806083864042
43104.28289000001 0.21343227524769687
43117.795210000004 0.2049337010870751
43131.30752 0.1966553593976352
43144.819840000004 0.18858904344924476
43158.332149999995 0.1807534040723352
43171.84447 0.1731573409952739
43185.35678 0.1657738570333791
43198.86909 0.15861933900770697
43212.38141 0.1517070836588671
43225.89372000001 0.1450147556815375
43239.40604000001 0.1385473351799184
43252.91835 0.13231473129072158
43266.43067 0.12629539979833987
43279.94297999999 0.12049572363550792
43293.455299999994 0.11491914471785657
43306.96761000001 0.10954722446709934
43320.47992 0.10438268805055838
43333.99224 0.09941273370025303
43347.50455 0.09464312163838617
43361.01687 0.09007095532612858
43374.529180000005 0.08567402506711191
43388.0415 0.08145540667789805
43401.55381 0.07742051409538887
43415.066119999996 0.07354943572634864
43428.57844 0.0698375520225649
43442.09075 0.06628666529740741
43455.60307 0.06289632276509305
43469.11538 0.05966051421699825
43482.6277 0.05657093300944735
43496.14001 0.053615602509239094
43509.652330000004 0.05080432383002578
43523.16464 0.04812529516888836
43536.67695 0.045568916024004064
43550.189269999995 0.043132192489868895
43563.70158 0.04082116044768519
43577.2139 0.03861919350256428
43590.72621 0.03652262357234068
43604.23853 0.034525197111417424
43617.75083999999 0.03264172065894225
43631.263150000006 0.0308508983192411
43644.77547000001 0.029147824089774427
43658.28778 0.027527831696730128
43671.8001 0.02600606574124176
43685.31240999999 0.024560959190486027
43698.82472999999 0.023188537413150863
43712.33704 0.02188540936658539
43725.84936 0.02066282535452047
43739.36167 0.0195038005008644
43752.873980000004 0.018403423234254104
43766.386300000006 0.017365356710504813
43779.89861 0.01639532967691252
43793.41093 0.015476272792599027
43806.92324 0.014598918143833496
43820.43555999999 0.013769029008618195
43833.94787 0.012993492124962177
43847.460179999995 0.012262476299884365
43860.972499999996 0.011564515194110909
43874.48481000001 0.01091042615570181
43887.99713 0.010298546345628896
43901.50944 0.009723570547523396
43915.02176 0.009172640500161418
43928.534069999994 0.008659944170711885
43942.046389999996 0.008179760556688885
43955.5587 0.007729126249430943
43969.07101 0.007291811662430836
43982.583329999994 0.006887357840082229
43996.09564000001 0.006510316660202556
44009.60796000001 0.006157319167431055
44023.12027 0.005816173570974907
44036.63259 0.005499036960098345
44050.14489999999 0.005205718849585026
44063.657219999994 0.004927176471231257
44077.16953000001 0.004655908340825014
44090.68184 0.004401767100219673
44104.19416 0.004170612326821355
44117.70647 0.00395376089478377
44131.21879 0.003745734913023129
44144.731100000005 0.0035484581335473034
44158.24342 0.003371075589930702
44171.755730000004 0.003198911547031053
44185.268039999995 0.0030328021796893565
44198.780360000004 0.0028728560355302394
44212.292669999995 0.0027337101565451547
44225.80499 0.0025980918459751912
44239.3173 0.002466460928184819
44252.82962 0.00233926747083619
44266.34193 0.0022264285829484086
44279.854250000004 0.0021184167952064846
44293.36656 0.0020121375276916324
44306.87887 0.00191231530446538
44320.391189999995 0.0018225988732434625
44333.9035 0.0017388142235284418
44347.41582 0.0016530703375023756
44360.92813 0.0015744966861151405
44374.44045 0.0015026286032449078
44387.95275999999 0.0014375132554350837
44401.465070000006 0.0013670227177585113
44414.97739000001 0.00130310169743486
44428.4897 0.001244824410835531
44442.00202 0.0011910617448519227
44455.51432999999 0.0011318847091744701
44469.02665 0.001076653106505377
44482.53896 0.0010299432281241664
44496.05128 0.0009905882224280859
44509.56359 0.0009493204045834775
44523.0759 0.0009071922495898718
44536.588220000005 0.0008716359806492553
44550.100529999996 0.0008358701927105903
44563.61285 0.0007990178968565511
44577.125159999996 0.0007591119379345188
44590.63747999999 0.0007277065145807996
44604.14979 0.0006973220828125919
44617.662110000005 0.0006666256226010491
44631.174419999996 0.0006353524405531594
44644.68673000001 0.0006121367769886111
44658.19905 0.0005930144716857946
44671.71136 0.0005698303420410987
44685.22368 0.0005433646863700927
44698.735989999994 0.0005187923581308905
44712.24831000001 0.0004990434766508455
44725.76062 0.00047464366239462186
44739.27293 0.000452719483980356
44752.78524999999 0.0004341453013728544
44766.297560000006 0.00042630999155734436
44779.80988000001 0.00041307396163502066
44793.32219 0.0003966473172423794
44806.83451 0.0003799677248660223
44820.34682 0.00036818146299726865
44833.85914 0.00035542683211690494
44847.371450000006 0.0003377156067729126
44860.88376 0.00032352494662706824
44874.39608 0.0003124075972959826
44887.90839 0.00030417396343430274
44901.42071 0.0002874471838024259
44914.933020000004 0.0002733953315439654
44928.44534 0.0002617068164780979
44941.957650000004 0.00025339603794489736
44955.469959999995 0.00024238462091494468
44968.982280000004 0.00023250474603290038
44982.494589999995 0.00022825551434827907
44996.00691 0.00022317783391300746
45009.51922 0.0002156471872139102
45023.031539999996 0.00020456223157905686
45036.54385 0.00020090814605850337
45050.05617 0.00019654146284508794
45063.56848 0.00019043678432909195
45077.08079000001 0.0001778402332978495
45090.593109999994 0.0001702937260974227
45104.10542 0.0001657723563720419
45117.61774 0.00015906275759565664
45131.13005 0.00015105581547788518
45144.64237 0.00014446130670566068
45158.15467999999 0.00014275340286917256
45171.666990000005 0.0001341414324131249
45185.17931 0.00012204090466525379
45198.69162 0.0001131391228698012
45212.20394 0.00011210101556163307
45225.71625 0.00011068139888099698
45239.22857 0.00010641885183853796
45252.74088 0.00010148185775196799
45266.2532 9.899661191873477e-05
45279.76551 9.938559955889817e-05
45293.27782 9.400409041984132e-05
45306.790140000005 8.960464376992606e-05
45320.302449999996 8.645267760916479e-05
45333.81477 8.842857803205182e-05
45347.32708 8.596747844401703e-05
45360.839400000004 8.096017539557945e-05
45374.35171 7.593429553342446e-05
45387.864030000004 7.44624048977638e-05
45401.376339999995 7.387058515163474e-05
45414.88865 6.996615280980263e-05
45428.40097 6.659647675479616e-05
45441.91328 6.389759657839671e-05
45455.425599999995 6.247784129570955e-05
45468.93791000001 5.925498478666071e-05
45482.45023000001 5.716094340715386e-05
45495.96254 5.760314445364521e-05
45509.47485 5.671003638173189e-05
45522.98716999999 5.3691504401658704e-05
45536.499480000006 4.926155760886188e-05
45550.01180000001 4.907701491079176e-05
45563.52411 4.9861190401264493e-05
45577.03643 4.872797006488615e-05
45590.54874 4.2626297763405493e-05
45604.06106 4.0191113876962664e-05
45617.573370000006 4.133395699579128e-05
45631.08568 4.181997777811243e-05
45644.598 4.011292097028452e-05
45658.11031 3.6347107357814387e-05
45671.62263 3.556383417068371e-05
45685.134939999996 3.449588279484017e-05
45698.64726 3.3622806922777726e-05
45712.15957 3.144209292986581e-05
45725.67188 3.053217413852703e-05
45739.1842 3.079563086284953e-05
45752.696509999994 2.9116404086910695e-05
45766.208829999996 2.726236398356922e-05
45779.72114 2.5209555930252755e-05
45793.233459999996 2.552035047017531e-05
45806.74577 2.453907137339808e-05
45820.25809 2.235141412192566e-05
45833.7704 1.8478116618671956e-05
45847.28271000001 1.6833718871844592e-05
45860.795029999994 1.6789640104316094e-05
45874.30734 1.531500209554782e-05
45887.81966 1.480522445767053e-05
45901.33197 1.520339401933017e-05
45914.84429 1.656902549966769e-05
45928.35659999999 1.635198597837855e-05
45941.868910000005 1.5462201810536952e-05
45955.38123 1.4003010721405148e-05
45968.89354 1.3878509508524435e-05
45982.40586 1.4282067822614342e-05
45995.918170000004 1.283889157508591e-05
46009.430490000006 1.2045337242872746e-05
46022.94281000001 0.0
46036.45513 0.0
